1000 2000 1780367 214
136 1128386
364 1468248
144 341259
168 1225410
351 1715916
567 1378962
219 1002652
158 604363
123 1320718
215 742617
102 1745334
401 507871
315 1586034
589 962155
406 752764
396 139952
705 689856
122 194902
684 1564867
316 482686
735 1264195
580 1211832
663 324797
618 264212
164 809294
621 69541
546 456402
312 499132
535 1320137
693 748059
371 1779955
309 32269
288 1774116
586 1197570
679 61829
681 48170
641 1768403
265 1526180
692 76768
769 111065
497 1099821
511 1178951
186 301317
94 855954
505 1105939
683 1040097
170 819709
322 1265605
163 947637
159 1611220
182 1239378
58 430480
142 1471945
255 529184
598 845526
12 129847
111 81388
653 1120117
746 195703
454 992249
87 483738
304 1690390
216 347269
775 1597442
323 808021
592 1214465
196 445948
227 62159
338 94869
654 1763460
588 61701
126 1018918
353 95061
319 1145526
706 56349
506 1210000
354 655353
138 65055
669 386571
582 155583
181 636500
192 727566
128 258343
632 935693
109 1131084
725 1310287
517 766489
22 915096
740 1699575
82 1097713
622 656397
358 1319890
542 519506
645 1138803
201 124977
461 316042
269 919547
329 1031274
696 192767
23 698940
333 1169632
424 741147
708 1642889
282 1099856
573 1759244
283 1485902
440 293446
407 1508866
502 1580273
9 289029
367 117933
281 1466157
667 486134
5 128328
636 1193314
263 1058545
780 1160358
525 999149
64 1165161
256 154115
310 86514
699 199229
376 345528
652 348529
778 1656961
165 742105
321 1413868
575 1005386
670 126315
83 685057
642 1193914
623 1523454
34 186838
57 1216809
63 1335651
456 758235
277 491712
629 1481665
379 716124
172 1755603
47 1363779
380 1584532
691 398060
387 1083116
723 1328545
659 136331
509 612907
772 455588
529 1234196
741 1297600
677 893389
357 1635566
465 1324346
298 1061443
552 133403
595 210748
532 713660
10 1244797
226 1673924
441 521142
608 1561681
154 1368291
649 931791
62 1257232
445 521943
601 111157
223 1120682
18 293577
252 1517290
197 1103786
419 1429372
712 981675
375 613599
237 1545389
627 850712
368 539450
675 1382908
224 857146
515 1719371
251 1625645
125 1524248
408 165188
337 444885
49 1583487
423 416718
115 1320092
306 649593
114 671405
466 1028110
268 1523884
536 1539783
486 1204757
372 348887
785 74095
127 50844
313 908942
544 1402484
88 1378259
555 1379544
191 1435216
372 167550
371 1192165
375 225001
372 37154
371 1163928
375 621125
371 1165039
372 4509
371 1768971
372 -354654
371 4284582
372 71312
372 63341
372 24105
371 2106933
372 139373
372 292091
372 776988
375 1137350
375 360418
372 707641
375 2228475
372 2173671
371 5177449
372 1362535
375 2688526
379 22867
371 13522102
375 4220484
376 322454
375 3136055
375 8202018
371 28125230
371 44626825
376 504822
376 635508
379 671893
376 1371767
379 866092
378 8392
375 7952594
372 2057646
376 139176
379 2084032
378 -3124
378 721
379 906749
378 2794
372 5297485
376 2281086
380 1292221
376 3476825
378 5143
375 27056172
378 8453
378 13941
379 -3751302
376 2499807
376 1810835
376 3156824
378 1617
372 543382
374 40857
379 1085756
374 520
374 521
374 36262
376 6095126
376 2826214
378 23324
376 665898
378 26976
371 82381062
375 41595963
371 85861137
376 -13743982
378 -60556
374 -75978
376 -11019148
375 5317293
375 -3629213
374 641
378 21800
372 1155111
372 1602
376 -162361
376 -212268
376 126867
376 93571
375 156951
376 -8368
375 -14905
376 4661
375 6631
375 -5118
371 3012
376 685
374 62
375 -909
374 2474
372 -3954
376 3860
374 -488
375 2986
371 -350
375 183
376 706
378 530
374 239
375 -877
378 180
374 1994
375 -2554
376 1614
374 2124
378 -2205
376 1706
372 -1583
375 1130
375 -20
376 -1283
379 -1087
372 -385
375 -100
374 374
379 -284
374 -150
376 -329
376 -290
375 -1107
376 435
372 2234
376 -244
376 -3528
375 -1842
372 897
375 -1302
378 1444
378 2689
376 1469
375 608
374 115
371 1301
379 -2718
375 -1495
375 1254
372 -369
376 -1949
376 -1649
375 -337
375 -80
374 -825
374 1468
378 -160
374 -397
375 -1075
374 239
372 590
372 -954
372 207
375 775
373 91784
374 -6503
375 -32039
371 -39461
373 -12391
379 -3079
374 -2044
376 856
373 530
375 349
374 -269
375 -157
373 164
377 96563
371 -882
373 1974
378 -2943
373 -2729
373 898
378 1737
373 2323
378 -2336
376 -2483
374 -477
378 -370
378 -1414
376 -1040
372 -661
373 -624
376 760
377 39
374 9
377 865
372 331
376 -1087
375 -304
377 628
378 111
373 95
374 -91
375 1021
376 -1114
374 -436
377 -1981
374 -31
378 -1494
375 -1736
371 871
378 914
373 1346
378 -898
374 -201
375 -985
375 662
373 -494
375 515
371 -1012
374 6
377 -646
377 245
376 621
376 771
373 827
372 -1243
373 2926
376 -199
375 -1821
376 -49
375 -459
376 150
376 1450
376 950
372 1535
375 -2399
374 5
373 306
376 1427
378 2406
375 1166
372 -56
372 -333
372 52
374 8
375 766
378 -1964
378 -1107
375 -933
376 45
375 -230
376 793
377 1662
375 915
372 -1238
376 1243
378 1557
377 1774
375 1080
376 306
375 -946
376 20
379 996
373 627
375 325
373 -639
373 8
374 9
373 274
376 141
375 879
371 -468
378 -1540
372 -651
376 1145
377 574
374 8
375 985
372 -10
373 -1903
374 19
375 605
373 157
376 1281
371 1370
378 -568
376 -349
372 -580
374 -18
374 -43
379 -1309
376 -1640
376 -1112
376 -1292
374 -3
374 51566
374 -30341
376 -1278
373 -38894
375 16660
376 2203
376 1735
376 2149
376 2366
376 1939
376 402
372 787
373 -1190
374 1429
375 -64
372 -269
378 -844
375 -274
376 123
374 246
376 88
372 1045
376 -2804
375 -291
375 -598
373 -1092
372 1985
375 -296
379 -186
373 -2028
378 2760
377 583
375 3558
377 -5144
374 -1305
374 -2702
376 2859
379 1862
372 749
373 1588
375 -1517
373 2203
377 -3073
375 -236
372 -2536
374 3996
378 -3866
373 -3850
378 1232
374 807
377 33
373 1997
373 -231
378 -2547
375 -3194
376 -2505
377 3417
378 3890
377 157
371 4379
375 -290
375 -4568
376 1300
374 770
377 1757
371 235
371 2591
373 -2279
376 2853
376 188
374 2141
375 -2883
377 574
375 848
373 518
379 1757
375 1652
375 -216
374 2526
375 -2435
371 -1218
378 1180
375 542
375 -858
372 545
379 -127
373 -432
374 1430
373 -378
376 -133
375 -1831
377 1058
373 3352
373 -2426
375 1441
374 -1132
375 -305
373 443
375 -102
378 -958
374 -665
373 1900
374 -1801
377 354
377 1102
374 1564
376 -37
375 -605
376 -402
378 -80
377 -1707
371 -680
375 365
371 -768
374 1708
374 -839
375 -483
375 813
374 -964
372 106
372 149
373 -1176
376 1095
376 3047
378 927
378 1066
376 2477
372 2813
378 -2574
373 -1444
375 -118
373 1066
374 -1845
371 2414
376 -545
375 -381
376 -3077
375 -210
375 -844
376 -1125
374 -293
374 1061
371 -1840
373 388
374 1720
376 -2798
375 -1496
377 1520
378 826
375 16
371 1061
375 -933
375 623
377 -1811
378 -510
376 -1354
377 -1892
375 -1565
373 2691
378 -1034
375 -221
372 -1067
376 -888
371 -530
376 792
376 1095
377 1166
375 614
372 -1536
377 2152
376 3173
376 2173
376 2216
372 1801
375 -471
378 -580
376 -629
373 -980
375 1288
378 -1782
377 -1817
378 -1547
373 -298
372 -204
376 864
373 239
379 -585
371 -721
375 1968
371 -3172
375 891
378 1218
379 462
374 540
373 712
374 -1390
377 2653
373 616
375 483
376 -463
375 -859
375 1225
374 -356
375 -258
376 923
376 364
376 1069
378 31
375 163
374 -813
377 2251
373 1754
375 -1049
376 -1066
375 499
376 -622
376 -801
373 -1857
377 1708
374 564
376 2435
374 575
378 649
375 949
374 -705
373 795
372 -1141
376 155
374 128
374 489
376 -844
376 -1218
375 -207
379 -146
375 -438
378 673
376 278
376 1058
375 332
377 112
376 194
374 8
378 952
373 437
379 -163
375 -575
378 1224
375 137
375 -376
374 1805
375 -3175
378 2768
373 1600
374 711
375 -749
377 320
377 911
375 592
374 -324
375 765
372 -2471
374 61
373 1514
371 242
373 -680
371 1695
375 -2497
376 2147
374 1277
373 567
375 -1796
372 2923
377 -167
375 -2238
377 1539
372 1805
376 -2474
374 -395
375 -2105
375 968
371 17
374 218
374 878
379 -2330
372 -1266
377 1544
377 1574
376 803
376 1481
374 331
372 955
373 -1108
376 1103
376 412
375 175
375 1150
371 -2323
378 2827
376 1027
373 2121
375 -533
377 -1225
377 -448
378 -957
375 -1354
376 873
374 1233
376 -67
377 -210
375 -1261
375 333
375 246
372 1055
377 -1318
372 -1783
374 2092
372 -1090
374 351
376 -153
377 -1146
375 -411
375 104
376 957
379 299
372 232
374 -464
377 461
379 651
373 388
373 614
375 -1896
376 2401
375 2753
376 -3225
373 -2780
375 1402
376 -145
375 -363
372 793
373 -722
379 786
375 386
375 -646
378 1016
375 -1981
378 1641
376 2594
373 2109
375 364
376 348
373 33
375 -754
372 2312
374 -3935
372 5341
372 -5762
375 -5504
376 13971
375 15123
377 -11166
373 -3945
374 -4907
375 1267
377 -1694
374 2337
374 -626
377 361
377 -1266
374 -259
375 -30
376 -381
375 -296
375 -1699
379 2598
376 256
377 1456
375 2264
372 -2482
371 74
375 3162
375 -1759
374 720
374 -630
377 -748
376 -711
375 -25
373 -945
376 2790
375 932
375 825
377 -1935
374 -277
378 -506
377 -1899
373 -1741
374 1733
378 -747
371 -269
375 -671
376 548
374 665
374 -282
374 223
375 -779
376 1910
374 1849
373 -502
376 -733
376 -660
377 -702
374 -1689
375 1227
375 -1086
374 263
378 1008
374 1616
376 -2144
374 -1403
375 684
377 -436
375 1137
371 -957
374 -2070
377 2831
373 2878
373 -551
376 -2618
379 -2491
376 -1363
373 -642
373 -73
376 -223
375 968
375 -2548
377 980
375 2763
378 -752
374 -1919
375 60
379 1395
376 531
372 1129
373 -1693
374 388
373 608
372 732
374 -85
375 -1410
378 497
376 -1856
373 245
374 1861
377 -863
373 -1880
372 367
377 1183
377 1425
374 1406
372 -956
373 -1017
374 275
379 1151
375 812
376 -99
375 -680
377 338
376 459
377 361
377 1520
374 1205
374 -1098
373 553
376 -561
376 -1347
373 1203
375 -414
377 -75
374 -89
379 -22
376 -737
373 -1193
376 1571
378 406
377 818
378 501
375 600
376 -726
375 -379
376 792
375 170
379 -262
377 -60
376 -833
378 -445
375 -936
373 1516
375 -257
373 -1341
373 97
376 364
376 2209
373 2392
376 -3146
372 -352
378 -1715
379 -284
376 -1058
372 -2569
377 1684
376 5
376 1655
378 3621
378 2884
374 2476
376 -3067
378 3018
373 -573
374 -957
377 1034
377 1533
376 -113
379 1183
378 344
373 1579
373 -1643
374 1806
376 -1622
374 2347
373 -4005
376 1624
372 680
376 -993
372 -1173
374 1079
374 -611
374 414
373 -775
375 914
377 -1035
375 -633
375 260
375 653
378 -1716
372 -1844
375 -3640
376 6995
374 3234
375 752
377 1982
371 1108
374 -311
377 530
373 568
374 -478
373 492
375 -383
374 718
374 -435
379 -283
376 -584
379 -375
377 -1370
376 -1299
376 -103
376 -211
376 -1079
374 -382
376 578
375 432
374 -1392
371 3011
374 -1997
372 781
374 -2268
378 2293
375 569
374 2923
373 -198
375 -3121
376 299
375 405
372 800
375 501
375 -52
377 -1050
375 419
375 -2063
375 879
378 1563
371 1557
378 -1768
374 -1938
377 -1525
378 2256
378 2525
376 798
375 2445
375 -3422
377 1378
371 2992
371 -2924
376 3560
372 1865
373 -37
376 -869
376 -908
377 -892
379 -664
375 -205
375 1007
376 -823
375 -1312
375 1311
377 -152
377 -1874
375 -182
374 -1815
374 785
376 1614
374 1248
375 -1258
372 538
374 -1121
377 2436
375 2582
375 -32
375 -1479
372 -254
377 263
372 851
373 -1108
373 1627
374 -451
372 -143
374 -1437
375 1494
372 -1674
372 2564
375 -2091
373 1942
375 -112
377 -383
376 -3569
374 -1470
375 666
375 -22
374 -1756
377 1405
373 992
374 613
376 -206
374 -974
372 310
375 350
375 -683
379 556
378 2154
377 375
371 109
374 1742
378 -36
376 -262
377 -1151
377 -2880
377 -2308
377 -2143
377 -2604
373 -241
377 -691
378 -2293
377 -1639
376 -1928
376 -2377
374 -350
377 -100
376 -316
374 -54
375 -155
376 -1551
375 -1727
377 1615
378 2861
376 1540
371 -3103
375 9011
372 -5457
373 715
379 904
375 770
375 -421
372 -332
374 69
376 973
375 383
373 -1296
374 1182
375 -1159
375 738
377 989
377 1119
375 889
375 -1423
377 641
374 1194
372 -251
375 -411
372 96
376 1072
378 44
376 188
377 -401
377 966
377 1269
378 914
374 1229
374 -2989
377 1662
377 2757
376 246
376 -1621
375 2472
375 1589
375 -3386
374 2726
377 -3545
375 -1929
374 1139
375 -1672
377 -2466
376 509
378 2828
376 78
376 1741
376 1254
376 2640
373 180
373 1226
373 -1553
375 1389
372 -1267
373 2368
374 -89
377 -492
376 -2935
373 -3417
372 389
371 2908
373 -324
375 -2698
379 3995
379 3658
376 692
375 532
376 1834
373 -2888
377 3896
375 1064
376 1056
376 3123
374 2614
375 2009
374 971
377 -53
378 -5665
374 -938
377 -182
375 -2098
374 1534
374 -2287
379 2445
377 1103
376 1624
372 2459
376 -1099
377 -1766
375 -2935
374 1537
374 -1325
371 2717
372 -1669
375 477
376 957
374 621
375 -1821
374 3379
374 -4705
376 706
374 4486
379 -2710
375 -4372
375 3903
376 -2546
375 -2083
377 1122
375 1540
376 -782
376 -124
375 -2267
373 1058
378 1394
376 1327
376 1544
373 696
372 -1161
375 181
371 741
371 -341
375 798
377 -1113
377 -1079
373 -1736
375 2461
373 -1029
372 -886
376 374
373 887
373 -354
378 47
376 417
374 58
376 240
379 639
374 463
375 -1312
375 1284
373 -624
379 953
376 1246
378 353
375 43
378 677
375 -236
371 1219
374 -458
378 -561
372 -503
375 1071
376 -224
375 -1245
377 622
372 1428
373 -853
375 -283
375 847
378 -700
377 -1659
374 -2575
373 1205
374 2011
372 -3851
378 3815
372 2113
374 556
379 -39
375 -781
377 29
376 1331
374 708
372 -1408
373 3288
375 -2486
377 1288
377 149
375 401
372 -863
374 1200
374 -946
379 1103
375 508
373 770
374 -1882
377 239
376 95
379 1914
373 1381
377 -10
376 675
374 -1052
371 768
372 508
375 -1172
379 226
377 879
375 1599
375 726
378 -3967
372 -4088
374 1209
372 729
377 1586
375 497
375 183
378 -536
375 -443
378 427
377 221
375 -1614
372 4007
373 3247
378 -5264
373 -8197
371 3597
374 -1439
375 114
375 1241
377 -927
372 -1401
373 213
375 1999
373 -2955
371 647
379 523
375 2665
376 -100
376 -217
375 -2601
376 2380
376 257
375 153
373 1360
379 -642
373 -19
375 -2000
376 764
374 1962
374 -281
379 -158
377 -462
372 -222
372 -313
376 395
373 61
376 913
371 464
375 -526
376 826
374 108
376 852
377 277
377 1175
371 604
376 -499
377 -624
373 -99
372 -154
375 -171
373 -383
376 -20
377 591
373 310
374 -934
377 2276
374 2486
375 -684
375 -2630
375 4007
372 -4617
375 4366
376 -795
372 -965
376 -1551
373 -758
376 -1493
371 -1386
373 2926
375 -1258
373 -215
375 -167
374 -521
375 108
372 759
376 -1127
375 -1992
376 2029
377 2294
374 36
373 1509
374 -560
372 660
376 -347
375 -84
374 -473
375 1342
374 -2712
374 2318
376 -786
376 -1364
375 -1320
374 1383
371 -1748
378 2268
376 3113
375 2795
375 -1812
377 418
373 903
379 -1215
379 -113
379 -2260
375 -84
375 -1639
375 372
376 2008
377 1034
375 1479
373 -1970
375 1265
379 -1130
375 -657
375 772
376 -1049
374 -783
373 1489
377 -2753
376 -1619
378 -717
377 -1560
375 -1193
371 455
378 -689
375 -1209
375 1742
375 -972
379 161
376 258
379 1026
375 714
373 -706
373 735
377 -1536
375 2040
375 -1610
374 -1441
373 870
376 -1161
373 -1387
372 1391
373 -380
373 -300
374 962
374 -1809
374 194
372 1239
374 -1426
374 50
376 2680
377 2796
379 474
378 852
377 -1623
378 816
373 1472
376 -1038
377 -1792
377 -649
378 -1101
376 -1461
378 -397
378 -1886
373 -467
377 118
376 574
373 817
377 -1054
373 -2369
376 2614
375 1075
376 573
378 1812
374 1346
371 -1900
377 2229
375 3005
377 -496
375 -1006
373 -700
371 -635
377 1333
376 1609
372 437
374 -480
374 826
375 -1371
375 1941
374 -2628
375 1115
375 1461
376 -1424
376 -1147
377 -2210
378 -2700
374 -698
374 -992
375 143
377 1698
377 2201
377 998
375 309
378 1540
372 181
375 880
377 -1169
374 -1340
376 1658
378 1240
376 1956
373 668
371 -732
378 35
375 660
379 54
374 817
376 -1780
377 -2281
373 -678
377 -496
376 -295
372 -1077
373 7
375 2860
374 -1287
374 -26
372 -1013
373 1516
375 -1973
374 433
376 163
374 540
374 -225
372 484
375 15
375 -535
372 1097
375 -2507
375 1662
373 -433
376 247
372 1435
375 -1058
373 -710
376 1617
374 2108
377 -3720
378 -3290
378 -2427
373 2152
372 -1750
376 -4300
377 -1424
371 -3240
374 1561
373 -833
372 1278
378 -2234
374 -939
378 1155
377 1144
373 919
376 -795
379 -1955
373 -1138
377 449
374 1465
373 -2646
374 2821
374 -1500
376 308
372 1095
374 -2091
376 924
376 3011
375 407
373 1116
372 -151
378 492
377 468
375 996
379 -2576
379 -1762
376 -1771
374 -1425
373 277
377 826
376 1042
372 889
375 -936
373 411
371 -146
377 -534
378 -613
377 -108
376 -261
377 887
375 -354
376 1245
373 1362
372 -262
379 -1968
377 -1913
376 -1896
376 -1659
375 -1591
374 1242
374 -380
376 -768
372 183
377 -239
375 -776
376 1563
372 1877
374 -3075
374 1253
374 974
374 -1156
379 1920
373 1598
374 -757
375 -1211
375 665
374 1708
375 -426
376 -2107
375 -2568
374 1585
375 288
379 -598
375 -1219
375 -1373
375 1579
372 2339
378 -1492
374 -819
378 -437
375 -431
377 -961
379 -865
378 -1487
374 -961
377 1926
372 155
376 1089
378 97
378 1269
376 583
377 1247
376 590
373 -1239
376 2502
372 859
379 2666
377 252
377 1540
376 2315
374 2223
373 -1951
373 298
374 834
375 -1362
372 1227
378 -624
372 -1104
372 2276
373 -4014
375 3189
371 -739
375 558
375 -1200
375 2079
377 -3145
376 -2141
375 -3099
374 3318
371 -1475
375 -307
379 630
375 517
373 1462
376 -2817
376 -4384
373 -137
372 -1824
378 539
376 317
375 736
375 -1171
377 1451
373 1253
374 -1876
373 1268
372 -180
378 1151
376 136
374 673
373 1184
377 -3326
377 -61
375 -840
374 -2544
372 2809
374 -1340
375 534
377 -1141
374 -1656
375 2581
375 -3337
375 4122
373 -308
378 -3444
378 -2062
377 -3116
377 -4001
372 -1895
371 594
374 -1635
376 -3173
371 1616
374 -1665
373 218
372 639
375 219
373 190
374 -745
376 264
375 540
371 993
374 -473
377 -659
375 -534
373 5
379 1290
374 341
372 -1082
378 987
376 2639
374 2317
377 -3470
373 -932
375 -44
377 -756
375 -1379
372 2728
373 -1114
375 -681
375 -885
375 2358
375 -2357
377 2217
373 -863
375 500
376 7
376 -2107
376 2717
372 3474
376 -1828
374 -1221
378 -299
376 -196
378 -2324
378 -745
373 -1953
373 1832
375 -1718
378 174
373 1429
376 -142
372 -1913
375 2285
379 -603
374 -1031
375 125
375 -129
376 761
377 938
374 606
373 -1364
374 66
374 1125
376 1472
375 -1073
377 475
375 1831
376 -1224
375 -53
373 -437
376 -826
377 -302
373 -1460
375 2000
372 -613
376 -365
375 -1537
379 1812
376 1901
376 914
376 1286
376 2594
374 2788
373 -1275
375 -1217
371 584
376 -113
375 925
375 -2016
372 2569
378 -691
375 -274
373 -2507
376 343
372 1769
372 -780
374 94
372 281
375 90
373 -150
372 1019
373 -2738
376 754
376 2922
373 2930
375 -1550
375 805
378 1746
377 -1612
379 -621
373 -1527
371 271
374 2029
376 -2755
374 -1704
371 1442
379 -2416
373 -1648
375 2009
377 1708
374 -1010
377 -125
378 -1174
373 -718
374 1201
374 -1701
378 2487
374 2191
375 -2732
377 289
376 3828
374 154
374 1718
375 -291
372 -599
377 173
372 1883
372 -2932
378 2286
377 593
373 2687
378 -2693
375 -2713
372 2278
373 -1610
375 1522
377 -1455
374 -1203
373 775
374 -190
372 832
376 -1668
375 -2405
375 3244
377 -18
375 -1064
375 -398
372 -1255
374 992
373 146
375 -285
376 1078
375 735
374 -1572
374 1708
376 -1171
374 -539
379 -1050
374 -337
379 384
374 412
374 -1312
373 1290
373 -1081
376 2003
379 2283
378 1525
377 1155
375 1340
375 -1708
375 1761
375 -607
372 1150
373 -757
372 -989
376 1472
379 639
377 1667
377 762
376 369
372 61
373 1360
