1000 2000 1781042 195
338 92120
471 592842
553 37865
262 795863
244 1555241
9 751944
226 296386
133 920628
238 990159
594 1002006
518 621567
205 1548776
100 1736494
443 258677
145 1703424
253 1340789
473 1750817
202 527854
365 821557
758 1380261
157 346590
657 983459
252 1374330
37 541152
742 1360768
74 915572
621 1669115
745 11857
490 1017900
191 940281
457 518669
542 1005891
431 154596
295 164775
634 1065752
164 496863
230 868954
765 1463205
138 352950
68 1477732
78 306146
140 909144
741 362841
402 1132315
259 1711589
748 1669489
17 371300
203 245437
360 579829
10 1129172
432 748710
701 406418
637 109794
792 1734627
664 1713201
655 1030811
413 454263
211 805724
406 36545
222 122438
762 901553
493 1322313
206 1358225
565 610016
347 271842
294 1398631
648 1333975
270 679631
497 313802
723 479678
369 1298149
521 871342
427 648671
682 165567
647 482843
552 379180
148 579935
573 976917
418 1247705
623 1469565
642 733447
759 761344
585 112936
313 433134
18 438542
305 1678423
54 1721554
659 930159
449 407787
112 1683637
607 855456
375 51330
249 1483629
394 1443700
504 1202814
320 1322146
240 1741917
158 273613
527 1277453
46 1586913
237 1103404
616 643846
267 1596819
361 775937
619 1711469
588 584322
461 994257
783 1348261
507 610176
223 1121756
719 1217143
804 1026064
601 413672
186 1593797
663 356316
412 813034
495 1252534
747 33087
217 228265
31 158692
97 1594379
632 265679
796 1759514
769 602204
636 1540809
368 1511959
579 1303678
798 331955
213 696101
484 951888
777 582351
286 829698
94 657969
102 942605
654 176607
693 1632189
702 612242
516 691557
417 896371
724 897722
345 1618087
515 1172239
69 1407231
805 1314117
537 272416
712 1376727
181 585877
800 1197910
426 538737
20 840115
269 691261
645 1757965
510 791946
695 1428795
208 1559596
387 1641126
760 1474846
322 864708
382 376160
650 1752886
535 328690
474 80717
19 1388966
746 1084611
571 1775871
44 980257
559 896668
757 363605
120 1050331
355 1102903
93 703770
309 1084636
680 1051773
690 121878
13 501163
292 1509925
551 122946
488 1652226
707 506777
359 1551035
430 1455650
124 1663951
330 573298
708 984143
756 1281466
30 558442
467 235250
6 655696
47 878049
700 1059935
397 237049
661 658569
434 1653339
470 716132
424 404532
367 1255744
168 283606
34 338667
371 1565589
436 1492184
575 58204
571 611207
575 -37831
573 583326
573 451314
573 136532
571 2147127
575 3432
575 23301
575 34543
571 4067543
575 57254
575 97204
572 5876
575 158243
572 610
571 354922
571 3934417
573 331203
575 147681
573 399651
571 -1422794
573 926476
573 828978
571 1554928
573 2325532
576 76042
572 4141
573 140088
573 4618481
573 1787906
575 448054
576 59082
571 -6726096
572 2348
573 6405755
573 605446
572 11902
576 55404
572 3415
575 544510
572 2686
573 13605938
575 1156816
573 24897234
577 59014
576 22240
575 1472
575 177861
576 118738
572 27289
576 291357
575 2731927
573 47057695
573 7341530
576 171797
571 4242313
576 250576
575 4024963
575 7480648
571 6459677
573 97460419
572 3294
575 -1493819
576 228490
577 53721
577 70181
572 55201
576 1219338
577 138326
576 1892867
578 34601
577 133616
578 14607
576 171670
578 6822
577 117144
577 20781
576 695319
572 76618
579 582629
571 9406728
575 2964332
575 4685401
573 78140158
577 50704
577 249989
571 -3561343
573 3512386
572 38864
578 27782
577 805076
576 4424094
577 1546234
573 1214505
576 457358
575 11089269
575 -1497678
576 -5540825
576 2799221
578 -81639
576 -520767
577 -19612
576 -13210
576 1218
575 10671
576 -1709
578 -1647
576 -3223
572 -505
577 177
576 -810
575 1832
572 -3159
577 485
576 2844
579 -3226
577 -448
577 -1670
577 2036
573 -1868
576 66
571 1332
579 -149
577 -73
577 -1942
576 670
577 1363
577 -439
579 -1422
578 -384
576 -255
576 -501
572 1625
572 -3093
575 4378
577 -2010
579 -1621
576 -1455
573 242
579 2016
575 2477
576 -2594
578 115
575 2670
578 -17
577 -2447
579 1314
579 1559
579 1865
577 1487
572 -200
576 -892
576 90
579 388
576 611
577 -1385
577 128
576 1792
575 -2816
577 3267
576 -892
573 -1273
575 768
572 -273
580 78131
578 178
577 459
575 -974
575 1774
574 91244
577 -145119
577 100719
573 -71765
573 -6526
574 -23141
576 47583
575 4070
580 1240
572 2637
577 -2188
578 186
576 3740
580 -2876
578 -437
571 -4673
574 5408
577 -856
579 -1906
574 -5034
575 5184
579 -3676
575 -3384
577 2678
572 -2357
577 352
575 959
577 -1218
579 2124
580 2297
573 2272
578 -134
575 -2673
574 1274
576 -190
576 -64
573 192
574 -444
578 14
576 338
575 -729
573 1572
580 -170
578 -40
578 -6
571 -738
574 -1228
573 1119
571 -721
575 15
577 1402
575 -1619
578 1
573 1140
575 -100
573 -692
573 2046
579 -317
580 -3526
573 -177
575 710
575 -1691
579 -1310
574 -1170
574 1147
575 -826
571 1290
577 -1129
575 911
575 -913
572 823
578 -2
576 -419
571 -973
578 83278
576 372
571 430
573 613
580 -725
571 -745
578 599
574 855
573 -1912
574 1537
577 -900
574 767
573 -1039
575 2034
574 -692
574 -860
580 43
572 -1733
577 5279
579 -2832
574 -6061
576 2424
578 1800
576 -33
578 1879
574 405
572 353
579 -203
573 -901
575 1744
575 -597
576 -1188
571 1572
580 -505
575 -1940
580 2693
571 2159
573 -16
575 2065
578 -4712
573 -5396
574 2220
573 232
574 -1217
572 946
573 111
573 826
574 -2321
578 3960
579 2913
581 69398
574 306
574 2777
572 -3483
579 4466
578 2572
581 2966
574 1517
574 77
577 268
579 130
575 189
576 -559
575 1252
576 -662
573 -813
577 1952
571 -2607
572 2487
580 -2317
578 -2367
577 -2935
576 3666
581 -2598
575 -4097
577 1105
576 2394
577 -2463
572 497
576 1602
575 -989
581 547
575 227
578 -564
578 -827
575 -1195
576 2507
574 -624
573 -1606
574 56
577 327
581 1234
577 1508
581 -2141
575 -2577
575 472
578 899
572 1423
574 -108
576 -1703
571 699
578 76
578 909
572 736
574 -55
577 -510
576 1153
571 -1210
574 343
577 549
580 -1290
580 -1446
574 -620
575 752
575 -1191
578 1693
578 1850
578 983
575 634
574 275
579 -1410
574 -790
577 1272
571 -748
574 83
574 -381
575 1398
576 -1948
577 612
574 771
573 -2009
571 3891
578 -4461
574 -3071
576 1652
572 -2494
579 1580
576 1360
575 848
573 -384
576 -741
577 284
577 113
575 1026
580 -1739
578 -2432
575 -1184
573 463
576 -782
578 2030
574 1723
580 -1399
574 -2699
576 2902
572 -2511
580 274
581 1931
580 543
573 1091
581 219
575 699
579 -44
576 -1356
574 -2041
575 388
576 2615
572 -1178
574 123
576 891
575 -511
577 1608
579 -1744
576 -1812
577 1871
575 -307
578 -2713
576 -13
575 -2742
572 2042
577 -1193
573 116
576 630
581 1230
573 134
576 11
576 820
575 -1346
574 515
572 288
578 -837
579 -1000
579 -1202
580 -107
574 -429
572 1364
579 -419
579 -742
573 -528
575 -1794
573 2856
580 -820
577 -3296
574 3240
575 -2646
581 995
574 898
577 1129
572 -1543
576 -375
578 83
578 2194
578 2726
581 894
581 1867
577 1028
578 -1069
575 -990
574 342
576 1898
572 -2888
574 135
572 351
573 -1332
578 2732
578 5345
577 4171
577 -672
575 -722
575 -68
576 1354
577 -377
577 -842
577 -1548
576 -926
575 2194
577 -1166
573 356
580 1665
574 2100
577 -260
579 -1732
575 -2738
575 2925
577 -3519
574 2551
576 -1167
575 862
579 -629
579 -523
575 -199
576 869
579 -888
576 -101
571 -1285
573 966
579 -667
579 -1675
577 -771
574 1499
577 -2541
574 1488
579 -453
579 -767
577 -157
577 409
577 -373
573 54
577 -965
574 1458
580 -1757
576 -1449
574 2256
579 -2293
580 -932
574 -3104
575 3009
574 -928
575 -968
574 1001
574 -678
579 333
572 702
573 -336
581 -682
580 -948
574 -977
572 1836
580 -675
580 -2448
578 -515
577 -477
577 -781
575 1066
575 -876
580 220
576 97
575 983
575 -2259
576 2407
572 -182
579 -2574
571 -1190
576 1292
574 -1517
577 1537
577 -1759
575 1449
574 -1270
577 1692
573 -2506
573 1786
578 -1030
572 -1367
573 939
578 129
575 765
572 -2238
580 2559
576 809
577 848
580 -617
577 -849
576 1016
578 -578
576 -1469
579 1103
579 2495
577 2996
575 -2207
574 602
579 252
574 -663
573 11
573 1452
575 -358
571 -1317
576 809
575 -1026
571 1426
575 -433
573 -1175
577 511
578 2018
581 1972
574 522
577 731
576 -1346
573 1676
575 -36
576 -120
579 -1990
576 -2468
578 2800
576 261
576 267
579 -451
572 1976
574 -828
577 -285
573 189
579 157
576 101
573 -256
575 257
573 -97
579 -662
579 -509
578 -151
577 -231
580 -1414
576 1245
573 -1158
576 837
577 -315
577 -1357
577 1251
575 -1378
579 548
575 1221
579 -230
572 -611
574 1719
573 -1564
575 1002
577 -2199
572 3649
574 -5063
575 -5576
575 5884
576 5286
577 -1096
577 -3028
576 3115
574 -4016
575 5146
574 -4900
574 1637
575 646
577 -1004
574 1048
577 -1315
581 1692
579 3095
573 1279
581 -631
578 -1309
575 -690
572 1755
575 -1370
573 474
580 -820
577 -650
576 542
578 -370
580 -127
575 -498
574 1298
578 -1080
579 -2879
575 -2513
581 1106
574 781
579 1426
578 1036
575 1540
577 -67
575 -12
573 -1061
578 98
576 443
576 -170
573 742
581 -64
579 -736
572 -39
572 -1718
576 2980
573 -596
571 -1011
579 -1067
578 -1446
579 1229
575 -998
577 2348
579 -2038
573 -646
574 -1660
572 1751
578 -1418
575 -683
575 -487
577 538
573 -858
573 656
577 -422
575 -141
573 1222
578 -2854
577 -403
575 729
575 -784
577 -1682
576 1646
574 -1862
574 3651
578 -1164
577 -646
577 -3626
579 1870
573 1030
578 256
576 2008
575 -2845
580 4519
578 2927
574 4099
575 -1402
578 -2519
577 -1922
581 1343
574 664
575 589
579 -190
576 -497
575 313
572 613
574 1291
576 -3115
574 2815
579 -2428
579 -3876
575 -1773
577 1089
578 -1074
576 -375
576 -908
578 1095
579 1024
576 167
575 440
576 -159
574 -95
577 253
579 -978
581 -99
573 -738
575 436
576 597
576 -1049
577 476
581 568
580 193
576 234
577 -1080
577 1616
574 -1749
574 2648
581 -1228
576 -2333
572 661
577 870
573 -2055
573 192
573 2337
579 -1797
576 -991
576 -301
577 -611
574 2038
581 3031
574 2807
578 -8495
578 -7352
573 -1831
574 -839
578 -2849
576 -3037
575 722
578 1610
575 831
577 -121
578 269
578 41
575 639
572 -1578
576 2044
581 -908
575 -1216
575 1272
578 -3050
574 -331
574 -1311
573 148
576 128
574 113
581 297
576 1199
575 -2407
577 1782
573 -1154
578 1348
576 2307
574 -2180
577 1857
577 -2350
574 2893
572 -3693
577 452
575 721
573 1518
578 -1962
580 -767
577 -2013
579 -1513
579 2659
574 199
576 2610
574 -4043
579 4600
578 1665
576 5527
571 -2134
574 -2932
577 4238
574 -4993
574 3023
577 -579
571 735
579 -1478
578 -405
576 -1595
579 1386
578 623
581 1550
575 406
573 2235
576 -2263
576 721
579 281
576 462
577 -1480
575 17
576 1496
577 -1667
576 2958
576 -3883
578 4827
578 4824
577 3171
577 1214
575 -4749
576 3171
575 -792
575 767
574 1435
578 -4754
581 -1891
578 -3084
572 -2581
575 -1582
574 1150
579 2712
579 2124
578 960
579 2705
573 1118
579 -1127
576 -515
576 353
579 -989
578 -525
574 -803
572 1142
577 -1403
575 2415
576 -1860
573 840
574 -243
579 -1097
577 -776
574 2084
576 -2869
577 1247
578 865
574 81
575 190
576 -15
577 -696
578 2053
574 818
575 -792
581 322
578 182
578 739
571 1291
576 -1216
575 723
572 -772
578 1180
573 1188
578 -1453
578 -175
577 2152
575 -1718
577 -1673
575 1716
574 1501
579 -2572
577 -3050
576 1614
575 -2856
573 3652
575 -3874
576 1061
579 2542
578 1019
577 2405
579 -3158
575 -2022
573 734
574 -967
578 938
577 2282
575 -2982
574 2873
580 -847
578 -144
581 -2439
575 -1690
577 1372
574 -1058
576 -359
578 712
575 1330
579 -820
580 -1353
575 1991
580 -5316
579 -362
575 -1657
579 -3018
574 -713
575 -1233
573 1975
578 -2391
581 -1190
576 -740
576 -2191
575 3658
574 -1406
575 -882
581 1184
571 975
577 -1657
577 1324
578 -426
574 -1379
579 1156
573 2461
574 -3645
579 2596
580 4392
579 3222
571 5033
576 -2021
579 -1430
571 -2125
576 2251
573 1840
575 -4819
577 1944
579 -351
574 -833
575 1611
574 -2054
575 2730
576 -475
579 -2189
577 -2946
573 3974
574 -3957
576 3625
577 -4204
580 134
573 5433
579 -3141
576 -6143
577 1014
579 1389
576 2721
573 -419
576 -143
573 397
573 -968
579 23
579 -841
576 124
574 1852
578 -379
573 -1261
574 -687
573 162
574 1087
580 -2017
580 -179
581 -916
580 -1694
575 -2201
578 1451
576 3286
581 574
573 -2336
577 1601
576 -1201
575 996
581 -81
579 -919
580 -2230
577 2372
577 -4721
581 2792
577 724
572 1191
572 -663
575 231
578 240
574 101
577 -33
577 -578
577 322
575 392
577 -37
575 -935
575 896
574 -1035
577 2028
576 -1395
574 519
575 -59
575 -1224
579 2765
574 1402
576 -278
573 -960
577 2617
572 -4378
572 513
576 2263
573 732
580 -1495
579 -593
574 -1496
572 986
577 -1525
576 306
579 1127
578 2054
576 -1003
581 190
577 3178
574 -1829
577 922
581 -1670
574 -1271
577 2351
580 -1511
575 -2050
577 2167
576 -815
581 -1616
577 -584
575 -642
571 954
576 -1209
580 550
575 995
573 -258
581 588
578 788
577 852
573 -1758
574 561
572 571
577 -257
577 510
580 -1227
574 -1430
581 329
579 2134
574 914
578 589
575 305
577 -340
579 752
580 777
573 644
577 -523
576 -732
579 483
578 618
574 531
572 395
579 -111
579 -22
576 -260
576 1020
576 -1419
579 631
579 678
576 550
576 -522
572 1465
574 -1999
579 1685
575 1079
574 -610
575 733
574 -524
578 683
576 61
573 1223
579 -676
573 -1866
579 316
575 1483
578 -83
577 -1088
576 1452
579 -1595
579 -1992
575 -2799
577 4200
577 -1041
575 -856
575 -1845
573 888
576 738
574 -896
576 1027
571 -1231
579 1920
579 2382
578 16
572 1516
578 -347
580 -1566
576 -1264
573 816
580 -610
576 -902
572 478
573 710
575 -1320
573 1521
581 -2250
578 -428
577 -1498
576 250
575 149
571 298
577 318
577 -18
576 -569
577 198
578 407
574 948
574 -2408
578 2405
575 -3024
575 10081
576 -8224
574 4286
579 -2196
577 -3368
575 4039
574 -3389
573 1359
577 -1369
578 2996
574 1684
577 -535
572 498
579 -1546
577 -814
575 700
573 -1144
575 1788
580 -2825
577 -1920
578 2262
580 2621
577 240
574 1616
575 2203
579 -6033
577 -6885
575 4016
573 -1270
577 1377
574 -1230
578 1584
574 713
577 1197
576 -1428
575 165
572 1366
575 -2881
578 564
577 2956
573 -126
575 -2576
575 559
578 1437
576 762
580 160
573 267
577 -179
576 27
574 660
577 -1579
577 2619
580 -3402
578 -2779
575 -94
575 -463
574 -765
575 -429
576 1059
573 -1929
578 1428
574 32
575 462
571 789
575 -758
578 159
574 1183
574 -1857
580 3064
575 2825
576 -1235
574 -1620
577 -54
576 460
576 2134
580 -2233
579 -3002
577 -489
576 -2043
573 2899
572 -3350
574 1835
573 -316
576 563
572 -713
577 405
576 -953
576 340
578 355
574 124
573 -1071
579 3550
574 2728
573 -96
576 -3290
572 599
575 3591
574 756
577 -607
579 -3558
576 -5339
577 2934
573 -493
572 1322
576 -1374
573 1124
577 -79
577 -243
578 -1009
575 381
572 -1205
576 963
574 -443
578 961
575 826
573 -771
577 62
575 752
572 -2212
578 1926
575 77
576 2655
574 -2630
574 494
575 103
575 1405
578 -1782
579 -1756
574 -1741
576 1308
575 -1357
576 2112
578 -946
577 -360
573 -1385
577 904
577 -606
578 483
574 6
580 350
575 1859
577 -1597
576 721
576 -667
577 843
575 -1329
577 1949
575 -478
581 -73
573 -443
576 -710
574 78
575 151
580 686
578 1035
580 597
571 114
577 538
580 -665
577 -1611
580 955
573 1100
580 -336
580 -80
577 -788
574 285
577 896
577 -628
576 440
577 -38
575 -1373
575 3291
573 -4705
575 2407
578 684
575 767
573 -1845
576 601
577 883
571 -366
578 -394
578 1199
575 456
576 -32
578 -91
578 -996
576 -281
572 412
576 -596
575 577
572 -1387
577 2116
579 -2732
577 -3134
572 2510
578 -738
573 -865
571 907
574 -253
577 -160
572 -1238
575 1768
576 -2165
574 -1769
576 3164
578 322
578 988
573 133
574 -957
576 -355
577 1751
576 -5
580 -1105
578 -268
576 -1690
576 1866
578 -1323
577 -1462
575 1531
571 -1442
579 949
574 821
579 -318
577 -361
577 1223
578 1030
575 -2816
573 3821
576 -1054
578 -940
577 -2626
574 2581
575 -1773
581 2621
573 2466
575 -38
577 -2159
576 1111
578 -813
579 -824
580 -1753
575 -1720
575 157
576 2687
574 -2874
581 830
577 3590
576 -4020
578 2408
576 2600
571 -282
573 -878
577 692
574 -1236
576 75
576 1748
576 1388
574 -3509
574 2903
572 -4124
576 155
575 2964
580 -2395
573 -1321
581 2018
575 1446
576 -932
573 468
579 -924
572 -906
578 618
576 737
579 -1183
575 -1400
576 2293
574 -422
578 -2368
574 -395
573 -1523
575 1681
578 -741
577 -1877
577 3172
577 -1194
579 -281
576 -323
574 -261
578 -98
575 -173
578 1146
578 108
575 134
579 777
578 372
577 18
575 257
578 -1025
579 -680
574 -513
576 596
579 -1647
579 118
579 -810
571 -102
576 -745
579 267
577 186
577 1062
574 -1254
573 1339
579 -1942
574 -19
575 -105
573 -725
581 775
579 175
574 816
576 -1748
574 910
575 25
579 419
579 572
577 363
580 -938
573 -326
577 757
580 -1082
571 -851
572 280
577 -779
577 1628
579 -1929
571 -935
577 -876
579 310
575 840
578 -89
576 -92
573 15
575 349
581 -684
575 -1081
575 2041
578 -3242
576 -681
579 -1842
575 -1245
573 1680
579 -1753
578 -250
576 -2084
575 2441
576 -1159
580 -51
576 -362
577 1178
577 -997
575 -751
578 1376
576 1692
576 -2346
580 2877
576 2406
575 -1490
575 481
575 -615
575 2073
574 -1796
576 1521
572 -3145
578 2790
576 3047
573 -462
580 -1446
578 -1840
574 -1110
578 798
578 1725
580 56
573 1027
571 -221
573 -872
573 554
574 -611
579 1356
573 937
571 -1519
576 956
577 188
571 -507
575 1899
579 -1516
575 -3058
579 -4205
577 1639
579 -904
574 665
574 -614
576 -595
574 1309
579 -1467
573 -1510
573 1567
573 -679
577 -877
576 637
577 1002
577 -687
574 -1153
575 2263
579 -1369
579 -2143
577 -2859
579 1270
576 2336
574 -461
574 -1394
581 1727
575 3009
579 -3686
573 -157
575 -2615
573 456
575 787
577 -1236
575 2246
579 -830
574 -1341
575 -11
581 -511
577 -497
576 881
574 -1146
576 2192
571 -1220
575 -1097
577 2001
574 -2446
579 2976
573 1045
575 134
579 18
573 725
572 -1820
579 3338
573 1467
572 -306
577 66
577 -916
577 2336
575 -2842
578 2574
577 -3671
578 1342
576 1080
575 3120
577 2153
574 -49
574 -292
576 -660
576 -1406
576 1197
575 -989
574 1389
573 -1963
575 2642
580 -1797
578 -2140
578 -1558
572 -3191
577 2565
577 -983
576 307
575 764
574 -1271
574 895
574 -1250
574 311
576 2313
577 -2335
577 285
577 1305
574 -2675
576 4440
580 -4833
577 -81
573 -2629
579 739
575 468
573 -445
576 368
577 -323
578 -592
574 -811
572 1388
575 -3
579 -313
577 -1435
579 2325
573 1737
578 -733
577 -1621
577 347
576 556
573 -919
581 2025
573 451
574 972
573 -1674
572 1656
577 -699
576 173
576 -79
579 -266
573 -120
579 214
577 730
575 -1654
579 2912
575 2920
577 -3292
575 2090
575 -1790
579 232
579 637
573 1638
577 -804
577 584
575 -1028
578 1320
575 -987
576 688
578 -1637
579 2755
576 1498
576 -450
573 -94
572 451
580 -1250
574 -858
577 616
576 -280
574 1058
574 -1247
579 859
574 111
573 829
573 -2167
574 1956
576 -1743
575 2273
577 -884
573 -914
577 2419
580 -2057
576 -170
574 -3412
572 3333
578 -2449
573 3073
578 -319
581 -201
579 -1504
572 -2329
574 4824
576 -5816
571 -2294
574 3006
571 -3029
574 240
575 2841
576 -543
579 -3185
572 -36
578 -2504
576 -383
575 -1368
576 804
575 -402
572 497
579 -405
572 -743
579 154
573 1055
580 -939
576 -455
574 -904
571 1044
573 -1450
578 628
577 916
579 406
573 786
572 -2145
577 2757
580 -1531
575 -460
578 -734
577 -2625
577 2570
573 899
577 -2284
577 232
576 1035
574 -1082
574 50
579 361
578 954
579 1032
579 -523
576 1553
574 -2922
574 4066
576 -3114
574 243
579 30
580 1686
572 658
577 -580
580 1547
576 269
580 1343
572 229
579 -469
577 -668
574 1531
580 -2272
