1000 2000 1780332 148
830 533480
688 1308265
766 1621481
207 411004
328 830593
203 659325
769 1550110
674 3870
616 452791
272 1629763
425 1196140
75 1343531
780 1512161
828 1079336
119 276715
417 414397
534 1034188
737 1190583
404 1655791
450 430959
443 1194764
120 102423
245 1344185
849 801733
551 1058476
827 1610348
419 1523438
510 1614910
502 1379561
114 197360
783 1552238
108 1659956
418 1527905
302 874917
327 84947
336 899646
187 212571
764 60663
31 1108360
319 1573397
420 707046
96 54274
343 393369
576 1302160
482 399509
611 842360
610 1708019
268 170995
103 985677
388 1649185
104 168199
834 166746
813 1770566
600 157191
45 283291
815 275328
360 950411
86 1440486
55 1192273
693 933120
497 278243
584 1359938
561 313875
673 855007
452 723860
550 158198
101 1730407
770 676078
223 292900
283 57517
722 1243486
648 387052
467 708005
471 178515
337 77106
163 168227
373 946645
132 1763203
725 422650
454 1257808
549 1065751
281 52022
18 1148458
35 386796
593 1696257
528 474742
91 1492163
26 145653
211 5780
712 1283639
529 1691206
361 1532214
74 616252
300 1722070
314 613917
757 1822
296 431961
659 108649
796 838186
38 536499
708 1050764
185 1368209
321 1641983
12 714072
577 1053616
445 10309
225 272695
821 136993
100 1262206
669 1010721
535 1624064
677 914614
60 1242767
63 1421643
696 781396
473 403779
472 1399957
67 38476
687 1365642
363 1600383
254 570979
740 1041166
353 53664
394 251593
625 1525811
93 396307
810 924661
284 918666
3 17374
264 1258279
446 334529
33 447341
177 1653712
248 409248
421 835106
666 1071434
444 1033477
544 1443245
652 703913
641 1596496
733 1589547
133 1698221
406 150754
44 734252
657 756750
589 238745
410 1173849
110 108597
536 1575965
322 1688257
178 1612539
372 251895
560 935778
651 84912
590 108009
105 776361
265 1271182
800 1205772
547 1031581
144 1414143
734 1325796
224 1375395
115 596160
348 306539
158 1748706
280 1106668
366 598993
490 1069354
426 873294
285 213391
481 1173842
700 795428
349 879638
752 751229
753 1313474
316 910720
52 695307
643 1001845
505 1013076
159 178160
607 1423245
620 298184
22 1321574
342 456502
227 1014147
391 1772526
798 181068
823 74503
61 699923
56 1368398
215 1403944
10 861454
244 1363666
701 952609
459 147526
255 341956
383 605220
526 382686
84 804247
221 49776
394 195431
391 1164480
391 377882
394 240206
394 446007
391 2749208
394 90617
394 723635
394 -1736486
391 1953867
394 201184
394 230907
394 341893
394 38671
394 931971
394 1732003
394 3572483
394 5354763
394 4994682
391 5388564
394 5504746
394 8957012
391 10909520
394 15344135
394 41185194
394 4309394
394 11800509
394 47293493
394 93555292
394 737342
391 -5124
396 67179
394 2577
394 656
394 -1206
394 1591
394 -872
396 844
396 216
396 99
394 957
391 -1771
394 1841
396 -1240
394 -694
394 -52
391 -703
394 97
394 1668
396 -2147
393 26890
394 -50760
393 12041
394 9812
393 2306
393 -3388
393 -831
393 2050
394 140
394 -1880
393 2033
394 256
393 429
394 -1606
394 210
394 1441
396 -649
391 -1284
394 2394
396 -1226
394 -520
393 -2410
394 2554
393 -2420
393 1346
394 -850
393 181
396 1894
396 467
397 2871
394 302
394 501
394 -1056
397 362
396 1819
396 714
393 1513
393 -1069
393 633
397 -1047
394 -171
397 -394
393 -254
394 80
396 1213
394 1049
396 -761
394 -2256
391 2573
394 1387
397 -1098
397 -30
393 -561
393 -282
396 -602
397 -61
396 -636
394 -494
397 -571
396 -1048
393 -689
394 -231
396 -1161
394 -1631
394 131
397 19
393 1298
393 -331
391 458
394 -19
393 -520
393 1162
396 -1177
397 -51
393 -101
393 -858
391 698
397 84772
396 -2201
394 -215
397 -717
394 -1369
393 794
393 392
393 -292
391 456
397 -541
393 -1354
397 1516
394 2735
393 -2695
396 546
396 749
396 490
396 55
396 761
397 966
396 2782
393 2487
396 -1660
396 -1127
396 -2854
394 -348
391 -1229
393 651
394 -1013
393 1255
394 -336
394 -2077
393 103
396 331
396 969
396 2596
393 841
391 1809
393 -1884
394 946
397 -286
393 -1242
394 274
393 1762
391 -1058
396 -8
393 -668
396 1540
397 -580
396 1783
394 2093
394 -2540
396 1407
394 1705
393 -1708
397 1706
396 907
394 257
394 2465
396 -1678
396 -4000
397 -844
391 -2734
397 1454
394 741
393 482
396 -472
394 -391
391 787
391 -255
393 -880
391 1998
393 -1770
396 946
396 198
394 1152
393 -1950
391 3362
394 -4801
391 4286
397 -1738
397 -3339
394 -3155
397 2144
393 2799
394 -2765
393 660
393 1994
394 -358
394 -144
397 -1521
394 -255
396 -1066
394 -72
394 -166
393 -1151
397 271
393 2392
393 -1885
396 782
394 801
394 -27
391 -250
394 -751
393 2008
394 -283
393 -2221
394 1091
394 562
397 -159
394 -1308
396 1167
393 1457
391 -1409
391 1524
396 -104
397 -2203
394 -214
396 -443
393 -2033
397 3015
393 1084
394 1159
392 12799
394 -13308
392 -1339
394 325
393 1465
397 -313
394 -1136
391 33
396 1838
396 49
396 1080
392 1363
393 -9
396 -2660
396 -547
394 -1425
392 1995
394 -3632
396 4168
394 4299
391 -1540
397 -2039
393 -812
396 1039
396 325
396 631
393 -720
392 108
394 2598
394 -18
394 -2104
392 969
394 -871
396 788
394 1292
394 -2269
396 2786
393 3140
394 -1657
394 -624
396 1557
392 1298
394 -497
397 -1259
393 -446
394 -342
396 289
396 1606
394 919
396 -688
393 -1094
394 1237
394 -395
396 -845
396 -1384
393 -240
397 -431
396 -518
393 -505
393 227
396 878
397 93
392 1373
392 -2712
394 3443
393 -940
394 -1792
397 500
394 392
394 1385
396 -616
394 -2022
393 2839
394 -488
394 -2354
393 2030
391 -478
397 -127
394 -40
393 -1058
392 2180
396 -3811
394 -2883
394 924
391 1211
396 -297
393 -535
394 -1265
393 652
392 849
396 -797
397 -1252
392 -1126
392 117
396 1055
393 934
397 -1536
397 -1000
394 -183
394 -1173
396 2045
393 2259
394 -1619
393 762
394 -1477
394 1944
397 -2836
392 -2338
393 1498
396 -147
394 -360
397 544
393 592
393 -698
393 1654
391 -2675
392 3012
396 -2106
397 -4104
391 -1331
396 -1174
394 -785
391 143
393 294
396 270
396 778
391 453
392 -1618
393 46
394 54
392 1146
396 450
393 -327
393 -954
393 188
394 2609
396 -2752
393 -972
394 -765
397 1209
393 1320
396 -547
392 -813
392 -1302
396 1302
397 901
392 1687
395 46520
394 -1935
394 680
396 1116
394 1962
396 -2316
396 -941
393 -1492
395 544
393 686
393 -2046
394 2058
393 -1023
394 496
394 -1149
397 384
395 118
394 18
393 1291
397 -1041
394 -1322
396 -1761
393 2965
394 -440
391 -2312
393 2424
395 -2967
396 -3289
397 -336
395 -3243
392 -3754
395 2459
395 1804
393 1904
395 183
395 832
393 1099
391 -1480
397 1092
392 170
394 1893
395 -73
394 -3394
392 1216
397 1158
394 2462
392 -1098
395 -1536
396 -1082
394 -464
393 -959
391 148
397 1100
397 1049
396 931
392 84
395 1920
394 645
395 -646
395 -322
392 -688
391 1288
397 -407
392 -2007
394 3586
392 -4967
391 2956
395 -31
394 -676
393 1013
391 -485
397 -1040
394 -672
395 1564
396 888
394 74
395 765
394 1808
395 -68
396 -2595
397 -1112
393 -1974
391 708
396 -774
394 -194
393 836
392 -15
396 -2189
395 -633
397 -2148
396 -1132
394 -570
397 -309
396 -1085
393 -985
397 2304
397 2388
394 2002
395 -861
393 -2833
397 542
395 3663
394 3726
393 -1814
394 -829
397 1823
395 2022
395 932
395 688
395 330
395 844
396 2106
393 1439
396 -199
392 -712
395 -137
392 -975
397 1935
396 2803
392 473
395 721
396 209
397 457
396 -1345
393 1624
396 146
395 -1217
394 -1930
394 934
393 -1043
393 750
395 296
392 83
394 254
393 -1303
396 2888
392 1806
396 -435
394 -1553
392 1033
393 406
395 -97
395 2174
394 2194
397 -1402
391 -4442
397 3097
395 760
393 2629
395 -2302
392 -1811
393 1062
391 -383
397 597
391 11
392 265
395 -25
395 -235
395 -597
392 -240
392 1014
396 -1474
395 -1499
395 -403
394 -1585
393 476
397 1208
395 1062
397 262
393 570
392 -123
391 -482
392 1219
393 -150
397 -1600
393 -887
394 164
394 -396
393 743
396 -1175
396 -1861
394 -250
396 -1261
392 -965
397 1964
396 1682
398 84751
392 -1619
393 104
397 3496
394 263
397 3777
395 4838
396 -743
397 877
394 662
395 1197
392 229
391 2729
393 -170
397 -2928
394 -2124
396 273
393 488
394 182
393 -901
395 263
392 61
395 399
396 566
393 2567
395 -1564
391 -4361
395 3425
395 5693
397 5977
395 5950
393 4566
396 -442
392 -4106
393 1083
397 829
394 232
395 1933
394 1835
394 -9
394 -1832
395 1493
393 2015
397 -1557
396 -1752
395 -1924
393 -2158
396 2118
397 1794
391 1584
396 -926
394 -1671
398 1143
394 191
394 2052
393 -3248
397 3170
397 1663
395 3740
396 645
396 2996
395 1081
394 2811
394 -298
397 -777
394 -959
395 1923
395 401
396 194
394 215
393 1441
393 -298
395 -1072
396 -985
394 -2212
392 999
396 299
395 712
394 1473
391 -2683
393 2434
394 -1000
394 100
394 643
393 -46
395 -67
394 -369
394 -755
392 1215
397 -1379
396 -92
394 -60
397 -544
396 -1417
391 -1690
394 2262
396 -368
398 -146
393 -1987
393 -487
398 1519
397 194
393 297
396 973
396 1133
394 1003
396 659
398 616
395 511
393 415
396 -1079
395 -244
397 -1133
396 -564
394 -747
396 1358
393 1540
395 -646
395 -2769
397 -991
395 -1212
395 -2785
395 -839
396 -2852
398 -2828
392 -1816
394 1740
394 -2303
396 585
391 2272
392 -1294
396 815
392 758
394 -1686
393 -2270
394 3391
398 1087
396 673
392 1023
394 -699
393 -945
393 1208
392 -1930
391 1628
394 -632
393 785
396 -210
394 -635
394 1277
398 -1507
393 -2910
393 1222
394 498
392 132
393 865
391 -1390
391 1313
392 -256
394 -946
393 849
397 -262
395 -45
396 -1556
395 -120
396 1423
393 -1205
396 2275
394 1547
395 -1603
394 -1886
398 1235
395 2933
396 264
394 84
394 2705
393 -542
396 -2527
396 -2584
394 -1375
392 680
395 -1214
397 -246
394 -821
395 164
395 567
392 1315
392 -1235
394 875
395 -806
396 -737
397 -1241
394 -1443
395 458
395 1050
392 152
396 16
395 2209
394 850
396 -954
392 -655
394 573
394 -410
394 1095
392 -1047
393 1641
394 -362
395 -1592
394 -2536
396 3783
394 1842
396 -526
396 -1394
395 -1005
397 -947
393 -36
391 -327
393 116
395 -983
396 -551
395 -534
395 -160
394 -609
395 684
393 155
393 1453
395 -647
394 -824
396 -710
396 -118
393 -1309
392 102
391 3
394 -1352
396 1977
396 4467
396 2746
396 5251
395 3884
395 306
393 159
393 3479
394 -532
392 -80
394 -1755
397 332
397 1918
394 1117
391 -256
394 469
394 -351
392 88
395 578
396 455
394 82
395 210
395 -1023
397 -883
396 -419
395 -273
395 -497
394 -793
398 1883
395 1394
393 1742
396 -2846
396 -1966
394 -2437
394 2821
396 -2239
393 -3363
397 4289
393 4113
392 -319
393 -161
395 -2643
393 -1516
395 -461
394 -437
394 1113
395 -296
392 -39
395 -607
395 -1072
396 -590
395 -810
393 -956
395 279
393 109
395 931
393 1095
397 -1647
395 -2426
398 -2042
395 -1946
394 -1656
396 218
391 360
391 39
397 592
391 638
394 -1768
392 12
393 49
393 1342
394 -540
394 1907
397 -143
393 -3064
392 22
393 4114
395 -3097
395 -1984
391 -3986
396 2028
392 6
395 2417
391 1339
397 326
395 1282
398 -1269
398 306
396 1096
394 600
394 -398
396 -747
394 -677
396 258
393 1583
398 -1045
396 -2210
394 -300
395 -68
398 -357
395 -1274
396 -721
393 -1225
396 536
391 340
392 42
392 66
393 590
395 -1685
396 -1651
395 -207
396 -643
394 -1187
394 1046
393 -1344
393 1235
397 -706
396 -6
394 -39
392 -112
392 -16
394 -763
395 2115
396 2317
398 1189
394 2101
392 -14
396 -1085
393 -1229
396 -1079
394 -134
393 133
392 -2
395 -644
397 -711
392 -8
395 -122
395 -860
394 -1208
394 1496
395 -1457
394 -675
395 549
395 1274
395 360
396 478
396 1229
396 225
395 692
395 1400
395 1109
396 479
397 381
397 381
394 142
395 1052
394 884
397 -2355
393 -108
395 -1448
396 -2236
397 -122
393 -1881
396 1158
395 432
393 1599
394 -650
394 1374
395 -2716
397 -1144
392 -10
395 -2664
395 -2444
398 -2040
391 -821
394 -84
394 348
394 -1386
395 1768
396 1253
395 289
392 12252
394 -1472
394 -9082
398 -1774
397 -2500
392 -98
393 -2211
394 3010
393 -1079
397 -781
392 -37
392 -468
398 794
395 823
395 189
394 816
391 -1149
394 226
396 493
398 1284
395 1167
396 410
395 -732
394 339
396 -1113
398 -690
394 -289
398 -293
396 910
396 310
392 351
393 -881
393 1905
394 -2663
394 3596
394 -453
394 -209
396 -1103
394 -1739
394 383
396 -1187
393 -966
392 1676
398 -2345
395 -455
392 -244
394 1883
396 -428
398 -487
393 -382
394 -2648
394 56
398 1425
397 825
395 604
395 1546
393 1382
397 -28
391 -809
396 -695
395 -652
393 -895
397 386
394 1756
394 -993
396 -586
394 -286
396 450
394 554
394 1229
396 -247
395 -3078
394 -29
395 -2890
392 -789
396 -1917
394 -218
393 -863
395 635
393 1092
395 -167
394 -481
395 -587
395 -1266
395 -439
394 -154
394 -254
392 115
394 292
395 -794
394 -16
393 -583
395 1145
393 1355
394 -2778
394 -142
395 3127
397 3004
393 2719
395 -531
392 -859
393 312
396 -341
395 -82
392 -711
394 623
397 -699
392 -1027
396 1143
392 2080
394 -955
394 -842
397 2174
391 1151
391 -1758
394 348
397 2401
396 930
396 782
395 1865
396 1039
392 871
394 342
395 -352
397 -440
392 -851
394 409
394 1009
394 -927
394 147
391 -838
395 1295
395 1137
394 969
397 -398
394 617
397 -1999
398 -1350
394 -706
396 -438
393 -1005
395 841
393 1758
394 -1840
393 914
392 631
397 -242
395 -464
392 -723
398 110
396 778
398 945
392 499
395 -1331
394 -1505
395 3005
394 666
392 910
391 -1848
398 2692
396 965
397 1217
393 553
392 1314
396 -4
395 -1957
395 -742
392 -962
397 1577
398 1759
395 1807
391 1551
394 -1562
395 1531
394 1745
395 -3157
394 -404
397 -1075
396 -2546
396 -770
392 -420
398 -1790
394 -1823
392 1050
396 916
394 1424
391 -966
392 -975
394 1348
397 -1099
392 -475
393 -685
394 1787
393 -57
397 -127
396 -524
393 -2512
394 1682
397 -530
396 -174
396 -710
397 -388
391 -13
396 -1052
396 -1389
395 -626
395 -1201
395 -1094
392 -1017
397 1045
393 322
394 82
394 35
395 464
392 953
391 -243
394 -714
393 1342
394 -1848
395 1988
393 2577
395 -2073
396 -1777
394 -131
391 -2042
395 750
396 261
395 1395
394 1261
395 -707
396 -515
391 -1898
394 2872
391 -344
392 -1144
394 -244
393 -1054
397 670
394 772
392 885
395 -314
392 -1660
393 173
394 1119
397 -1096
395 -854
391 -1557
395 1710
394 1388
393 -933
394 1584
396 -1373
397 -540
396 -2333
395 -2397
393 -552
395 885
396 -1245
395 -224
392 -299
396 1157
394 803
392 -1919
397 147
393 298
397 1289
392 2289
398 -1011
394 -2074
395 392
395 440
397 1043
394 1751
395 -2794
395 -1518
394 -2840
398 778
398 2225
393 3761
396 -257
394 -495
395 -240
395 -31
397 -2930
393 -2726
395 1295
392 543
395 1572
397 2301
392 1840
392 -1795
394 1882
397 -1203
395 -2273
396 -1168
395 -1883
393 -2084
391 1595
395 -427
392 -2153
396 3581
393 9
394 29
393 1329
397 907
393 809
395 -779
393 -826
392 495
391 -1333
392 1699
395 -876
393 -1211
396 1176
395 117
395 676
396 635
394 1722
397 -832
393 -920
396 -588
396 -1663
396 -1666
392 -156
392 -206
397 -236
394 -654
395 2162
393 2070
392 -2553
395 1444
392 796
395 1358
396 681
393 677
395 -323
392 -1020
395 766
395 1274
393 1924
397 -770
391 -3105
394 652
397 3114
396 2620
393 1521
395 -100
392 -1113
394 615
395 980
397 934
398 221
394 771
391 -1681
396 2672
394 2063
393 -854
394 -553
396 532
392 1610
395 -1584
392 -3281
395 4700
396 496
394 3235
392 -380
393 -1021
395 670
393 1151
391 -2429
394 1995
393 -724
397 1091
393 1361
393 -915
396 -410
396 -967
398 -590
394 -391
391 1153
393 -1244
393 1151
396 -2033
395 -74
392 -2411
391 1996
395 -2
393 -1223
394 2162
393 -1573
391 276
396 -292
393 -936
394 408
392 1688
395 -2402
394 -2826
396 540
397 3560
395 820
395 451
393 4013
396 -3717
394 -3596
395 2497
394 2134
398 -1086
395 -2894
394 -852
397 -604
394 -918
394 1783
395 941
395 -2263
394 -92
395 -2749
393 -1107
395 1104
396 206
393 1033
392 -1134
394 1390
396 -2745
392 -2341
393 87
392 308
393 1203
394 -481
395 275
393 481
397 -968
393 -1072
395 778
395 901
394 1483
392 -62
391 -455
393 -653
394 739
395 -60
392 -1173
394 1579
394 -1912
394 2099
394 -1136
392 288
397 -76
393 -495
394 613
394 -1291
397 1778
396 2152
393 -597
393 617
398 2575
395 1086
395 2295
397 1959
396 1039
397 2042
392 383
397 1433
395 319
393 136
395 351
396 671
395 1923
394 1673
394 -326
397 -1512
398 -1729
395 -1410
394 -169
393 -1388
396 -2277
393 2137
396 -1884
398 -747
392 -437
398 -2687
396 -27
395 -2297
393 -2437
394 2663
391 -622
392 -205
393 -1312
398 785
394 2495
394 -507
395 -2285
394 -1563
391 1491
396 -1637
394 -2031
393 287
397 2298
396 767
396 2038
395 2486
391 2142
397 -3255
392 -305
396 -750
397 -2509
395 -2016
397 -836
395 -902
393 -732
395 -482
396 -1073
396 -971
397 -368
397 -979
397 -283
395 -526
393 -494
394 532
391 -1050
394 866
393 -687
393 920
393 -1346
395 2900
395 19
391 582
397 71
391 1466
395 -3093
394 -769
396 -1548
397 -662
397 -901
392 -118
392 -3
394 -594
392 2
392 1
396 1430
397 789
395 357
395 1360
393 1571
392 -1
394 -242
392 -2
394 -452
395 -546
393 -1148
398 501
395 1847
396 524
395 1721
394 1331
394 -1912
394 1459
394 -458
393 801
395 -992
391 -928
392 1
394 796
395 -448
396 -109
396 -41
396 -62
394 -1653
396 2936
394 1932
393 -88
395 -213
395 -1285
397 -149
396 -1403
397 -79
394 -554
394 -530
395 976
397 1925
394 347
394 716
392 -2
398 -2115
394 -244
395 -454
394 -433
396 46
395 613
393 253
393 -271
396 322
394 1239
394 -542
391 -2050
392 1
394 2080
396 -1822
396 -1114
396 -1399
392 -2
393 -1620
395 1825
397 36
395 1603
396 1225
393 90
394 1617
393 -10
396 -1695
398 -1873
392 47075
393 65214
391 -26188
395 -21358
394 -94996
394 2909
394 6410
391 -1330
395 84
395 -609
395 806
394 995
396 -2220
393 -1423
394 193
395 300
395 647
393 1815
397 -2196
392 -2106
393 616
393 761
393 -2003
394 2574
394 -748
397 -546
392 -224
395 -943
395 -612
393 -375
393 543
394 -597
396 1309
397 474
394 903
396 -2040
395 -1251
395 -1269
392 -276
393 -645
394 486
393 -325
392 1140
393 -1406
395 769
398 82
395 745
393 449
396 -1011
391 -732
392 1893
395 -3476
395 -3510
393 -2671
396 784
395 2407
395 1299
396 1382
393 -2491
396 2500
392 6115
393 -947
391 -728
391 -935
394 -1046
395 2036
395 2978
393 1120
395 1189
393 592
394 -621
392 451
395 -1066
392 -978
394 2543
393 -2212
391 493
395 123
394 256
396 -228
394 -352
396 1075
397 -933
394 357
394 -949
393 1097
392 -1542
396 2182
393 1896
394 -813
394 852
395 -1032
397 -2472
396 -432
398 -2030
395 -1163
395 -1209
395 -1283
396 777
395 -757
393 -1075
395 22
394 755
392 -1190
395 449
396 411
397 1006
397 1320
396 377
396 2137
394 1644
396 -1202
394 -2083
394 268
398 2748
393 224
391 465
396 1117
394 293
394 -328
394 615
395 -343
398 -477
394 -216
396 -601
393 -764
394 1558
395 -30
394 -2116
397 2581
395 943
397 605
396 227
393 2655
392 -1134
392 -1423
392 1953
397 -201
392 -2367
393 81
396 2325
394 98
393 2132
396 -171
397 -976
395 -261
393 -1466
395 1097
396 790
392 2261
394 -3428
391 1344
392 1072
398 -572
397 -2169
394 1152
394 3525
394 -7120
394 2870
395 -216
397 -2321
391 -548
394 -514
393 936
393 -43
394 -1398
393 707
396 -1156
392 -868
393 1091
391 -49
397 -1430
398 -1274
393 -1617
395 2833
395 473
395 421
395 1149
396 1175
392 3516
398 -255
395 -3035
394 -3030
393 906
391 -834
398 367
395 157
394 1145
394 -475
396 343
396 282
396 818
392 -612
