1000 2000 1780684 166
660 366663
438 117229
408 1278188
353 329830
241 1033617
541 1441390
85 930176
295 237729
381 838506
123 809860
393 20324
749 1734683
472 833803
135 344073
129 55353
47 1678432
149 1672278
633 1017319
753 1122547
608 1756439
71 190376
545 789747
237 256799
505 201999
90 1342959
64 455661
368 1725176
685 1295874
358 1360221
578 1669927
554 633626
72 56904
372 1603906
56 1716256
584 683197
81 1363758
625 372820
476 1649037
576 457949
816 983824
420 1440572
834 1456810
413 124123
387 1451023
214 364917
470 173163
548 1227253
176 478865
296 984664
8 567737
303 728216
779 596568
122 990103
604 1586502
352 1241367
121 397861
375 560129
768 1002508
436 1259708
715 1288057
278 1514318
77 1471766
5 675745
12 1264737
742 445865
236 841293
723 1498616
764 875616
520 124027
228 837528
267 112322
465 720530
51 1232599
281 226974
76 804410
198 597121
266 1099618
171 695807
680 778174
219 1224038
782 1680889
610 898612
677 1410023
569 940960
798 426853
559 368013
401 13454
227 458731
829 747222
652 1223280
463 541876
26 857779
338 1179597
754 150420
555 1100562
464 159969
417 449027
407 1243052
477 1474859
41 422998
240 1499120
500 1289666
473 674704
467 1421926
33 1238106
116 42147
184 1293492
283 1741142
601 1481507
377 1015582
200 915303
440 626820
724 1492484
11 823509
620 463278
628 989575
153 295088
275 1741910
830 1326776
400 1548019
485 1269142
232 658120
233 1052480
35 466431
615 1679595
695 635350
468 1187192
217 1234395
480 1625675
385 1076301
108 840418
181 344294
455 326775
536 1516816
659 1234009
302 1049820
684 947182
204 315285
268 538770
311 282610
686 561966
92 1270445
766 630621
783 1706921
133 1154568
647 51080
299 422724
466 158855
107 1429386
19 1208352
767 1416354
747 1028732
519 60032
772 53015
284 1548076
199 993872
665 700658
805 1286532
746 181447
93 1288124
152 133875
561 564851
828 237053
110 992226
7 160721
221 539464
315 396645
43 1397629
813 1563308
809 310490
833 1133136
803 638983
424 1228759
551 1741769
189 458815
739 228358
271 1479166
430 1253523
118 1423816
439 473756
643 847814
10 1037334
454 841213
39 833234
641 129048
550 1147830
580 568422
297 529506
98 1594297
507 403391
113 1283810
131 1194423
669 31304
570 503763
211 1562352
650 1280637
235 382298
334 744653
441 469217
748 1321887
610 527222
608 -1189504
278 725899
278 1791327
281 48590
278 845268
278 1716191
281 25345
278 6382550
281 233137
281 95275
278 6809549
281 166445
278 2460375
278 4918969
281 516063
281 177042
278 11566954
281 593727
281 -814712
278 22678944
281 395416
278 22416685
278 62419198
281 291486
281 1265483
278 57840256
278 86439315
278 2699904
280 24050
281 2474001
284 1465097
280 19152
282 67840
278 5584142
280 -27499
278 -2076777
282 8676
283 215297
283 311738
282 7129
284 39203
282 33262
281 173087
284 6214
283 -878
280 -1207
284 602
282 547
283 -1708
282 2953
284 -1976
278 431
278 -411
283 120
283 14
281 734
280 -2164
282 1794
284 -645
284 1236
280 -2789
282 3370
282 -1140
282 -1020
284 1993
278 -14
281 -2943
288 72477
284 3831
283 -520
283 -3937
282 -2355
281 9764
281 -9999
282 2459
284 3032
284 -720
278 543
288 -1329
284 -1598
280 1498
283 -360
282 -294
284 625
280 -618
284 1120
278 -588
283 655
283 -1434
281 1424
283 -360
278 -1217
284 1992
283 -2634
278 1141
283 346
283 -902
283 865
288 -1163
284 -43
283 -532
282 1513
278 -2785
281 3586
282 -2555
283 556
280 920
281 -1236
283 463
282 -77
280 356
280 -1030
282 2289
282 -2447
283 1020
284 -477
284 257
288 442
283 887
278 -986
278 1148
282 -1350
284 1718
282 -3513
281 3071
282 -2389
283 2630
283 -2162
285 50402
281 -1966
278 3857
282 -514
283 -272
284 -1025
285 2852
284 349
280 1838
284 -193
284 -2020
283 1150
282 -491
282 1475
283 -613
281 -1776
282 1561
286 75218
286 -838
282 -1264
285 1760
283 672
285 675
283 790
286 -915
281 -612
282 684
288 -1468
288 -1564
282 -683
281 894
285 -387
281 -2176
285 409
282 3120
285 -636
282 -1652
278 -996
286 1020
281 2191
285 -82
286 -2597
285 -3026
282 -988
286 -399
283 -1003
281 1905
288 -1282
285 -1364
284 -3056
286 3737
285 4066
278 2034
281 -581
283 1417
282 -2846
286 2099
282 3294
284 -1060
280 -1566
281 2567
283 -3805
284 1261
283 1797
284 -105
282 -1337
285 2125
282 889
282 -1063
284 743
285 117
286 658
283 784
281 -1105
284 2045
283 -2364
284 1367
278 -515
283 206
286 -827
284 -958
282 1656
286 -2431
281 -1171
278 1164
282 -99
288 -2540
283 -2124
280 972
278 1026
281 -110
283 -1326
281 597
283 392
280 -331
282 357
288 -707
282 -783
280 1041
282 -1216
283 2266
280 -688
282 -1024
284 832
281 -1382
285 2192
282 139
288 344
282 2047
282 -1007
280 -737
284 32
280 1094
285 -766
281 -2105
283 1801
285 -1813
284 -1483
281 2568
282 -70
281 -610
283 -881
282 -514
281 1196
283 -1833
286 1661
284 2598
285 -194
281 -2329
280 848
285 -444
288 -724
280 -175
282 -1188
282 2718
284 -525
285 -965
284 264
281 -1378
285 256
281 1435
284 -2199
280 508
286 1496
283 -1950
278 2722
280 -110
282 -428
284 1109
284 -2403
280 1855
284 -1500
285 2544
285 1358
280 663
282 101
280 1266
286 -719
280 -1282
281 65
281 1309
281 -469
283 -33
283 -698
278 618
286 -539
280 -884
283 841
284 -310
284 821
280 1190
280 -4223
282 2753
284 -2022
280 3912
282 -2660
285 656
282 1273
286 -176
286 -2783
284 -1967
282 1758
282 -1621
281 461
283 738
280 -392
286 -193
283 -197
286 1191
284 637
282 -661
281 630
281 -1835
285 906
285 1367
282 864
286 1321
284 1505
282 -1492
278 534
285 771
281 414
285 -1433
282 290
280 -2356
278 245
282 106
283 2962
286 -3047
283 -4305
281 4732
285 -3141
286 -3160
283 -1219
280 -1758
281 850
282 960
283 -749
284 -466
283 717
284 -1166
286 6
281 1208
281 -1623
283 793
285 812
283 1733
288 -940
278 -3643
283 4328
281 -4919
284 2711
283 933
284 -2122
284 725
284 1386
285 -843
285 197
284 -2376
285 2733
280 1705
286 -959
288 -930
284 -102
284 319
282 -227
284 -294
278 1352
282 -1117
280 -1035
284 462
279 80395
285 -18299
283 31428
282 -16185
286 -68599
279 -24795
288 -42972
284 -42260
283 -28888
280 232
284 1045
286 -100
284 -140
279 -40
286 -99
286 -20
282 -1276
284 2565
286 -3
282 -1999
280 362
283 469
285 -1526
279 -930
283 1631
282 -1426
283 630
284 -1390
280 2938
283 -4268
285 449
283 5465
285 -3801
282 -5949
282 6231
280 -1898
282 -292
286 -3
281 -3090
281 2618
281 -1361
282 2297
285 -2034
286 97246
279 -4033
284 511
283 433
285 1639
279 1938
286 -385
285 -805
284 -967
280 1534
279 -204
285 -448
285 -675
281 -781
281 -362
284 284
280 637
278 -1096
286 1145
279 1410
285 -1201
279 2638
285 -794
282 -3736
285 106
284 1207
281 -2472
281 3138
282 -2100
284 808
286 -1566
283 -1401
279 1391
284 -82
284 -692
282 235
278 561
286 -1322
285 -1420
285 -1226
282 -1528
284 276
278 752
279 482
285 105
286 -1420
284 -574
283 274
285 -570
281 -853
285 1264
284 2389
281 -58
284 -3996
285 1544
282 1727
281 1153
279 -847
282 1408
281 -732
280 -613
278 1065
284 -1890
282 1038
285 476
283 233
288 -658
288 -451
279 -862
284 10
285 1048
281 2535
285 -1688
285 -277
282 -680
284 -93
282 -1166
283 973
280 -1278
285 961
280 1825
283 -3028
285 615
283 2768
284 -973
280 -290
286 563
284 1227
281 -2671
286 1161
278 1226
281 225
285 794
285 278
283 1198
282 -735
283 -1282
283 1936
288 -1577
278 -2109
280 2627
286 -613
288 -137
285 -495
280 -2134
282 -92
286 732
282 1882
282 -1431
282 1415
279 94
278 -1542
283 498
283 -288
280 1102
281 -1200
284 1105
282 104
285 -1651
284 -1517
282 1402
282 -291
285 -102
279 -269
284 -646
280 1429
281 -1529
284 154
285 1242
282 573
279 -1168
285 2079
286 799
288 1571
281 2613
283 -1674
284 -934
286 -1292
285 72
281 1338
284 141
285 -58
284 -1371
281 2266
281 -3497
283 3244
281 -2791
283 1784
280 -775
282 895
283 -1211
281 423
285 1044
285 932
284 1182
286 -1811
284 -1080
282 -30
286 903
280 705
284 816
284 -2960
285 2212
288 -4173
284 2915
282 -2631
285 1668
280 2080
283 -1981
284 3568
283 -789
285 -1278
282 -3550
280 1063
280 1916
281 -2540
285 2010
284 3324
286 -2294
283 -2519
285 247
279 -2815
283 4480
284 -2409
286 1380
283 4247
283 -4463
283 1370
283 85
283 636
278 -903
283 1728
280 -400
281 -86
283 -196
283 -1578
286 1794
283 3288
283 -638
286 -2632
282 -2962
281 1491
280 689
282 -478
280 -388
279 64
281 48
286 199
288 1061
279 812
288 -615
280 -2087
286 227
283 213
282 2529
285 -1545
280 -2924
282 3747
284 -270
281 -2326
283 1231
280 -1229
281 1681
285 -793
286 -1975
282 -580
281 -1033
282 908
284 -1065
288 1067
282 2017
288 -3670
280 -3392
282 2505
279 -1841
283 3022
283 -3509
280 4440
286 -3314
283 -1566
286 -259
281 -856
285 -713
281 -576
282 680
284 -222
282 -547
279 1655
285 -654
285 -800
281 -774
285 -1309
281 -1300
280 468
288 754
282 1117
281 -380
280 -152
280 -392
288 243
285 438
280 200
284 -15
281 -907
282 2264
281 -884
284 -1865
285 3054
281 2539
283 -1747
288 1302
284 1781
279 -1759
281 101
282 1176
281 -208
281 -755
283 63
286 978
280 83
284 630
284 -1693
286 3102
281 2407
285 -1821
282 -1333
281 851
281 -619
279 -235
279 235
284 -881
284 2236
283 -3694
278 2366
286 -286
283 -260
281 697
279 -1584
284 2064
283 -2658
284 1809
286 -802
283 -224
283 -45
280 774
282 -1731
280 1494
282 -992
285 1734
283 412
283 319
280 -1263
285 362
281 589
286 724
281 341
282 1023
281 -1875
283 1079
280 -1080
281 711
281 1074
282 -1582
284 1888
280 2400
280 -407
285 -5712
283 -1036
283 -1429
285 -2118
280 -1351
278 1915
283 -400
285 -428
281 2221
285 -5638
285 -1493
286 965
281 -5282
284 4827
282 -2163
279 -159
284 -1052
281 876
280 -727
283 1164
285 2097
281 -2087
282 -839
284 3145
281 -1090
280 704
281 -734
280 1493
283 -2361
288 2142
285 974
284 258
281 508
281 1129
283 -747
284 68
282 -564
284 1815
284 -2047
279 833
278 -46
284 -950
281 2246
282 -3016
278 236
286 1884
280 1753
286 -147
283 -187
285 -753
280 -899
283 1399
284 -290
284 -1191
285 2262
285 1554
285 699
283 -340
280 2778
287 62054
282 -2454
280 299
280 1027
284 -83
283 -1231
281 1778
280 -1300
279 1760
280 -1846
286 1793
282 -1062
281 2537
281 -629
278 -63
280 -43
284 -630
283 1428
283 -1174
282 483
281 -1304
282 757
284 246
284 -225
282 902
284 -537
283 -487
287 344
280 1155
285 -1186
285 -2230
282 -478
284 -931
282 629
286 -466
285 -760
282 -133
287 1023
282 83
284 -513
286 1
279 836
285 -503
282 -576
284 770
282 -1732
278 885
286 1116
284 699
282 -1597
281 3383
283 -1526
283 -275
279 -539
282 1051
285 -2196
282 -1024
287 945
283 721
285 -934
284 -1279
284 2069
284 -2876
284 1144
280 1002
285 -741
283 -459
279 -847
283 1762
280 -427
281 -1077
286 560
278 783
279 -901
283 1354
283 -2295
280 1658
282 -118
283 -1087
282 -1119
285 1094
279 4970
282 -515
278 -4388
285 2820
280 3183
285 -1868
286 -2544
284 -690
287 -124
284 -1147
280 890
286 -172
284 -1008
282 660
285 1328
281 491
287 -133
283 -1568
283 1225
281 296
283 -1358
279 915
282 1170
283 -1715
286 368
282 1125
279 -1318
283 1280
281 -1124
284 2170
283 -3051
280 3127
288 -3254
287 -3351
285 -3448
280 -2883
284 3358
285 -62
284 -4703
285 5421
285 4572
283 6193
283 -4121
283 2291
282 -1872
281 26
283 548
278 -443
284 431
284 -131
282 -36
280 -575
288 1022
286 353
286 734
286 153
286 1093
282 797
285 -139
280 -825
287 1693
284 888
283 -1684
281 407
281 319
284 590
280 -73
282 845
282 -1575
280 -1859
284 353
280 1443
281 2495
281 -1597
280 -420
287 599
281 355
285 -954
278 -160
279 345
283 -1074
286 495
280 2031
285 -3248
286 -1840
280 -1014
283 -666
284 696
286 -759
283 -397
279 1201
286 -2080
285 -1245
280 -280
281 -12
282 -1614
285 2360
281 999
281 -169
284 1056
285 -872
286 -2348
282 -394
284 -1961
281 1919
283 -1555
283 422
281 1756
278 -3115
282 326
280 1300
283 983
287 -1873
284 -2321
286 98
283 1610
285 772
286 374
284 206
284 -1122
283 2079
282 -1723
281 105
285 904
284 1608
281 -2057
283 210
282 587
281 1119
282 -508
279 825
286 -535
279 -2640
284 486
288 1805
282 28
284 868
282 -362
282 1431
284 -1609
281 868
287 -436
280 -1651
286 982
286 2145
282 596
284 11
287 2012
286 1741
283 834
285 -611
281 -485
282 1016
281 -367
279 -820
280 1369
284 -2491
282 2899
282 -2925
284 1413
281 228
284 105
279 -584
288 1334
285 1254
282 866
283 -1157
284 2253
286 -1335
284 -3359
285 780
283 2473
282 -1504
283 327
286 705
282 165
286 1767
284 1716
280 -2354
285 2497
288 2467
286 1118
285 3013
284 -168
279 631
279 94
283 292
280 117
279 927
281 -1650
285 1726
279 632
285 541
280 368
284 -683
280 1387
283 -2579
283 427
278 78
280 2711
284 -4007
284 3205
286 -110
279 -2178
285 3102
284 146
285 2527
285 821
287 2105
284 3098
283 -3414
280 3427
282 340
285 -5059
282 -4552
286 -3173
286 5711
284 3129
280 -1391
286 920
284 2006
285 -915
284 -2997
285 1710
284 3878
282 -2997
286 1222
285 1903
278 1215
286 -117
283 -1373
281 473
286 176
281 1472
279 -2402
278 1704
284 -1554
286 1171
286 2120
286 2030
282 3068
284 -4596
282 1622
280 2883
282 -2430
283 2229
285 -3355
282 -2763
281 3351
281 -4392
283 4793
283 -2875
284 502
285 -388
281 -647
279 1906
282 -2051
281 1835
286 -328
282 -1404
287 933
287 288
279 105
286 1148
286 52
285 209
285 234
285 1108
286 849
285 586
283 759
280 -849
281 227
279 -993
284 770
287 20
286 1121
281 1201
278 -733
281 -590
282 1625
281 -874
282 -1234
284 462
282 57
284 25
280 931
287 1204
284 191
280 -678
281 -455
282 272
284 180
284 -1050
284 226
282 1444
279 -2516
287 989
283 846
283 427
286 1503
284 1730
287 -3183
282 -3462
282 1923
284 1323
281 -222
284 -1848
284 2979
283 -194
288 -2536
285 -2397
288 -837
281 -1964
286 85
282 184
285 714
286 355
281 926
282 -1039
283 45
279 586
284 -474
280 -508
285 1071
280 928
282 -1650
283 -2197
287 -5257
281 3844
284 -1396
284 1767
283 -1236
283 789
279 -941
282 1064
283 -1887
280 -1114
286 1970
285 1328
281 4443
284 -4352
287 4568
284 1388
281 1484
280 -1606
286 1378
287 2599
281 749
282 11
283 1490
285 -109
288 -498
285 -1444
284 -1450
285 411
281 717
287 -20
284 -1070
284 870
285 -482
282 -838
284 929
285 -647
287 -159
282 -1081
284 1782
282 -2051
284 1332
279 -867
287 938
281 664
283 -235
280 1308
279 -1739
288 2242
281 517
283 1093
288 -39
282 -1109
286 838
282 378
283 -123
286 -200
288 -280
283 -362
279 1439
279 -2105
282 1893
284 -1476
283 430
282 662
281 -1104
279 795
285 -341
287 -1145
282 -1310
284 2954
278 1145
285 -4932
281 -3669
285 441
285 1925
282 1563
279 -1483
285 1483
285 1375
283 1825
282 -3356
281 3248
283 -2016
286 2577
285 2137
286 1402
282 2177
279 -3664
282 4994
280 -5632
283 2206
282 1942
284 -340
286 -2006
282 -700
281 -444
282 551
282 -228
284 -217
281 129
281 293
285 -745
286 -849
281 -227
284 -439
286 1296
283 1328
281 -1459
283 1191
285 -2205
278 -192
282 -48
280 -571
284 710
284 -1954
282 362
284 2500
288 -3663
285 -288
288 -2521
280 -203
282 -1865
285 33
285 573
287 810
287 994
281 175
282 673
286 -859
285 -66
285 -155
283 -441
284 754
288 -275
283 -1372
286 521
279 1891
282 -250
283 -1039
284 471
278 -947
285 1288
283 1380
288 -1518
282 -2017
285 719
284 3317
281 4697
282 -1287
281 -618
286 -6723
283 -1874
284 -2539
286 -1604
284 -416
285 952
280 24
282 326
287 -1593
281 -1575
285 2656
279 2633
285 -1754
282 -1526
286 698
282 622
282 -519
285 507
287 147
278 834
286 -685
285 -826
282 -1508
287 401
285 524
284 1624
279 -527
281 -532
280 -162
285 1130
288 804
278 1523
282 -2133
283 2443
283 -3226
279 2405
284 -1932
283 1006
282 121
288 1014
286 1034
282 274
281 -870
282 1091
285 -1184
286 -1104
282 -1581
282 2097
287 -2611
286 -2456
285 298
284 -1949
287 1913
283 405
282 1582
279 -2746
287 1230
283 3935
280 -5106
281 2851
282 63
282 832
281 -793
284 751
284 -939
281 339
284 -97
287 -480
281 -591
281 1634
288 -1605
288 -520
280 -258
288 -1886
285 -1473
285 -1090
284 -2550
280 4033
279 -1921
282 -37
287 -951
279 -964
281 2170
282 -2275
286 520
281 1545
284 -2057
287 3115
285 1286
283 541
285 1455
286 431
283 1519
281 -1554
287 821
286 2274
283 1933
283 -210
284 -2465
284 1921
285 -324
283 -1087
288 1806
281 -744
283 2968
284 -2378
283 -1192
279 71
278 937
280 1375
281 -1724
286 746
282 2745
280 -3181
282 3825
282 -4875
285 3215
279 4937
284 -2570
280 1659
284 -2275
283 271
285 322
287 -1446
286 2551
282 2401
282 -2153
282 1077
283 -1022
286 1666
283 569
285 -63
278 -604
286 964
283 1292
282 -1416
286 1614
285 2233
278 1219
282 -1809
281 23
280 2046
282 -2576
283 1868
283 -730
284 1887
280 -2048
282 96
287 2174
283 1944
284 -3403
285 1630
281 283
283 2565
284 -1202
284 673
285 -1067
285 -596
283 -441
286 861
286 902
284 1085
283 1141
280 -3048
282 452
283 1917
282 -1456
285 403
280 847
283 -1936
285 1954
283 144
279 109
283 -1792
286 2114
279 726
282 4816
279 -4801
286 1337
283 3814
283 -2458
281 1985
278 -2297
288 2773
283 269
280 86
284 1256
285 82
284 -274
286 -465
281 -1108
286 2493
286 1230
286 588
283 1488
282 -2252
282 3326
285 -1393
279 -2016
285 1404
284 3
279 670
285 -1794
280 -135
286 -1257
284 -1154
283 2605
282 -1218
283 -1208
283 21
280 -587
281 2309
285 -1496
284 -975
286 -722
287 -492
284 -210
284 101
282 16
281 -787
281 1184
284 -1272
281 2630
279 -1129
282 -1304
282 699
283 -835
280 501
286 1064
282 316
279 -788
285 2560
283 873
280 -1105
281 1644
283 -508
282 -1102
285 1388
285 343
282 1122
285 -1077
283 -1208
283 2051
284 -95
285 -2145
282 -1174
284 894
282 -1930
284 2676
282 -3230
287 1938
279 4264
285 -3885
283 -2702
281 1345
284 -2906
280 1154
286 738
284 1293
280 1228
287 -3908
283 -420
279 -2904
280 3281
280 -1066
281 -1044
278 1527
285 -2985
284 -179
281 -2799
284 4406
279 -2246
283 -58
280 -318
283 1024
286 -1306
280 2598
283 -5624
287 3939
285 4263
285 3776
282 4902
281 -6216
285 6806
283 5404
287 -968
281 -3849
287 -433
286 1303
279 828
282 2197
286 -2211
280 -1055
280 -102
284 -806
286 2048
287 2289
282 1413
281 -683
284 -759
286 553
283 2395
282 -2931
283 2427
284 -391
281 -465
281 -1101
278 2423
283 -2127
280 12
285 701
285 1549
282 756
280 -766
283 589
282 -149
279 495
285 -1326
283 -1186
279 376
278 1681
284 -367
288 -353
287 -2836
281 -1724
282 2073
284 -291
283 -218
282 -564
285 -1397
282 -66
283 -276
283 1228
285 -2239
283 -656
284 -1685
285 1005
280 95
281 3032
286 -4351
283 -2152
284 632
282 -1622
283 300
284 97
284 2630
288 -4310
282 -1026
282 -1020
283 928
283 -1131
283 1387
280 -2518
280 1560
283 755
285 -1160
282 -321
284 -1191
281 820
285 682
284 882
286 -1810
285 263
284 -354
283 1168
280 -2375
279 788
282 -785
284 576
280 98
283 454
279 -1183
282 -199
283 1443
285 -1598
281 -1164
281 1138
283 -1330
282 2090
284 -1208
280 -695
287 983
284 556
285 385
283 403
284 -348
282 181
285 -1193
280 -738
284 1787
284 -1760
283 250
283 921
281 -1062
283 88
284 1238
278 -670
283 -804
286 219
282 791
281 -728
279 1452
286 -809
284 -2323
280 3582
285 -2250
283 -402
281 -3009
282 2661
285 -951
278 -2133
288 1220
278 1537
281 -1015
281 799
282 -1673
284 554
285 852
279 349
287 381
282 344
280 -768
283 290
278 489
284 -1310
280 2867
282 -1526
284 -885
282 122
280 1885
287 -3158
282 -3604
282 1841
