29 11 578
819447023 388343224 19028966 155195559 926059835 229982977 684479517 97737966 418937334 544216762 749034878 156696944 333452938 452322369 520990087 143959475 96538483 329599360 766000420 295873170 919013375 106940105 143759050 718075666 359195287 997545159 574851628 534508147 834200734
121423199 624342524 16642583 355290827 151787379 871230632 742870879 960128389 551781134 880859146 49739209
354591049 481080539 440678159 321722816 506889548 876324513 98519848 437453104 422114970 428191103 685309246 266973262 133471748 267242751 188286764 53281047 506694423 293800996 304196513 945785775 713233643 495138693 678238012 310870095 831208555 920836341 140639119 455633095 61777231
244293686 453428766 786463960 821593678 45511495 963109433 876058380 878120643 368295303 94718906 9062627
100890979 360408085 109081340 107212009 298476614 390406679 313272227 314167381 270517498 369424906 79962192
155030939 452789825 252011354 140386811 320953008 468749073 249578267 481117816 337122286 308365906 179297929
109674391 143306479 189096604 261722155 233594316 226031724 11476887 64275761 373886317 77840212 369151393
374221189 171072324 200610159 216219096 310931150 218484808 148202555 450093514 492902530 231209747 174793539
171921131 434141082 206443972 84357895 215665372 98273299 229174332 93740510 294664861 46224953 133765823
208008664 389147590 127992759 196130121 127946156 354409757 221328570 28682312 42426198 452935455 277754119
495117750 203791730 100670070 472300886 358670975 158280953 162527969 89663896 254782110 13499690 100765187
149272900 282378963 153213145 289025 136567688 298014898 384823724 182513070 42506922 333464080 331464995
88856345 473435752 223948860 269231628 80271368 347342351 210492151 112540860 171251445 386784398 190051288
493130736 475983920 98400522 264016850 455215081 29472944 415536566 423020214 378635508 90959184 355569572
411587230 5523526 240971092 414577008 419636579 3502663 56647591 20256033 279580812 237637206 278969295
431311544 177103337 245502673 21473411 364261194 497786775 171356951 20900993 208969378 431700541 359048468
187853533 14228274 313649929 58305968 187156577 388093025 334012765 463010899 211350854 108248143 482709057
197021250 444946420 308878481 189118496 402330830 278762137 236665878 304753226 342600611 25941392 358225530
351110329 37503053 151937554 89993165 483151742 289827101 292036112 417008844 195470511 407043308 309558676
381856261 335124278 364291365 280838849 312759059 169294528 209257220 158091486 495698292 116252433 36126190
361698187 213739332 364883235 325421858 309730534 240629849 331095911 490252825 28572650 214017020 386626173
226749808 94261234 110472780 384781179 464918314 426698533 103490931 483449298 423436475 125401007 285795410
442662978 478530657 449936638 441569182 309537971 395017966 361608813 345802940 443121989 98526304 194789383
310580596 445236515 452614450 121739503 13294110 360475549 103990082 311819256 403676818 322671805 367568460
265479616 257997626 171223616 370529016 324939581 357978563 138962977 264342023 65058753 465609762 36147394
190047635 355608294 467173038 35942625 48512520 42255186 185250852 161769041 50244758 110572889 262671440
316008968 426787953 118449871 313293477 108528444 12733576 235003674 420017308 429079022 177511719 276737640
306516306 283901829 219148485 321811396 448375640 83889249 146873076 18921551 255511976 400272153 384206844
439894427 293992779 66514713 414742427 26876275 427782430 412297591 276130720 153568146 207005382 92600240
160883728 351623698 173025028 320897026 36124457 326496026 371615320 415059232 174396405 352520062 5904640
115500992 4093554 472855585 166264934 366840688 374656582 32993904 443676683 267502414 56520396 299060117
359897453 118772460 136165869 431780897 20724791 446513275 488327331 265338741 358669195 497292834 309908710
468256645 365834234 171688951 439844144 304522579 208697647 6857754 328030422 156207805 93966649 410077902
19 24 1 10
5 28 1 8
18 19 9 11
15 26 5 5
12 18 3 9
5 23 4 10
14 27 5 11
2 3 9 9
3 13 4 9
11 18 2 3
15 24 2 9
14 22 1 2
8 19 6 6
10 16 1 3
10 27 1 10
8 18 11 11
3 13 4 7
1 2 4 6
7 14 4 8
1 7 7 10
1 9 6 11
8 17 1 8
12 26 4 5
14 21 1 9
11 22 2 9
7 26 11 11
9 27 1 3
5 8 1 1
1 18 2 3
5 20 7 11
3 26 8 10
18 25 6 6
3 13 1 3
2 23 1 2
4 15 2 8
16 21 4 8
2 21 1 11
13 19 5 7
4 13 2 3
3 20 11 11
5 16 1 7
22 24 4 9
19 23 3 9
22 25 1 10
21 29 1 11
2 25 2 6
4 21 9 11
20 25 1 5
12 29 8 10
18 28 4 9
7 13 6 11
2 10 10 10
7 14 2 8
26 26 4 10
10 25 1 8
12 17 9 11
15 19 7 8
14 21 6 11
9 21 4 11
5 29 1 1
3 16 1 5
1 23 4 7
20 26 1 4
2 17 5 10
12 15 4 11
28 29 6 9
11 23 4 6
14 16 5 6
6 17 3 6
3 11 3 11
17 21 2 3
11 21 1 3
17 20 7 9
6 16 2 11
5 27 2 4
1 23 4 5
14 17 5 9
5 14 4 8
17 21 4 5
25 27 1 1
15 26 5 8
5 19 5 5
24 27 4 10
1 14 10 11
19 22 9 9
11 22 9 9
2 19 1 9
15 26 7 10
6 18 6 10
24 27 11 11
2 29 1 9
6 26 2 5
8 23 9 11
1 9 2 6
4 13 6 11
19 25 3 11
6 11 5 8
6 10 6 6
19 20 5 5
20 23 3 11
10 19 5 8
23 25 1 2
11 14 5 11
4 7 6 6
2 20 7 9
23 24 2 3
5 14 1 5
10 19 2 8
15 25 7 11
18 25 4 11
21 26 8 11
24 27 4 6
9 29 1 4
2 25 4 6
3 19 2 3
13 25 2 2
15 27 5 10
7 29 7 11
20 22 5 10
8 16 7 11
9 27 8 11
14 25 8 11
1 17 3 8
5 17 2 3
12 21 2 2
11 26 3 9
18 21 5 7
5 17 1 3
10 27 5 10
14 17 4 10
21 24 7 9
11 24 10 10
3 11 1 2
18 19 1 5
4 22 9 11
21 22 1 8
8 11 2 3
3 23 1 6
9 12 7 11
9 23 3 5
11 21 4 5
11 21 4 8
15 19 2 9
5 20 2 5
15 17 2 2
5 10 3 7
15 29 5 11
2 29 1 4
13 15 2 7
11 14 6 10
9 23 1 4
18 21 3 4
5 12 3 11
8 27 8 8
4 27 2 9
5 5 4 9
12 23 5 11
16 28 4 11
3 24 3 10
24 27 8 8
2 12 2 7
1 22 4 8
11 20 8 11
2 26 1 4
8 21 7 9
6 18 2 10
19 29 3 8
4 20 5 11
3 9 4 5
6 28 1 9
15 22 4 10
2 25 1 7
11 26 1 1
3 10 5 8
8 29 3 6
10 14 2 4
5 23 9 9
7 25 3 4
22 29 8 8
4 14 8 10
7 20 5 5
9 16 6 9
6 28 2 9
4 17 1 5
6 18 5 6
13 18 2 11
14 19 3 7
20 28 10 10
6 17 9 10
4 16 3 6
19 25 1 9
2 10 2 5
16 17 3 9
13 22 4 4
4 20 2 10
15 24 3 10
3 29 3 9
12 27 9 10
2 17 2 10
21 26 1 6
14 26 9 9
4 8 2 5
13 25 2 10
16 23 1 4
6 12 2 6
4 17 5 6
11 16 1 5
4 23 7 9
2 20 5 8
2 6 10 11
3 27 4 8
3 28 7 9
13 22 6 11
3 8 2 5
3 11 10 11
7 18 2 3
1 7 5 5
14 23 2 9
10 24 7 9
9 22 4 10
4 29 1 10
3 26 6 6
6 24 4 7
25 28 1 7
13 21 4 10
4 15 5 10
3 28 2 7
6 27 7 10
10 23 2 9
1 8 1 11
10 17 5 8
19 26 1 6
19 22 10 11
14 23 1 10
7 20 1 4
6 14 5 9
23 26 1 9
13 21 11 11
5 6 7 7
8 9 8 9
5 23 4 9
11 12 5 11
26 27 8 8
5 11 3 9
5 27 3 6
13 19 2 6
4 22 3 11
9 29 4 11
7 17 7 9
4 15 4 10
13 29 7 11
15 24 6 8
1 20 8 11
7 29 2 4
11 17 8 8
8 20 6 10
1 29 9 10
5 29 7 9
10 15 2 10
4 18 2 5
4 21 4 6
16 26 4 5
6 6 3 5
3 11 3 5
25 26 5 7
2 21 5 11
5 18 3 3
19 23 2 3
1 4 2 4
5 10 4 9
11 27 1 5
19 19 8 10
5 19 2 7
11 20 3 4
15 24 4 4
7 27 4 7
17 26 5 5
13 16 8 8
14 21 9 10
9 9 6 9
20 29 4 4
19 27 3 3
17 23 1 4
1 19 4 6
22 25 3 6
13 15 9 10
17 25 2 3
17 20 2 11
3 26 4 6
6 17 3 4
15 26 5 10
4 17 8 10
10 21 1 7
22 28 2 9
18 19 3 6
5 29 10 11
20 27 1 9
7 26 9 10
21 29 2 4
19 25 9 10
16 20 4 6
8 23 3 4
2 21 11 11
2 11 2 7
13 16 4 8
14 26 4 8
23 26 2 3
5 9 6 9
5 26 8 10
16 24 2 9
1 1 4 6
25 29 7 10
1 23 3 10
19 29 3 6
6 20 4 11
16 18 1 3
3 10 5 10
20 25 6 11
1 13 7 9
16 28 8 9
8 14 2 10
3 29 1 11
1 15 2 6
5 9 5 7
3 22 9 9
10 16 3 9
13 23 4 10
2 24 1 1
5 8 2 9
17 28 2 3
12 21 2 6
7 23 1 3
6 8 6 11
2 24 1 11
12 23 8 11
16 17 6 11
1 20 7 10
11 17 11 11
15 17 2 3
6 20 8 10
18 21 2 5
28 29 6 7
12 14 1 11
18 18 3 7
10 18 7 11
14 24 11 11
2 18 7 11
12 12 4 7
25 27 4 7
13 15 4 8
2 6 7 10
11 19 4 6
7 10 3 6
1 20 1 3
15 25 5 11
7 29 10 10
2 8 3 9
7 11 4 5
13 16 3 9
5 27 2 11
23 28 2 6
14 26 8 8
20 28 8 8
5 25 8 10
15 22 4 10
2 5 2 7
4 18 1 7
18 25 6 11
2 9 1 1
1 3 4 10
3 11 7 11
10 17 1 4
16 22 4 4
1 9 1 10
1 11 1 5
13 23 1 4
2 14 6 10
11 26 8 9
19 22 2 8
19 27 2 3
5 24 9 11
15 22 2 7
16 22 6 9
1 17 5 10
6 21 3 3
2 5 3 9
9 25 6 10
16 23 8 10
5 22 6 7
1 7 2 9
9 14 8 11
12 19 7 10
12 15 8 10
26 28 3 6
7 26 9 11
10 27 10 10
22 22 2 2
20 29 1 1
14 26 8 8
5 29 6 11
19 22 5 7
22 26 3 10
20 27 4 11
23 26 5 8
6 14 9 11
20 20 4 10
5 7 1 7
4 9 3 7
14 16 3 10
15 27 3 5
5 24 7 11
17 26 2 6
12 20 5 9
13 19 5 11
4 27 11 11
1 3 10 11
15 19 2 10
1 13 7 11
1 26 3 4
22 27 1 6
2 11 9 10
9 9 3 4
21 26 1 5
10 17 4 9
9 26 2 11
19 27 2 8
13 16 4 5
11 29 10 11
24 25 2 8
8 9 7 11
26 26 4 6
8 23 9 10
9 28 4 5
19 21 2 3
18 22 2 11
9 22 2 8
24 27 1 4
5 13 2 7
3 26 2 9
2 20 3 7
9 10 4 4
10 14 11 11
24 29 9 10
1 12 3 9
1 18 4 8
9 15 2 3
28 29 1 1
10 15 1 10
6 11 1 10
11 29 7 8
8 19 8 11
5 16 1 10
7 26 6 7
10 29 2 5
21 22 1 11
2 19 6 11
16 26 6 11
4 20 3 6
4 20 7 10
2 16 3 7
6 23 5 7
21 28 1 2
15 15 10 11
7 12 1 6
2 19 4 6
1 15 3 5
15 15 1 9
22 25 9 10
11 20 5 7
27 29 2 5
15 17 3 8
10 24 2 5
14 27 10 11
23 24 1 9
17 18 7 11
24 28 1 6
4 19 4 10
10 26 3 3
12 17 8 9
17 26 7 9
5 28 2 5
15 24 7 9
5 22 1 2
6 12 1 2
6 29 5 9
8 23 7 7
6 6 8 9
13 17 1 4
2 12 1 11
26 28 1 10
15 28 1 6
2 5 3 8
19 21 9 9
24 27 6 7
2 17 8 9
11 23 3 7
3 28 5 8
6 19 1 5
9 27 6 10
18 21 4 11
20 25 3 4
7 21 3 3
3 16 1 2
6 25 7 11
9 25 1 8
23 24 8 10
16 21 8 8
7 12 2 7
26 29 1 6
19 26 4 10
20 28 5 8
19 22 8 11
7 25 1 11
1 6 1 11
1 10 3 5
10 16 7 9
5 7 3 4
1 24 9 11
7 11 6 8
4 22 7 11
11 18 2 11
4 7 2 2
6 12 3 8
7 22 5 10
2 9 4 7
7 19 6 10
16 22 7 10
13 25 2 9
11 13 1 10
10 24 2 5
19 25 3 9
6 23 7 11
6 29 3 6
7 20 6 7
6 7 4 8
23 26 1 6
6 20 4 5
13 19 2 10
19 26 3 7
18 25 10 11
7 9 2 7
1 19 2 7
24 26 8 8
27 27 4 8
6 29 4 9
8 11 2 7
5 6 2 7
16 16 3 5
14 29 7 8
16 19 2 9
14 29 3 5
2 29 4 5
17 27 8 8
4 18 1 3
4 28 4 7
8 22 2 2
1 19 4 10
5 23 2 5
9 15 2 10
7 11 4 5
17 24 3 11
1 4 6 8
20 26 1 2
2 3 10 10
17 18 1 6
14 23 2 4
13 22 8 8
20 26 1 6
15 26 6 7
8 24 4 9
14 24 10 11
14 16 2 3
8 20 7 9
7 23 7 10
5 9 5 10
2 23 9 11
11 29 3 10
26 28 9 11
