25 14 274
497302524 330952508 763569464 372571037 730444718 71526245 639273887 397218190 433859371 984151519 898274160 894820729 137457724 554331074 873535248 212169434 184379069 326769685 91801661 247719118 3278991 285791892 394640619 701687995 258243823
316740824 17945769 36998826 602134474 833788028 136530410 2594657 727797520 144458201 180968979 283328477 207583763 414870256 956958800
568638421 686611802 525694128 90399849 71603729 761103486 270713243 913242397 103895400 579343731 366487002 732920653 829637134 303283702 983327144 818888959 515848817 17355721 761803968 782803598 455637447 912562770 161819101 704744822 264739626
256176579 671042073 128371116 788888191 569384479 181835250 304785695 192775928 201548537 402456163 62596014 753222222 438680646 860755101
225598475 411125674 490437293 141929496 58513888 396241155 388364655 302261860 364082952 372990408 448702472 226521433 76944360 142854261
362642187 44050851 262621584 12518088 495960693 343088031 284854963 342646885 100871109 154436139 46938400 173729528 385310772 300498892
398835988 175347449 193317521 241687711 425985378 56523264 294680062 481186625 80535326 376110767 47016780 368917614 363079960 247473876
320943379 60667043 426631931 306718117 277058742 110451338 411204204 261623049 247795556 483153093 325270780 459257107 369984733 322041208
383754843 101485254 55497416 194157061 120852877 252727360 392252296 266092355 488643467 336309040 180839470 65430946 489760644 101921315
407704902 188958731 159541380 165416304 133930762 422684493 178534474 100014178 170090410 342870755 45637159 50161138 421852898 358394269
21944004 411667786 241135977 10520285 365383876 328877225 17638841 459052669 84227735 426544499 461109766 304198811 245691173 36585052
473421914 87655045 412352844 148540820 249274034 293399915 398145085 95398733 261981549 497355109 380416205 44530728 266708115 469182981
250921883 368098218 387687718 224864679 28474739 250682802 153273756 207501169 423058134 185255357 319575352 64126839 143500307 207014047
350833571 282989513 464139649 28603028 358999530 474445399 178479536 64638586 344802093 308715068 307876317 130130633 86017923 428223356
362216388 203887947 218796274 439133015 272308369 229775937 487156744 244280235 284356925 225772244 75206900 48197874 432309082 292508983
45627868 355862151 404880246 204450724 307470217 158533642 190463935 273100422 262825539 167711586 273146394 159951621 274749226 428601778
148520119 74042139 271279151 331758365 41645232 113811434 386199986 287626814 446674183 452215291 347377599 8377455 369168767 226442554
26486117 166175544 60374864 272931110 288177826 120148824 432319456 460218089 405366049 269852041 442804729 175943923 343141427 130797680
260267909 362145723 397064790 219629637 172227715 385633586 157460898 211427777 370951031 82140057 48517608 23924916 130822437 54067278
69179253 350065248 188368823 324927916 347250182 443465649 396267809 77404787 262681739 261644973 420699235 182643320 460041871 325997473
286259706 390204699 173999950 150443796 438168496 438794235 182630629 473396125 9480506 137185141 213596159 453862493 366939911 281235344
61076874 482992879 224272974 263745711 286441553 91205834 89347502 452648584 150402507 450576226 268460041 113227967 11517078 438649415
69598560 490464442 225387284 116125872 188230088 131316094 243275628 387347687 214207217 257669369 285455174 358927063 207847097 344299593
497884074 32307699 347729058 380922029 176013644 107717323 199449740 461970097 119449976 131503557 432000524 70936225 105498243 320459379
250009710 499572279 250135422 372362400 499977570 81335558 15937402 473665714 80834315 458194025 50113653 68559220 375087941 417826754
399787181 162324273 195917684 308231922 408397187 151700330 288953955 199057962 283156624 427800102 56472575 421985368 283382502 211323020
276087137 119720326 327249825 375367776 334685654 193582372 445378702 60831457 278806431 395530488 375962750 347117200 26128059 48987270
11278631 84153793 172109309 128976381 55627774 402602249 15688873 470593435 404075575 80883195 215370588 440741486 402280369 487191152
187617706 118146935 72717123 213617908 449357335 24578895 302169432 280208840 396266277 379115354 204570515 179733258 226476225 243542370
4 24 3 9
10 14 6 10
3 15 8 11
5 15 7 8
19 19 1 3
7 8 4 7
19 22 6 13
6 24 12 14
7 22 2 7
11 19 3 12
7 18 3 9
15 23 7 8
11 24 1 11
4 7 11 11
19 25 1 6
13 21 6 11
1 11 9 10
3 5 10 11
13 14 1 9
7 18 4 4
13 22 6 8
7 19 3 8
12 23 10 12
6 16 8 14
4 13 6 11
7 13 3 11
8 18 6 7
11 18 5 8
2 8 1 5
8 24 4 4
7 15 8 14
3 10 3 12
2 4 8 9
4 23 9 9
8 25 7 14
12 24 4 5
14 18 7 9
17 18 3 7
7 18 1 4
9 14 10 11
8 14 8 10
2 3 4 12
5 16 10 10
11 22 6 7
8 18 1 3
3 23 10 11
11 14 2 14
19 23 3 4
4 13 7 14
5 23 2 6
10 13 10 11
11 25 5 12
13 15 10 11
2 19 1 1
10 21 3 12
10 21 8 9
16 20 8 14
5 14 6 9
9 12 5 14
19 24 4 10
16 19 4 14
12 17 1 11
14 19 1 9
8 19 8 12
14 17 12 12
6 9 1 5
3 22 12 14
7 15 2 14
10 11 7 7
5 8 1 10
8 17 8 12
7 11 3 7
15 20 3 9
23 25 12 13
12 18 3 5
9 25 1 10
2 6 11 14
2 15 8 14
3 18 8 9
5 25 8 14
15 23 3 12
6 8 10 10
5 6 10 12
12 18 10 14
14 17 6 9
12 15 2 12
8 17 13 14
12 19 10 14
5 9 8 11
3 24 10 12
8 9 11 14
3 15 4 7
1 4 1 12
1 24 7 9
4 7 5 12
6 11 12 12
1 10 5 14
4 8 2 8
8 14 10 11
2 3 5 8
8 17 5 10
2 19 2 12
2 15 6 12
3 15 1 14
14 15 2 10
3 13 8 9
13 25 1 11
21 23 8 14
16 17 12 13
4 4 9 12
7 17 6 7
21 25 3 7
13 20 4 14
17 23 8 13
6 8 7 7
2 24 2 11
1 23 1 13
10 21 3 13
17 20 1 2
6 9 1 7
2 4 9 14
9 16 1 5
1 8 5 8
20 25 10 13
5 16 7 7
16 25 1 7
19 22 3 12
4 20 3 10
2 10 9 14
14 18 3 3
16 17 7 8
13 21 2 3
6 23 10 13
15 20 1 11
21 22 2 14
18 24 6 14
6 6 5 10
3 10 4 14
10 15 7 11
1 6 1 8
10 15 2 5
19 24 2 6
13 22 1 11
2 5 1 1
5 23 3 12
3 16 11 11
2 18 3 4
9 18 10 12
19 21 1 9
4 21 1 8
3 25 7 8
5 20 10 14
11 20 4 4
7 8 10 12
23 23 2 5
9 13 4 10
16 19 1 5
5 23 2 4
12 25 9 11
1 7 1 4
11 14 6 11
14 23 8 14
8 13 9 14
5 6 4 13
13 19 8 11
2 10 9 13
16 24 7 14
6 8 8 9
3 16 3 14
2 22 3 10
3 18 10 12
2 2 2 11
2 25 1 5
2 22 7 10
5 7 2 3
6 21 4 9
9 18 9 12
8 10 8 14
17 25 7 8
16 16 1 12
11 23 5 5
2 21 1 7
6 11 2 5
3 6 3 3
2 20 11 14
3 11 1 1
1 5 10 10
10 19 4 14
9 22 2 14
7 10 6 6
9 21 4 5
17 22 6 11
21 24 7 13
7 25 6 8
6 19 7 10
9 17 7 12
5 22 3 9
6 7 8 10
11 21 2 8
13 19 2 9
5 23 4 10
14 17 5 10
3 24 4 13
6 14 10 11
2 19 1 5
3 10 9 13
9 11 8 10
16 17 6 12
17 21 3 4
14 23 4 10
10 17 12 13
18 22 6 14
19 23 12 14
13 16 5 13
2 15 9 10
5 9 7 10
2 9 6 11
13 17 3 5
7 25 13 14
10 23 4 8
15 24 3 9
4 20 13 14
2 25 8 9
18 19 2 10
5 15 1 10
4 14 2 12
5 23 1 12
7 11 5 11
17 21 3 9
17 25 1 4
6 25 12 13
10 17 2 10
9 21 6 14
2 9 2 8
21 25 10 11
8 21 2 11
18 23 1 9
1 22 3 5
12 19 1 2
2 17 7 7
7 24 5 7
5 12 3 6
8 15 3 13
2 21 3 4
4 5 6 14
8 16 2 6
4 7 5 5
15 22 10 10
10 14 6 9
17 24 3 7
5 19 3 6
14 19 10 11
16 21 8 10
9 15 2 9
8 21 3 11
14 24 5 7
1 17 8 12
1 10 4 4
14 23 2 14
14 14 8 8
13 16 1 13
12 15 3 6
4 25 11 12
7 20 4 6
9 18 4 8
16 16 3 4
4 18 6 12
6 11 3 11
13 21 12 13
5 19 13 14
11 20 2 7
2 16 2 9
2 10 4 12
14 20 6 14
