20 48 751
920899666 381187637 512631422 575844651 804364166 805468164 502253840 951359570 487563993 692747015 392703337 194910362 142610377 565397312 350948942 144809442 948560215 918717161 716184112 802704225
579785533 536152564 558901304 865851120 130992253 61114132 547244296 587463599 613192779 143374385 646560740 104912474 879192777 804004351 430419954 678663221 873901786 228947422 390637293 94467710 233152996 519401731 892479737 629610474 505117813 634429692 245113614 821089385 232708387 598959705 608859374 423342440 714416672 628232153 69208043 512417386 188775780 341898656 242945948 733013390 78218363 345366991 911212138 409979415 889632855 605602192 796153906 261779359
879469802 720614855 246009024 809412791 118882558 411644019 20703290 42563958 603908799 233677996 50548560 44538847 706170385 333920433 851208399 28979751 481458349 583157772 433178973 101875440
101823823 535802662 734901468 672057388 579007351 158053680 927280816 669335455 329072655 496440230 17219083 40931984 177901351 625692753 176003540 329800109 383180778 342442787 465438071 871255466 153015190 892835329 340179615 22036023 914664592 144114050 360734481 10088269 994407852 290280149 464887181 161434929 76144025 521931666 238710257 249086712 119735698 875754997 354091730 836915180 911308616 941856749 284322044 184899494 362276828 76527527 77384488 129455842
257169796 201923781 83305693 290602832 127806952 94748264 187665085 477753267 473224483 226122216 273758381 441789450 315089940 260393299 276379205 36559207 495482080 442473785 171940167 258029543 93972481 308229650 1351592 38060203 137972606 323871386 105459295 38271551 408939759 114997523 177107570 142050519 375747562 126379528 371826161 155436678 399819157 227844597 182822845 205123829 242156568 191517810 160150614 396461574 485653557 337239307 16620379 173768251
281339982 71694056 432070893 368008556 270469096 226911616 312613518 407197737 393257057 200094278 9922310 466402662 403151571 145079059 37108212 424365753 329862405 236198454 349456665 172192981 39833877 448284032 237724450 427810594 178503895 275152015 338279105 237844130 338100766 380174330 62032592 12606631 53477660 312268771 51536957 444748089 243998542 22442721 279296893 394085425 76793623 64494592 278291643 83922048 487687436 110461300 293713224 343277804
198429950 42735675 109050450 104663543 125400158 293282616 301136422 20391985 184133698 411841653 444090276 296313537 489486595 317595305 44481348 414136436 178867854 390134214 58792776 288422783 452441694 195070943 402252741 404478185 212278938 373993761 286851536 185033169 143495360 232796836 297052076 12421069 448805825 153181670 201466160 16689206 159077895 306453941 243549732 314689413 138223240 7137736 240010285 157622551 409587062 193160405 319211434 470712526
498517916 89244560 461399997 191876654 93081724 43470037 348435572 219330838 470610268 326041942 10836178 177980401 380296793 380369229 328271173 201278995 435500925 245111241 183882339 428775215 377311277 134002691 349197050 428159506 272752072 361541493 385561983 204950115 454947990 375359611 127119257 256412612 34387460 90468381 324873117 457875240 484244110 341840721 189219654 45187315 328198092 354097787 438140127 283096951 484594612 203066687 124836214 493610625
61365166 292127115 322081705 487509977 424474940 337015747 424813377 499674769 397348616 167514623 5100154 42218362 496148912 170943405 400868802 339092200 431062885 50435738 194314075 394886048 7119993 305918201 122375877 483803014 121197710 452652958 21397119 414865572 16357647 403986929 25907268 78788621 101458133 284220091 21423214 36789858 386209745 246252874 447882850 60987382 387180923 66567910 28581280 169403855 471711790 138783109 374640569 329346089
339187719 115805600 20746757 285583971 253794536 40185368 64778057 21258268 454291284 451405140 113610068 99703952 13070840 405645194 204591845 166775401 333460549 350933053 29217867 245116738 74943448 343489715 400451879 304392563 178871458 398188363 495930697 158185896 233994090 46746014 30246006 201382498 402789771 76656249 106428484 34962527 123578436 332978461 417607020 23374299 197188903 498927281 448830013 4901989 55241422 446401124 7361370 115488121
107043541 156944534 62055632 179887707 151310532 36125470 284236400 20696655 316741728 401298557 191444853 493967823 382905975 90748656 186069814 244752091 486069765 68719021 434373383 354484996 83633283 308509943 130050217 176690037 226193121 499539474 238405625 416172410 372600778 9655247 443602391 95379679 23034030 443153974 184519454 317820426 198196645 364351463 275515199 37073658 69651202 147886953 408340918 232042838 422396638 130175381 86994369 244758455
147669477 446673666 350620582 102882653 42365269 55350389 386354986 425534700 488777309 175633901 449352199 401533845 58911183 393093816 133593328 413883404 415320494 69562274 53642262 473170146 274093451 139675580 145955593 310127670 368686670 204886539 9141393 212608899 365142429 184594573 95034172 158825827 157144008 232088261 329668570 216688433 214068694 270215626 129824828 357134119 189727149 469027589 15760044 63346085 66272432 150194024 5934601 360708297
215674889 4278627 92796610 388604935 85717222 255920350 192837601 109722627 149933994 134183304 418513223 49260595 495538477 69972707 491783401 258578576 109343554 190436262 273610864 419614870 325886315 289733321 126558856 99287662 45905469 112320248 347728317 380421220 262470244 89248719 66178466 93513154 290446415 192315596 298368465 190425125 341027150 340487909 199357454 124430821 340434789 41806305 142248440 496490888 379645952 127096803 323337411 193372341
258649820 299047343 266315461 235596983 461188208 114631827 242873270 272403734 126127972 457642458 386065611 131347180 459550299 6182764 138203092 292780900 161033556 148508205 245817904 223675319 172119271 403299537 479914433 334788726 340712544 296731694 34688823 163559997 174060039 261715895 123515114 346108717 247427476 40784976 166544723 28009145 56034249 263667394 359334652 279739891 479958983 315062056 320357255 419987561 107850353 438823834 163833818 168532245
399337052 124002455 43239743 433341966 108805892 292767819 130223436 397202163 234497049 28993279 106058717 458902694 352019782 326556771 149024980 246408173 8384526 425532070 192855332 360979664 324983203 66162155 278580035 325973306 162527159 131814186 235854688 102670438 283197498 49630476 39748438 295663341 375413338 236052717 407019453 461594004 339556296 52803513 6867068 363643843 112168750 134937648 175555473 159818420 362264668 116561269 127252784 255693294
26435509 345569994 272113072 25031325 44601879 211011352 398316087 466073977 369996983 185102406 149741223 347008080 297395030 154580576 285958694 303201759 204098254 15926306 123653609 157852781 278601456 288914338 279071064 168831622 378015973 57566649 88660636 420297895 460208044 462976047 464741019 423123048 181816911 493683573 309220660 124969169 377016558 361927100 332278874 276457594 499439726 42811101 305838250 177100837 472097205 90888830 210367068 354895903
290939995 449070819 360677249 446880209 320950976 283625258 342204039 74880197 367186999 235110462 395314402 318037586 379715991 244457545 345526704 208166436 463391463 45747541 470863600 481938482 80228680 54311345 293337165 287155414 364118961 63425800 123802968 241332869 395055113 58086350 211581346 104095138 98295085 498658606 20742103 202662588 179746849 408630893 117545913 83390069 335338800 1104096 396509746 166366232 404830505 192741440 369253314 51870210
7933694 71262944 402439642 467250467 174016508 444706098 13877954 9663070 179983676 324171275 470414599 234269386 97085021 63722659 145745740 344364666 326670369 376954187 5840930 303549937 165300780 372710944 199509824 330354214 222371129 324507572 304457922 51922255 38437939 165769114 203847021 499058441 104441433 445044109 63463760 112963087 316986885 113062312 92629081 16516321 315957536 241277820 122443582 177431321 343655696 227135205 334833473 378916838
64789543 191281385 250502041 72840412 209622734 29982333 207348529 413249455 427621225 80636915 246702781 303404041 401277620 146074932 464938110 53922173 254673833 369739773 18656171 238589732 183532145 288437238 212133869 73350133 118515654 133274633 150271293 417009381 342628587 236436265 423723798 211641023 416823991 441618571 27260783 403199591 89519549 484126402 91825102 342141941 398801440 96702120 300327455 282051484 457006033 117498585 294687840 333156108
498661956 463122934 108729813 322523306 442619913 413570769 232914086 134467403 37115173 19315826 351938662 379678253 481767041 153585143 415345117 374426990 306135136 160029160 135300290 47427224 213344051 480829199 370997451 63396257 14611339 422835918 447745524 62204769 66895053 399783082 25398861 498893166 126306868 338580133 448063875 268885073 159660249 295886797 57803615 456668025 101482788 331402535 5665278 329977958 183475763 408654272 201291346 240650177
312487672 142110842 343943753 288567245 376330457 244450785 360523422 328856529 31048272 110946759 218087375 50444728 339753856 248273938 368335953 397763765 329379300 58379294 484661479 483050125 180204423 424108909 464901489 73833897 33210183 169950906 210359255 313836307 471367600 306844471 253749479 135793167 472579776 285554344 283954217 386166980 493705302 169680292 250969285 217648660 151469263 489910635 221083512 490835163 215102614 345152072 68212701 251823027
429447574 392221206 387089379 153601743 242224098 374490391 142893450 50694696 475250843 63010198 101195901 316022389 372557586 163458192 7093821 146344545 441764442 162272879 150998086 201063844 278968327 188697931 393833827 414378197 213302741 110233566 451110380 415157867 481602746 372685268 4712016 366409300 30391244 330978653 380571832 340369803 97010790 316957814 391936174 273915882 101099660 466425848 482034009 384006097 382815866 140028794 474509202 413982238
279103079 475186552 441739069 216515609 354920576 334341996 439064862 362778310 334387951 490165668 378595796 34165265 26660139 139512679 400597059 472940338 353272878 316661153 408380149 284040701 159546384 127078918 80353969 387036165 150926743 18102375 386473004 195358102 277891862 306038240 165477003 419009018 205436755 374315282 56948158 438589440 24543466 382643806 121997463 437129231 480276409 18799500 319752017 173894230 391042320 75965717 449869467 333588737
238752591 204140953 463434025 223485041 412201374 75434697 61422092 65189409 245626537 64502447 281635839 204305208 385427547 419307672 238822712 3931161 107314307 96321566 73894851 498195346 272486964 84540870 71954166 203082399 78147561 419104077 465231791 149175683 319357761 20585705 287669100 198888565 430160253 185324545 450910645 37515009 460586078 444231903 127657330 169375416 424393045 430778644 164155290 388029910 20525322 245618637 23367167 137950928
1 16 36 39
18 20 30 38
2 6 12 40
11 18 26 41
7 7 6 20
10 12 26 32
3 18 34 44
6 7 9 47
4 17 20 40
1 11 5 45
4 7 4 42
15 18 4 8
5 14 33 40
2 12 4 36
12 20 43 48
16 19 14 23
9 14 24 32
13 18 23 35
12 20 9 24
4 8 25 26
11 19 10 46
1 1 2 5
8 17 13 28
12 20 36 39
5 19 3 36
13 16 12 23
8 19 7 10
10 13 26 40
4 4 33 40
3 14 36 47
5 17 12 17
6 11 2 7
9 20 22 26
16 19 4 37
1 4 26 29
11 17 23 43
4 9 18 44
6 10 6 30
11 13 3 25
8 14 40 45
3 4 8 15
6 8 10 44
7 13 21 21
12 17 27 46
3 12 3 14
18 19 12 36
13 20 21 39
3 5 16 32
5 16 24 35
5 16 3 47
14 19 35 43
10 14 13 38
9 12 10 36
9 20 20 45
5 11 4 36
1 11 18 31
7 9 16 26
3 13 7 46
4 17 7 39
15 19 31 45
5 18 13 32
9 9 1 30
7 17 3 20
19 20 11 31
3 15 2 33
2 19 15 15
13 14 9 14
1 12 28 43
8 9 45 47
2 8 8 14
7 8 1 37
11 14 43 47
9 19 29 32
12 14 37 47
5 9 30 46
10 15 10 16
13 14 18 19
9 10 34 35
13 18 5 18
4 10 5 18
3 10 6 15
5 16 11 33
9 20 11 43
5 7 8 45
11 19 1 18
2 13 32 35
2 12 15 44
2 13 18 34
9 19 15 48
13 16 3 29
2 16 23 30
5 15 21 48
4 18 20 29
11 14 36 48
12 18 21 32
11 15 22 42
8 17 7 21
4 11 14 47
12 17 17 48
9 11 18 23
7 11 10 45
4 17 22 22
7 9 6 31
3 6 15 44
3 3 18 34
3 19 3 19
13 20 40 48
1 15 6 45
8 19 8 26
9 17 32 43
3 14 24 45
6 11 10 33
6 9 30 42
8 16 19 43
4 8 5 44
4 10 6 27
2 13 19 30
3 3 21 45
1 4 16 40
2 9 28 42
1 19 17 48
9 13 24 47
4 7 10 13
2 18 4 18
9 15 20 46
2 10 18 33
17 19 7 34
15 19 9 14
6 17 32 43
6 6 18 44
12 13 13 14
2 10 15 44
13 13 3 33
12 17 5 43
5 20 2 23
12 20 4 47
1 20 3 43
4 9 26 29
12 14 15 26
9 19 20 34
8 15 14 34
8 11 23 41
10 17 17 19
3 18 33 36
12 15 24 35
6 14 5 32
2 15 3 8
11 18 19 38
6 18 14 41
8 10 15 15
8 13 40 42
6 6 24 34
6 18 15 16
1 12 2 19
4 9 23 30
1 10 28 38
12 13 9 14
17 19 28 43
12 15 10 24
10 12 4 37
5 18 43 43
10 11 27 34
6 7 10 21
10 17 10 16
9 14 2 19
7 15 6 45
18 20 25 40
9 19 4 39
6 16 3 40
4 13 38 47
7 9 13 31
8 15 6 8
14 20 21 44
12 20 19 33
13 18 20 37
4 13 15 38
1 9 17 38
7 8 40 48
2 10 27 39
2 9 29 40
6 11 34 41
17 19 4 7
5 17 13 43
9 11 15 24
6 10 2 35
16 20 2 19
3 11 1 22
3 6 7 20
1 6 24 29
2 11 15 34
1 13 13 22
1 11 22 47
8 12 18 34
6 8 5 11
2 18 16 43
17 19 29 44
15 19 18 38
5 6 44 46
9 20 27 28
5 18 19 33
1 18 6 8
1 18 9 27
6 17 23 29
11 12 26 33
10 11 15 46
12 16 27 48
2 17 1 26
9 17 13 21
10 20 6 37
1 20 7 23
4 9 2 17
14 17 26 42
16 17 3 14
9 20 11 20
5 18 41 46
3 7 17 35
4 12 5 39
3 8 6 31
11 15 11 31
9 16 10 38
1 9 29 43
5 8 21 35
1 3 32 42
1 10 28 33
12 13 2 22
1 17 38 47
3 11 8 41
18 18 10 45
2 20 12 47
13 14 1 30
7 10 35 39
10 17 9 37
7 11 19 31
5 12 9 18
4 5 28 44
15 19 11 43
4 17 35 38
4 7 8 29
2 2 12 42
6 14 21 43
4 19 23 28
15 17 20 20
8 14 46 46
10 12 8 43
11 15 27 43
1 13 4 38
17 18 20 48
9 15 25 44
10 18 35 43
18 20 41 44
5 14 26 30
1 6 10 28
10 16 3 28
6 12 7 21
8 17 7 47
3 10 15 25
15 20 12 43
8 12 21 46
6 7 14 42
4 7 11 35
5 16 34 40
8 11 17 36
4 19 28 30
6 10 34 35
2 20 11 20
4 15 11 22
4 8 22 42
10 18 23 32
3 10 5 25
15 19 23 44
1 18 30 47
19 20 35 35
7 10 18 20
9 12 14 22
9 15 43 46
5 11 1 21
5 11 40 41
12 20 24 25
10 15 4 44
11 13 17 40
11 11 8 20
10 11 12 23
4 12 12 20
8 11 15 43
16 18 12 38
8 19 25 33
7 15 32 46
1 7 9 24
11 16 15 37
8 10 10 12
15 17 10 21
7 7 9 24
6 7 3 30
2 18 27 47
1 8 14 33
13 14 12 21
3 13 6 26
5 12 33 37
3 13 11 14
1 10 25 25
8 12 3 38
8 13 14 35
3 4 15 40
10 13 36 48
11 12 7 16
4 10 10 44
2 4 2 17
2 13 7 11
2 19 48 48
9 10 11 24
13 16 4 44
10 15 19 34
5 16 3 33
14 19 24 26
13 17 19 32
6 19 38 40
5 6 25 34
9 11 4 12
8 11 4 8
4 6 14 33
4 15 12 47
18 19 11 12
2 16 29 40
7 9 23 36
1 11 34 42
1 9 12 15
15 17 23 33
8 18 16 38
2 2 3 21
4 10 21 28
8 9 11 38
12 20 28 46
11 20 27 34
6 7 10 48
6 12 21 46
7 9 1 28
15 20 38 41
2 8 37 47
8 14 10 38
11 13 16 40
5 6 3 34
14 18 22 23
2 4 19 32
3 9 11 15
15 19 11 44
17 20 17 18
5 17 5 44
4 4 41 45
12 16 46 47
3 14 18 20
1 4 16 25
4 17 4 24
4 13 26 38
13 15 35 36
19 20 18 19
15 15 5 26
6 11 3 5
16 17 13 44
11 11 17 19
11 16 43 46
1 14 43 47
5 11 10 40
11 17 2 25
5 12 14 42
1 6 9 42
5 7 7 32
3 14 3 27
12 19 7 47
3 3 12 40
10 19 1 6
2 9 21 46
7 19 20 35
6 7 36 41
4 14 4 9
18 18 7 42
3 14 12 14
1 14 34 48
2 15 14 14
13 14 21 30
3 6 16 32
5 15 44 46
15 17 9 23
6 16 15 43
1 2 31 48
14 15 1 46
3 5 15 30
19 19 24 31
3 15 23 47
4 16 10 11
5 13 20 23
3 20 23 33
4 20 1 23
13 19 1 38
16 18 4 18
17 19 20 41
2 16 13 44
3 11 3 32
11 12 11 35
1 17 32 33
8 14 14 27
5 16 5 19
4 7 38 41
2 14 20 45
8 14 6 8
10 12 17 22
3 9 8 15
16 19 44 45
7 16 4 27
2 15 9 47
10 15 30 39
14 15 20 29
8 8 37 48
7 12 4 36
1 10 22 48
2 16 32 38
17 19 9 44
1 8 27 35
7 13 12 31
2 19 20 45
4 6 30 48
3 20 3 18
8 11 17 35
13 17 5 9
2 12 30 43
4 17 5 41
4 19 21 36
10 18 46 47
2 12 5 15
4 8 42 48
1 9 21 40
4 14 3 43
6 20 10 21
3 14 27 43
7 14 43 45
12 16 32 43
3 9 15 30
18 19 14 29
11 13 10 36
8 20 33 43
5 12 39 41
2 20 19 23
11 12 9 48
6 11 8 32
7 20 5 20
1 16 14 42
6 8 11 34
10 12 39 42
8 12 20 28
3 11 9 26
15 20 24 28
4 12 31 37
1 8 1 8
5 5 24 41
3 13 8 18
3 5 33 33
10 20 15 16
14 18 15 37
1 15 31 44
11 17 6 18
9 20 30 42
4 7 5 34
3 16 26 28
14 16 11 19
11 14 20 38
12 20 12 28
4 6 19 43
11 19 5 43
8 10 40 45
4 6 2 46
10 18 30 45
4 7 17 21
1 10 11 45
5 20 22 39
6 20 5 13
4 16 3 12
5 20 8 44
5 17 3 44
2 19 29 47
5 8 37 47
6 15 17 37
7 10 32 35
7 12 16 38
2 18 37 39
11 15 5 48
2 5 14 47
10 12 35 39
17 20 28 48
6 14 20 21
5 19 1 38
13 18 19 30
17 19 30 37
2 19 20 34
3 20 40 44
6 16 30 39
9 17 12 25
2 6 20 36
9 14 24 43
4 5 38 43
1 4 6 30
6 17 11 25
9 11 19 23
17 17 3 8
3 7 7 9
4 16 2 48
4 10 4 4
9 18 2 39
1 12 14 22
4 10 10 11
1 17 18 29
4 9 15 40
5 17 3 32
6 10 16 40
15 16 13 47
2 10 7 37
1 13 32 33
18 20 11 21
10 18 30 38
14 18 21 21
8 20 8 41
3 15 20 36
1 18 33 34
3 9 7 46
9 15 4 34
5 8 34 35
4 6 34 47
3 20 33 35
1 20 9 13
4 9 5 18
8 14 33 38
19 20 9 47
1 10 15 20
5 19 3 32
18 20 3 38
15 20 40 42
10 11 7 21
1 9 2 31
7 13 18 31
1 10 44 45
3 15 35 38
2 4 8 15
18 19 13 45
9 10 12 20
14 18 17 41
2 8 23 35
10 14 6 15
16 18 34 37
12 17 29 32
2 3 39 40
1 4 3 6
13 16 24 31
11 12 5 15
5 16 11 36
16 19 29 43
8 8 6 38
15 18 15 40
7 15 2 40
8 12 10 45
3 13 11 19
1 5 18 46
5 13 1 4
10 18 4 29
18 19 2 19
11 18 4 43
14 15 27 34
8 15 16 47
3 8 4 28
7 19 37 45
4 7 29 38
6 10 18 35
1 12 16 28
12 13 3 4
17 18 21 27
3 7 13 14
11 12 12 47
10 12 25 48
4 20 24 38
5 13 22 43
4 19 4 5
1 6 22 39
3 5 8 45
5 18 23 41
1 11 22 28
2 5 22 36
7 17 7 11
6 13 18 46
5 15 25 40
14 17 25 26
6 12 14 23
5 9 1 12
6 14 17 33
10 18 6 8
4 16 11 31
19 19 7 14
15 19 22 35
1 11 30 42
9 20 33 44
10 12 30 34
1 12 21 34
11 13 7 45
6 8 28 31
1 3 16 38
9 10 44 44
9 13 44 45
3 8 11 29
13 15 17 33
3 18 33 42
4 11 4 48
11 17 2 28
5 12 27 42
1 15 9 40
16 19 10 46
9 17 11 35
7 20 12 28
5 7 5 7
7 11 1 39
4 20 22 32
5 7 22 22
13 17 39 42
5 20 5 26
16 19 1 16
1 5 18 44
6 12 15 44
15 18 23 25
5 6 3 22
9 17 26 43
12 13 1 12
5 14 20 44
8 17 9 28
18 20 26 38
13 20 31 31
10 16 1 39
2 17 5 48
1 15 11 25
7 17 39 48
6 15 10 29
12 19 31 34
8 10 4 44
6 7 3 44
1 2 33 42
12 14 3 4
7 17 28 47
10 19 8 17
9 10 8 38
10 11 1 16
4 14 2 18
5 19 17 43
5 8 19 31
14 14 24 37
8 20 19 27
2 17 37 48
9 11 30 32
6 15 8 47
3 13 1 45
7 10 34 40
13 14 22 29
1 16 14 21
18 19 17 27
7 9 14 46
8 14 6 9
1 3 19 39
4 6 14 21
7 12 29 32
4 15 12 41
4 6 1 33
17 19 21 25
17 18 1 7
9 14 18 27
6 11 44 47
1 4 11 14
6 19 35 35
3 4 5 16
10 15 10 25
8 19 10 14
2 17 23 48
6 13 14 35
7 20 26 43
13 16 19 27
3 8 30 32
12 16 21 44
13 17 17 41
14 17 26 37
16 17 4 30
4 6 11 12
11 17 4 44
19 20 2 11
4 12 34 37
19 20 13 41
12 19 12 13
5 7 3 27
5 15 31 32
2 20 26 28
11 12 1 45
10 15 9 41
6 12 18 27
13 14 12 26
17 18 45 46
11 18 3 13
7 12 10 42
4 8 30 47
11 13 6 21
5 9 30 37
7 17 4 33
7 10 7 29
1 19 26 45
4 4 18 37
5 16 5 17
1 3 10 45
18 18 20 32
12 20 11 44
8 19 8 22
15 20 15 32
2 9 35 36
4 5 13 35
10 10 2 19
3 16 5 32
5 10 11 15
15 17 2 22
14 19 2 24
1 13 27 28
7 16 22 23
1 14 8 29
3 13 18 43
8 17 16 29
2 2 17 41
4 9 17 42
10 18 16 34
2 6 5 14
3 14 12 40
9 12 8 14
8 17 22 48
1 13 13 46
1 4 13 48
4 18 1 17
11 15 11 26
8 9 18 22
6 14 6 34
1 5 11 21
3 15 27 36
7 9 11 20
2 8 8 41
3 16 2 19
12 18 17 20
9 16 29 42
12 13 14 40
8 18 3 3
12 19 3 47
10 12 17 42
4 6 26 27
11 17 11 48
8 11 6 6
13 14 42 42
