30 21 505
748580402 448764987 727171643 861060438 163857068 400571775 509537143 660185067 62075432 884242409 95139215 797380040 722447796 169383038 36186473 202824322 358497475 135996084 322422320 923640302 617814539 412054387 498737253 538274144 924273543 28290773 589160377 950727998 361354939 913241401
431224390 757527027 798122620 706369360 381926363 809855742 940561657 684176576 940464896 156121373 575843572 629369644 606410189 827495889 8648761 642487386 209187915 573340673 142011351 17430545 728259018
196965582 696440410 621655968 144616642 509183384 52334970 575386295 316081576 55803022 809331876 41368461 810518235 8637484 88882617 139656582 105815259 930973069 313798134 313338450 843373570 873767137 436777449 609990175 856025736 591180816 534095285 477543631 876961497 499143630 711852331
405385327 306701695 682839107 924037020 37969564 163630017 139432772 831891589 210884748 931415232 381513170 224872426 878730265 988843969 684982852 754290979 655413868 787340899 612995654 733528325 815650599
311972111 8752161 53651713 205828760 167409686 403338517 326134467 452036846 371302340 29946904 141937178 273857683 445469263 201623770 375782703 345302458 136887598 474477205 174188806 199112631 96931044
173881301 460452364 46112819 74553919 453864265 88385357 325016937 77666245 9816087 38573189 283716341 405847365 282272230 143048353 482375941 93084141 349042280 453667376 271503465 369657766 14440283
240435482 490555053 322730928 274325942 358197435 1585861 433336200 150121299 389386837 174996485 417725333 45195548 393119112 193640951 336670156 153973776 190318094 215973891 26100123 276583420 44148994
173275465 4271235 19089111 130970120 181442819 117190786 79945428 350652648 27128762 158042984 381301153 274842651 295316981 9718407 223370570 385754779 250149231 285768688 32367442 53967178 349474703
388667740 241341180 377166873 344012326 394025806 53950770 438458944 139744433 92231494 260587784 106346732 293265209 459924113 138295321 297269083 373392166 385598388 312210963 236389175 483210539 440093031
440929007 98648162 268639811 184012421 184068983 40663924 62935550 491795770 255015277 154253240 311357992 204860613 367207810 281282001 100041855 385108986 451972678 177738242 196610007 40022852 429257214
409145364 198123113 430968732 23946664 369156861 266072969 141235065 405309299 28135616 385775186 35129468 473381638 472163603 447727871 148646083 415232988 189421904 93371038 161307285 480083817 472358187
29309885 265019827 212488916 464789818 313671669 413622087 287900983 75311549 317220844 165025985 419401693 474786427 211650919 91903498 162711882 441522258 85376733 372889182 5704182 487106502 371429932
450722827 13019841 214992085 138423626 429456971 430571575 184608665 416114179 239488295 97557414 45175694 189385423 181700739 332276539 309686249 145523436 192161050 32831132 211608435 466132489 204050595
375598032 286661913 302541434 292655948 457343938 30454748 317083775 74138455 54266862 301626059 194297217 168149944 64763161 167170015 154401435 212488432 124424830 16066059 491145036 274311294 114777714
54952180 392131679 486556756 446796700 16919764 252748907 104966466 175912230 94454799 336465559 143783506 352743645 126807981 101766214 324514030 414326840 324971877 381369027 280723126 452374117 173881243
447077032 429281175 45538885 331420031 487933512 325416843 73827292 134815961 385115535 482182296 482665354 24706814 260675495 116416004 488303647 231492250 335623769 117633672 245141423 276912552 159457894
171863842 90689506 343526656 90629087 416175779 359551641 76799873 297050188 222915282 216182165 341536127 3650204 275297608 304235632 330352130 479452896 79561300 162650819 338039618 230774940 100126239
384622326 263730850 55646412 473359142 442348926 166228754 159103544 120277819 381045762 463547222 397179470 380803496 191095369 164748798 335666467 288325460 318194456 264884112 361316658 274374814 228529082
201016231 39500797 478265640 47789457 264022494 343157694 133576299 480570195 161644253 259956616 224344755 226211367 230308971 442164319 467166015 462134658 349282201 237754937 396447471 394669079 303650168
422738491 77314955 430714851 84789517 191944240 186765351 291904481 251566576 327970173 486638405 454526196 78821167 87786466 385380333 197676932 470589628 464664885 348641822 455134610 34494362 363141177
438252068 227534915 475522988 285701416 163658920 206703878 371226940 251404476 86322575 88192250 396240840 92559854 87007569 331386430 86041152 430227530 226178984 142261013 417623 198076692 188584216
180877905 199170078 496578856 180531552 137493448 338889241 31941145 415291526 471727185 348165038 340006392 36721565 55235443 196939330 380424023 168880052 74633309 468571757 356605617 86614008 101874232
363268435 325221713 65787557 480173613 289721499 412673563 201574017 87045261 404772942 408631551 129222193 435901702 392436926 493477258 436023193 495988638 217122564 340951954 385312769 133688093 172528938
168269091 472574934 412950829 33864338 240983301 56990554 47936921 489336567 86636566 290880414 212423435 300255553 443245163 181589370 299300685 299034895 194268216 14751391 295355548 337571651 130952692
109948162 357706117 102076687 278824860 216060228 205769994 433057410 144664520 388836919 229246062 247532667 179227741 251978437 151355571 245191537 376871594 310682680 14826942 456685111 46303850 223021680
19549682 497634289 401022408 7816978 327203088 331516688 27010758 26154449 107364485 200744011 20838036 213129625 389410116 157502965 6583761 132065827 397094050 442119843 251525547 82977794 79352971
439643062 496063714 265799076 472748473 462372168 207849004 391449694 8757942 144150029 358129885 10754473 151152691 423608656 57778679 329567281 302296077 476451294 251437873 91288682 287253499 94314854
324436457 292634125 117946768 499688203 101495745 41110930 451677049 397703679 276676632 369086257 269546033 394145614 306346273 80831049 271453482 480694896 178819673 223091935 198528684 369141923 387963589
487429639 489141459 457669212 209039162 413462224 172941411 129611705 224553742 384700060 26244780 459224584 404128924 86008112 6259327 490862451 436558533 365569668 455140288 106780405 110033842 120186957
472830305 223770365 255069660 380979098 33673130 413396878 258656636 402830805 337802804 425351005 236897705 85221250 276321448 117232482 449704433 407320577 488624722 134001126 363154244 447883391 444279009
120509002 187229375 467609794 429706476 114226229 68769591 93341018 387779694 61006798 207640608 173728208 167189101 242834544 220112448 267623727 440188036 422969621 121806731 183416295 393758314 212321221
479671993 263131678 258545471 434493048 122878406 354284182 355144233 266053739 83146651 413679300 334656819 82396513 351801145 266926471 403774839 431720574 168547081 159899160 462588542 127507436 398345041
275321187 148393748 336639405 451937024 401709976 351448967 290386956 96315876 238825004 185824232 16995210 361548443 407627983 377701048 133956955 346264427 438859887 63866796 326541004 130155499 376382094
205210894 56493759 494152984 235884648 296517180 56955425 269346040 230925361 463339816 98779407 315800053 357391688 137896938 421050587 341120115 136617588 395711184 413374259 332236511 54486696 404770778
7 12 9 15
7 30 9 17
5 17 8 11
7 30 1 4
6 15 2 6
11 14 2 14
11 16 6 10
9 26 10 13
19 28 5 6
7 25 4 19
13 23 3 16
1 13 4 5
27 28 3 17
9 16 5 9
7 19 21 21
24 29 2 5
4 21 16 17
2 9 16 20
11 17 3 17
5 26 4 18
8 9 5 20
9 28 7 9
21 25 13 17
6 19 10 19
8 27 1 2
9 12 13 20
5 16 1 13
2 16 15 15
6 11 14 17
10 15 4 7
19 23 10 18
7 24 3 11
1 12 4 14
18 26 5 14
3 20 2 14
10 21 7 17
8 25 4 7
1 23 11 21
13 24 10 19
1 16 7 21
16 23 12 20
2 16 15 20
2 28 1 7
3 24 2 6
8 29 1 18
8 20 1 7
2 21 4 7
27 27 2 7
18 19 6 9
7 11 10 14
9 10 16 20
2 12 12 13
23 29 3 6
10 19 1 4
1 19 10 20
6 18 5 14
2 25 12 13
10 26 3 14
22 29 1 7
7 12 2 7
10 23 9 15
14 23 6 16
13 15 4 18
12 15 14 21
4 17 13 18
1 29 6 7
4 17 7 13
8 24 16 19
6 15 1 6
9 26 11 17
19 23 5 21
2 27 4 13
9 21 6 15
8 14 3 4
6 22 2 5
4 19 5 15
9 15 15 17
2 25 10 16
19 28 11 14
3 13 6 21
19 22 5 14
12 19 15 17
20 21 3 17
1 26 13 16
5 12 10 11
1 9 2 15
4 11 5 21
7 20 6 12
3 20 2 8
18 27 18 21
7 23 10 11
19 28 12 14
14 28 12 14
5 27 10 19
5 29 1 17
26 30 5 12
2 29 5 16
5 21 11 15
1 30 12 21
9 9 8 11
6 14 3 6
2 2 1 13
13 15 1 13
5 26 3 15
11 28 7 19
23 24 3 13
4 19 3 19
16 19 12 12
23 26 4 9
22 23 3 11
21 27 6 9
3 17 1 17
21 24 13 17
19 24 7 9
15 23 13 16
4 7 3 12
6 24 6 8
16 20 5 12
23 25 3 7
15 20 18 19
24 28 20 21
8 27 10 18
18 23 19 20
5 30 7 10
23 29 13 18
29 29 2 8
19 23 1 8
16 28 2 7
11 25 15 20
3 30 1 20
4 24 3 10
13 15 3 9
11 11 4 6
1 5 5 10
3 8 10 13
14 18 5 10
13 27 3 8
1 11 6 13
6 27 2 11
6 26 5 11
11 12 6 18
25 26 8 8
12 13 5 17
6 24 7 12
17 25 5 13
1 13 3 6
17 22 13 17
4 22 11 18
4 17 3 10
9 10 4 19
20 21 14 21
4 7 5 15
14 28 12 15
1 22 11 12
10 19 13 17
4 28 8 14
14 17 13 18
6 12 16 19
10 22 4 10
2 16 12 14
9 11 7 8
28 28 3 15
11 15 3 13
5 28 7 19
25 27 4 13
14 15 5 8
1 16 9 13
20 21 6 10
13 27 11 13
5 18 4 10
3 25 13 21
9 27 2 20
1 11 16 21
16 22 2 5
9 15 2 12
4 21 11 14
1 27 4 14
7 28 2 12
10 27 15 21
11 29 14 16
5 29 7 18
2 28 9 12
15 23 1 14
4 25 5 21
5 27 3 16
11 20 12 13
4 27 6 12
2 8 9 15
9 24 8 17
1 25 9 16
26 30 14 18
15 19 11 20
12 13 11 19
1 10 3 5
11 12 9 17
5 9 10 11
15 15 8 13
13 23 13 17
2 19 2 18
6 19 8 21
3 4 4 21
8 15 9 14
8 29 2 17
4 23 13 15
7 10 9 20
3 11 12 19
9 24 8 9
11 14 3 4
9 24 8 16
12 28 7 11
10 23 12 18
16 24 3 19
7 11 2 2
6 20 5 10
22 25 9 14
3 20 7 21
20 25 6 18
6 13 14 21
9 11 3 5
7 17 9 12
10 30 13 19
3 13 13 13
4 14 17 20
4 18 15 15
3 3 9 9
21 29 9 9
12 23 2 15
3 22 5 18
10 26 5 20
4 26 15 20
10 22 5 17
4 16 6 14
11 27 17 18
19 28 10 14
13 29 4 10
9 19 5 13
23 29 8 21
1 11 4 14
7 30 8 17
20 20 4 12
1 2 6 13
10 10 14 14
10 16 9 14
8 18 9 20
6 24 2 4
9 23 6 11
16 17 10 18
3 5 11 15
12 23 13 20
14 20 5 16
2 17 5 15
7 17 1 9
2 9 9 11
5 30 8 13
27 28 8 21
7 28 5 13
18 22 4 15
21 25 4 20
2 7 1 1
5 24 5 10
10 19 11 13
15 28 11 17
19 29 9 19
7 24 10 18
5 7 3 7
5 30 14 17
21 30 12 13
16 17 6 14
21 26 12 17
1 5 1 5
4 30 17 19
2 5 12 21
24 24 11 21
5 6 20 21
7 11 15 15
10 24 5 16
12 15 3 13
3 15 14 21
7 8 2 6
2 4 3 15
5 15 1 20
19 20 1 3
5 8 4 10
2 10 2 19
21 22 1 21
5 24 10 20
8 15 16 19
8 28 17 17
2 10 3 7
18 30 3 8
1 25 2 12
3 22 6 11
1 14 2 19
7 23 11 16
9 28 7 20
12 13 14 17
8 11 13 17
5 24 9 13
6 27 1 20
18 28 2 9
7 18 3 19
22 24 3 6
29 29 12 17
2 6 3 5
5 7 7 20
24 29 17 17
4 8 2 15
21 22 11 13
12 29 16 21
4 24 12 18
3 7 12 19
11 17 10 13
3 28 4 8
12 12 17 18
2 24 17 17
13 30 14 19
6 14 6 10
9 16 3 4
1 16 4 20
17 21 5 12
21 30 6 8
10 16 11 20
8 24 1 16
15 17 11 12
18 19 6 8
17 26 8 12
12 25 6 8
7 22 4 13
24 28 12 15
11 20 11 13
14 27 4 8
22 28 4 10
8 11 8 13
23 26 11 19
18 28 13 17
6 26 1 9
24 30 10 11
15 26 6 12
7 19 4 20
4 10 13 20
7 18 9 19
10 12 12 13
2 8 3 18
10 11 3 3
18 25 15 18
4 19 17 21
17 19 6 17
10 21 21 21
17 23 6 9
16 20 14 21
13 29 5 21
7 23 5 9
8 25 2 19
24 25 3 10
11 24 12 12
15 25 10 17
9 19 7 16
13 27 3 3
6 23 6 14
11 12 8 19
5 5 14 20
16 17 3 14
8 13 2 15
25 29 10 20
5 26 14 18
1 6 8 14
2 14 9 13
16 21 7 7
5 18 6 9
3 14 12 14
10 27 3 17
26 29 2 13
3 15 10 18
19 21 9 17
14 15 12 14
3 7 19 21
12 21 2 11
4 23 12 16
1 12 11 11
9 10 11 15
15 30 4 13
18 20 2 8
1 10 6 15
4 11 6 12
1 19 8 8
16 24 2 5
13 19 7 11
8 12 7 21
8 24 6 15
6 8 19 20
10 27 10 14
10 29 8 20
21 29 5 8
6 14 1 12
17 21 16 20
15 27 2 18
5 15 5 14
8 27 3 21
11 14 1 12
17 17 2 5
16 20 17 18
4 12 1 7
3 19 7 11
8 16 2 19
10 23 6 10
27 30 9 21
9 26 13 17
7 24 1 6
1 6 4 7
15 18 7 21
18 30 9 14
20 30 16 17
16 27 9 10
2 8 7 21
5 7 4 10
19 22 5 15
12 20 6 7
3 20 6 15
10 28 14 19
7 10 6 16
2 4 4 21
7 24 6 13
18 29 3 12
4 27 7 8
4 25 12 21
10 22 1 12
11 25 2 17
8 10 14 15
7 26 9 10
13 14 12 13
24 28 17 17
8 9 2 14
8 24 7 12
11 18 9 11
7 9 3 16
1 28 2 5
19 23 5 14
18 22 1 17
8 13 10 13
1 11 4 15
15 24 2 5
22 29 3 9
3 25 1 16
8 8 5 9
11 21 21 21
7 23 3 16
3 5 2 11
13 27 10 21
8 26 6 11
19 27 2 14
11 22 7 14
7 28 5 11
3 26 5 20
21 21 5 10
8 27 3 4
19 24 4 14
14 16 12 17
8 21 6 19
16 16 1 20
7 23 5 15
2 14 14 15
24 29 2 10
3 10 3 7
5 12 5 19
2 22 8 15
1 19 2 5
16 27 11 11
1 27 13 19
23 29 4 11
25 26 5 16
10 20 15 17
15 15 3 13
12 17 7 9
3 11 12 15
22 30 17 21
18 24 8 10
5 6 14 21
3 23 5 19
7 18 2 2
1 30 1 14
21 26 10 11
3 22 4 19
5 21 2 16
7 18 9 12
7 26 15 17
12 25 15 19
3 7 4 11
9 25 4 17
2 27 14 17
5 28 4 9
13 25 14 18
11 30 3 12
3 6 5 21
8 9 6 14
6 7 8 9
13 16 5 15
4 7 13 21
12 15 3 12
16 21 14 17
8 21 7 20
23 24 6 20
4 19 5 13
8 18 5 18
4 30 18 20
5 18 10 18
