24 10 500
305465953 813443155 11649780 210209196 325929007 328349851 418555975 403906221 698852182 566571361 716435802 523977699 86383463 433451916 313625856 810215746 947910535 127391092 800744838 377706046 304388447 263010460 76465284 673621285
888656362 109498673 774611725 832029786 838345845 277355542 898889303 593190787 620286445 264427782
940008134 146881102 935870860 209582756 900749772 442166919 985948192 573158308 420240129 976169331 559505741 720887430 784457887 549455502 183950816 847505388 69080274 875193321 223467241 884031396 768233128 170847541 333567026 577877794
343852829 912236918 564136764 966294792 130280419 99628855 85385985 661418840 286848865 3456388
323259318 1369724 367182178 165204124 229513488 200958339 252658824 176250997 117206560 253381695
291062714 342215256 263008178 378610594 146996288 195390557 139856061 53262460 137758481 305802498
272610269 157175856 71103522 122451671 425425452 413384826 344288996 418809615 1687267 136256246
240038535 26846058 368433712 116795931 470149187 36700788 163025502 73707526 401915200 167516911
443681643 170647758 280584892 199307468 411970011 329883169 120690863 126260564 378786849 103791385
473881225 345707557 417540213 214295035 458117208 411674602 43440698 190417585 134072281 414646402
328886307 207578974 293226200 178250325 358188194 221156606 67781970 149418386 173447584 471795674
105288131 325748176 270201107 23747958 186170642 422761159 62088835 351774048 426040159 371470834
489480130 215021234 57113909 283047553 26639345 73229913 9690912 73447067 327304299 228281923
286049523 360170331 348212311 431514381 40630290 446122325 97914917 326133489 324594911 36765584
313354348 54483071 372178004 112474438 224179523 383893032 194361695 138067117 455542449 237846682
369736814 312480831 240164631 27763000 225024033 255595644 481095106 417566643 476378849 311029338
458985104 93986007 333677535 199203828 138759729 473397199 175807315 499689036 281385971 6316968
52315239 499465280 423335484 401309801 57753722 99678503 11048059 279442480 73265317 413548905
99554772 266953126 26108790 253703278 495522601 154359657 391796446 59602049 253342679 71311550
256665428 339973595 487150767 252358939 378454741 11470273 494549937 210710591 81240016 296062458
140472651 429238338 399608014 489251332 87125057 201086974 24226923 359421419 428328248 21198851
16684230 91627546 32925635 477477273 339467435 330650345 102175705 146039071 321757178 179564663
489952606 394351242 116604356 337616932 471994465 415661598 278532050 79259316 197931153 490342069
391017637 78026514 29717028 459133214 88419126 100247225 83635470 184456054 394021415 237699280
465926380 399868187 401163853 79426416 342661972 75435185 235389123 433223271 365659888 140535107
72305735 1523601 443432859 388627110 76836051 129303680 444847997 393946038 22524863 6459847
286939114 453650906 45845821 245952744 420951648 196844183 248877287 9931259 259430455 183969886
372304657 9952312 204548692 156825738 381558476 95565706 143745628 293775474 80269725 360271728
10 11 3 10
15 15 2 6
13 24 7 10
20 22 4 6
2 20 1 8
3 22 10 10
2 19 9 9
4 14 4 9
8 10 4 6
20 23 1 6
4 21 5 9
7 23 5 9
20 23 1 2
12 17 6 6
8 15 7 7
1 18 1 9
17 24 4 9
15 24 9 9
3 22 4 6
4 20 6 9
12 20 2 5
4 21 1 1
4 12 1 2
6 18 4 5
2 18 1 9
1 24 5 8
10 16 9 9
12 21 1 10
6 12 4 8
4 23 8 9
13 19 1 3
16 21 3 8
14 21 7 10
22 24 1 7
6 12 2 7
5 13 1 5
15 17 1 5
1 17 2 7
11 15 2 4
2 15 1 3
8 12 2 10
5 5 4 6
12 20 2 8
4 11 2 9
6 10 2 7
3 16 2 6
9 11 1 5
6 7 2 3
7 11 4 10
9 24 5 6
2 15 1 8
13 18 2 10
15 24 3 8
14 20 4 9
3 17 4 7
2 3 7 10
3 13 7 9
14 21 4 10
5 18 1 4
15 24 6 7
19 24 1 5
12 16 4 6
6 18 3 10
4 10 4 6
18 21 1 7
12 12 4 6
15 19 1 8
1 17 3 7
5 18 1 9
9 24 5 6
14 19 4 10
1 18 1 10
14 21 2 9
1 6 3 9
6 19 5 9
15 16 8 9
19 24 7 8
8 17 7 10
16 18 6 7
10 13 1 9
16 21 5 9
5 13 4 10
14 22 4 8
16 19 1 3
2 9 1 7
11 18 7 8
2 6 6 8
8 24 2 4
9 16 1 7
11 11 2 8
16 23 4 6
8 21 4 10
1 9 3 5
14 21 3 5
3 18 3 5
2 24 4 10
8 21 1 6
3 5 1 8
13 17 5 10
10 10 5 10
14 19 1 10
17 22 9 10
9 20 2 3
6 20 3 5
1 1 4 5
2 19 5 5
3 10 1 4
9 17 5 6
8 18 1 8
1 4 4 4
9 23 5 9
3 5 7 10
9 24 5 9
20 23 4 9
10 12 7 10
3 18 7 7
12 13 5 10
7 17 4 5
1 7 3 6
11 13 9 10
15 18 4 6
6 16 7 8
2 20 8 8
9 21 1 2
2 5 6 7
16 18 2 10
18 22 1 7
3 19 7 10
1 14 7 8
8 23 1 4
8 19 5 10
10 19 3 6
3 24 2 3
3 16 1 3
10 20 8 9
14 18 9 10
2 14 6 8
17 18 7 9
19 22 1 1
2 24 1 2
5 7 8 10
3 16 4 5
5 10 3 9
1 20 1 2
3 21 4 5
3 24 6 8
18 21 4 5
5 15 3 3
15 19 1 2
7 13 6 10
2 14 6 10
6 14 5 9
12 18 3 10
16 21 3 7
4 23 5 8
3 21 2 10
1 5 4 10
9 13 9 10
15 17 1 9
13 13 4 6
9 13 2 3
9 18 4 7
2 12 6 8
22 22 3 5
6 19 1 10
22 22 3 7
13 14 4 8
5 9 2 7
17 23 8 9
6 21 6 8
2 3 4 4
15 18 3 3
1 3 4 6
5 21 3 5
19 19 2 8
4 13 4 7
2 17 5 6
12 23 3 4
14 19 1 2
18 19 2 10
10 23 5 6
6 21 7 10
11 22 5 7
2 17 1 5
6 23 10 10
4 17 8 9
21 22 2 7
5 24 3 10
10 14 2 8
4 10 6 6
6 24 6 9
9 15 6 7
1 24 1 7
1 22 8 9
2 15 2 6
6 13 3 6
10 11 5 9
1 2 6 10
8 14 1 2
5 14 1 6
4 20 4 10
12 16 1 8
14 21 3 5
14 18 8 10
14 15 8 9
8 14 8 9
3 17 3 4
10 17 5 7
15 20 2 3
10 14 5 10
18 21 3 4
3 24 2 3
2 14 1 9
8 12 1 10
2 4 7 10
5 18 1 2
4 17 1 3
17 18 4 5
7 22 1 7
7 7 4 8
13 23 6 7
7 17 2 8
6 15 9 10
1 9 3 4
1 7 6 10
5 5 1 1
12 21 2 7
6 9 3 10
19 23 6 10
2 9 3 6
2 23 7 8
3 21 8 10
7 15 2 5
1 23 5 6
16 21 8 10
12 14 3 8
9 23 3 5
7 24 2 10
14 24 2 3
17 19 1 2
8 9 3 5
3 16 1 8
13 23 1 10
1 5 9 10
9 17 2 7
13 23 3 9
9 22 1 7
5 20 8 10
9 17 4 7
7 22 1 8
7 20 1 9
19 23 4 9
13 24 2 7
6 10 1 7
17 23 3 4
6 24 3 9
22 22 1 10
8 22 1 6
2 19 5 7
4 7 1 6
8 21 3 4
1 24 4 4
10 14 4 6
5 14 1 2
16 19 5 10
1 9 1 4
10 19 1 2
16 18 5 8
20 21 3 6
11 24 5 10
10 11 7 10
13 15 3 6
4 17 4 8
8 14 3 7
18 20 1 4
10 13 3 4
15 22 2 8
2 13 4 5
1 16 8 10
3 4 2 5
7 23 3 10
5 15 2 7
3 14 7 8
3 17 2 3
1 5 1 8
3 13 2 6
21 21 4 4
8 17 4 9
11 13 3 8
4 7 3 5
14 22 3 4
2 13 1 5
9 24 6 7
2 14 8 10
5 22 4 6
11 23 2 3
9 13 6 9
9 11 6 7
5 15 5 10
17 23 6 10
14 18 6 10
3 6 1 7
7 23 5 10
1 15 7 8
10 12 1 2
9 19 8 10
4 23 8 8
13 14 7 10
2 23 1 2
12 22 8 9
1 20 3 7
6 9 3 7
10 15 3 5
2 12 6 8
3 18 7 8
6 11 2 10
5 18 1 8
20 23 1 7
12 18 4 5
10 13 1 10
11 11 2 9
5 20 4 7
2 7 9 9
7 17 3 5
15 20 4 5
1 5 6 9
2 17 6 7
5 17 5 8
7 22 1 7
5 12 4 4
15 21 3 9
11 14 4 10
14 21 1 5
8 15 2 7
2 24 1 5
6 11 4 7
3 4 1 9
7 11 3 8
9 11 1 3
17 22 10 10
14 22 2 3
1 23 3 10
21 23 4 10
3 7 7 10
10 17 1 10
8 19 8 8
7 11 6 10
6 17 1 7
11 14 4 6
2 21 7 9
8 15 1 6
5 13 4 6
4 7 5 10
3 16 4 9
3 6 4 8
11 18 3 5
3 15 4 10
6 15 4 7
20 24 1 5
2 17 4 7
5 12 3 4
18 23 2 3
12 22 4 6
2 11 3 6
17 24 5 6
3 5 2 6
15 21 3 8
8 20 2 10
8 11 2 8
1 20 2 3
3 15 1 6
2 24 3 6
12 15 3 10
8 9 8 10
10 19 2 5
4 23 6 10
17 20 7 10
2 13 6 7
16 21 6 6
9 15 8 8
3 9 2 7
13 19 7 8
1 7 1 2
8 12 9 10
8 9 2 8
10 16 5 6
4 15 2 6
4 15 6 6
11 16 9 10
5 18 6 8
19 24 2 2
8 17 6 10
11 20 6 8
1 13 7 7
10 12 5 7
13 24 5 7
16 21 1 4
3 8 2 7
1 17 6 9
8 16 3 6
1 13 1 10
7 18 2 8
6 16 1 4
4 13 5 8
9 12 1 8
13 20 6 7
9 21 6 10
4 9 1 2
10 16 5 8
12 23 1 1
3 19 8 10
4 22 3 8
6 20 4 10
3 20 2 5
14 15 1 6
5 18 9 10
13 16 4 10
7 20 2 6
9 12 1 1
7 15 3 3
3 5 1 7
6 10 3 7
14 19 3 9
13 19 3 5
6 24 5 6
10 12 6 9
3 16 9 9
9 13 4 6
21 22 1 7
1 13 3 8
1 2 5 7
15 20 4 7
9 15 2 6
9 19 1 8
16 22 6 10
13 17 3 7
1 18 8 10
14 16 1 4
11 14 3 9
1 3 5 8
18 18 2 4
3 14 7 9
13 24 2 10
13 19 5 5
9 23 1 9
17 21 1 6
5 20 1 5
5 13 7 10
4 18 3 4
5 21 1 10
8 20 4 9
1 16 7 8
11 12 5 8
11 13 4 9
4 23 3 8
15 23 4 4
11 19 5 6
17 20 8 8
4 18 8 8
2 11 1 3
7 15 3 4
2 18 7 9
17 24 4 8
3 23 2 6
10 20 2 8
16 20 1 5
20 23 1 8
4 22 3 8
5 20 10 10
11 15 3 4
7 16 6 10
6 13 4 8
18 21 4 4
8 22 4 6
7 23 6 7
5 9 6 10
9 24 1 4
2 20 5 7
4 23 1 3
7 10 3 6
16 17 4 10
17 20 2 4
8 16 4 7
11 22 2 4
7 7 6 9
11 19 6 9
7 10 6 7
6 7 7 9
19 20 2 4
13 13 2 9
11 14 6 10
13 22 3 9
7 14 1 6
3 17 3 10
2 17 6 8
9 22 5 6
13 18 8 10
14 15 4 9
2 9 3 4
7 17 1 3
