100 48 100
874672515 501526564 480440812 120764110 237099174 826157045 187103338 849704027 94358349 270346731 132546245 642961092 11360725 328816740 747371191 875569002 569829330 855221063 762372137 61243681 534107751 5982436 143752739 685391420 275846654 47996190 494313996 869224938 749235392 919615403 429172537 476424259 421141966 909613348 449704720 510757491 588286744 636808057 360461518 535161445 907154788 345524114 30638888 771031864 674340853 778010079 499117217 96686534 633231141 114005705 157930215 19855243 972504492 301682953 705246662 248351145 202195494 52077010 970092434 951430885 971692412 251781322 280371495 245350730 13911021 730076214 756108220 602197765 219400623 116569737 137359209 126555410 314610202 167998096 750103625 988951055 946008174 101737193 938153940 431755667 68259249 96084154 304127261 40763740 250283458 9373923 141631236 452478951 61450932 111723670 256426188 885659695 363504991 536797682 131010424 377416012 119390248 887118644 979613776 338790870 
32 970092434
31 30638888
33 68259249
40 938153940
99 826157045
75 94358349
37 534107751
86 5982436
9 126555410
97 301682953
42 421141966
39 476424259
17 187103338
96 96084154
57 674340853
85 633231141
10 588286744
26 480440812
21 510757491
100 535161445
47 494313996
18 61243681
61 452478951
29 101737193
27 96686534
13 849704027
12 449704720
4 304127261
64 951430885
98 377416012
73 499117217
62 971692412
95 501526564
28 429172537
54 569829330
87 157930215
94 270346731
88 747371191
8 979613776
34 314610202
43 111723670
53 245350730
45 114005705
89 988951055
7 636808057
81 202195494
14 47996190
15 11360725
2 90 328816740
1 15
1 86
1 73
2 76 52077010
2 58 219400623
2 52 143752739
1 96
1 26
2 26 602197765
2 59 536797682
2 22 431755667
1 12
1 95
1 13
1 42
1 4
1 7
2 23 167998096
1 75
1 58
2 44 256426188
1 76
1 81
2 51 636808057
1 27
1 59
1 8
1 94
1 85
2 41 338790870
2 35 449704720
1 9
1 64
1 61
2 46 946008174
1 26
2 1 907154788
2 49 275846654
2 7 202195494
2 42 602197765
1 87
1 37
1 28
2 24 730076214
1 10
1 39
2 36 951430885
2 61 685391420
1 14
2 55 588286744
2 63 141631236
2 75 131010424
1 75
1 97
1 31
1 88
1 40
2 12 270346731
1 29
1 21
2 64 778010079
1 89
1 98
1 99
1 53
1 90
1 12
1 100
1 64
1 32
2 71 747371191
1 71
2 92 137359209
2 10 219400623
2 82 826157045
2 88 421141966
2 37 705246662
2 97 131010424
2 8 534107751
2 64 157930215
2 40 61450932
2 53 452478951
2 80 237099174
2 9 938153940
1 52
1 33
1 80
2 28 499117217
1 88
1 22
2 11 237099174
1 82
2 90 826157045
2 87 849704027
2 66 535161445
2 59 47996190
2 98 988951055
2 74 116569737
2 81 909613348
