3
0 100
2 1 87406346
3 1 471209596
4 1 561348445
5 3 422320398
6 4 56737439
7 5 101005845
8 7 42715973
9 2 601337238
10 1 471603293
11 2 981903782
12 9 669802382
13 4 174228557
14 8 977934099
15 2 699265162
16 5 154398496
17 4 123211111
18 16 127590988
19 3 562825394
20 17 778980393
21 12 194585543
22 7 943921096
23 21 60939984
24 8 146144484
25 21 877210604
26 3 184862375
27 11 455292632
28 6 626215768
29 8 312933314
30 29 470942983
31 16 44657858
32 8 694012303
33 9 572179023
34 31 319838731
35 29 215575426
36 20 120150208
37 8 639569658
38 12 410785059
39 23 755741075
40 26 67819566
41 30 879710022
42 6 49615119
43 9 107346695
44 13 817040192
45 13 132497104
46 31 137511188
47 20 765841003
48 7 902572986
49 42 505643131
50 25 325540794
51 9 26263542
52 7 836412228
53 43 67311359
54 14 71375544
55 14 656643180
56 29 161036815
57 9 244393400
58 30 576388557
59 40 738999171
60 1 624536454
61 46 386444625
62 55 606200291
63 17 446087482
64 55 195338356
65 53 288734047
66 49 377981873
67 1 671602853
68 5 685863491
69 32 314107738
70 14 414482997
71 37 601466846
72 62 212136821
73 61 638688096
74 36 50116691
75 16 34470476
76 46 806732595
77 24 141733489
78 54 425717078
79 22 626738865
80 3 392067934
81 32 994450934
82 59 82986852
83 9 984443906
84 40 257484350
85 43 83638432
86 16 121818911
87 25 100003508
88 24 235998226
89 11 974997459
90 35 821411572
91 44 813284411
92 13 282899385
93 51 893593404
94 16 395355221
95 52 34704599
96 74 140837883
97 13 557472960
98 83 547725671
99 37 550224132
100 54 545501211
60 92 5 68 25 94 9 22 77 65 100 62 70 8 49 40 2 43 7 42 24 14 96 30 99 85 75 1 51 44 66 19 39 32 50 90 67 27 57 78 59 28 46 18 73 35 83 87 61 58 76 36 72 84 31 15 38 71 93 86 6 55 97 29 63 3 45 11 10 79 23 95 4 64 53 48 26 81 41 17 20 37 98 89 21 74 82 13 69 80 12 16 54 52 47 34 91 88 33 56
100
73 85 10
84 98 3
20 36 11
11 38 5
3 68 36
37 78 38
52 74 21
39 59 1
49 52 3
15 50 17
22 77 41
20 88 47
53 91 22
5 81 52
48 85 31
25 74 41
28 88 15
19 39 10
11 19 2
73 85 1
57 61 3
1 77 3
53 81 11
57 72 4
73 93 19
18 77 7
57 69 9
34 95 59
10 57 27
30 89 19
17 38 7
19 67 36
44 99 35
8 70 26
3 42 3
46 71 1
64 91 17
10 77 60
26 86 9
12 26 13
30 42 6
9 13 4
39 56 1
15 22 4
12 18 3
15 95 24
47 78 22
7 40 16
17 62 9
29 74 2
18 58 34
18 100 65
9 100 13
30 98 25
41 65 10
26 35 4
33 60 4
33 40 3
34 53 11
20 78 26
31 96 9
36 47 10
4 47 18
80 96 12
61 71 8
38 82 19
56 97 37
59 82 2
15 53 4
35 63 12
2 17 11
2 4 2
19 60 31
45 91 46
13 51 4
95 98 4
32 50 18
50 60 4
7 12 6
68 74 7
27 55 21
28 89 10
22 47 19
48 91 43
22 41 20
8 91 22
22 31 5
3 71 26
29 55 11
74 96 23
3 79 2
1 43 17
30 64 17
64 66 1
37 44 1
45 83 8
68 75 4
54 77 22
84 99 2
55 57 2
