4
1 100
2 1 486139071
3 2 183067683
4 2 509093824
5 1 680148309
6 1 513650875
7 1 974167804
8 1 133624124
9 5 171632521
10 7 62672829
11 5 749915402
12 11 997298894
13 8 658618193
14 1 235523906
15 9 835003953
16 5 419022010
17 2 958833054
18 14 437672297
19 14 660679493
20 15 141941024
21 13 59402002
22 10 343703655
23 3 725869526
24 1 74841033
25 15 727083175
26 12 37946765
27 14 282397860
28 21 599809400
29 25 957243267
30 21 545708405
31 1 522177234
32 14 962537349
33 15 722407845
34 18 180460078
35 33 199492117
36 21 281464193
37 2 830509351
38 13 144980275
39 29 807528330
40 30 158913627
41 24 62367872
42 35 864126431
43 38 84622401
44 13 138298136
45 39 151785486
46 25 539145590
47 41 501253306
48 5 860005709
49 30 606925286
50 31 164297543
51 2 215383239
52 9 917827872
53 1 70929582
54 22 454787817
55 23 135145804
56 10 118102118
57 20 663078186
58 46 394795759
59 42 298680730
60 43 642082604
61 16 69616785
62 16 124428934
63 22 387943834
64 27 499563944
65 64 877416780
66 41 653802873
67 12 109623220
68 19 991208959
69 30 486955241
70 14 764043416
71 57 764730922
72 2 524647424
73 11 716890434
74 16 28026044
75 47 305053427
76 49 466037378
77 15 556369544
78 46 945540301
79 45 132450010
80 25 791698848
81 69 961482081
82 21 955183159
83 58 869648816
84 20 956690805
85 57 97421595
86 33 683737805
87 20 307912458
88 3 142477974
89 35 832861113
90 84 40374053
91 79 398161720
92 31 512584749
93 63 654426798
94 27 603877343
95 81 608261996
96 66 649259947
97 12 693594263
98 23 345882080
99 96 255867925
100 85 772363486
83 81 53 38 10 59 100 29 72 58 24 91 21 36 97 23 7 73 96 71 68 52 86 37 67 41 60 14 6 35 47 70 75 98 3 39 44 61 62 88 25 13 4 80 82 22 18 5 85 64 63 69 57 76 89 84 1 77 30 78 94 28 51 15 99 16 11 56 43 40 45 50 8 87 33 55 46 2 32 31 9 27 92 20 26 74 54 95 12 79 19 49 66 90 93 17 48 42 65 34
100
53 98 15
80 81 1
58 99 40
21 75 33
69 73 5
94 96 1
12 49 32
13 63 8
30 84 12
39 48 5
6 43 27
24 41 12
7 22 11
41 48 7
20 48 25
14 68 4
67 79 11
72 91 12
9 74 49
73 75 2
12 31 6
71 98 9
11 77 63
69 86 7
68 80 4
81 95 5
3 47 3
64 71 8
35 79 4
5 87 3
30 68 39
16 65 38
28 76 30
10 13 3
44 90 41
39 42 3
13 93 72
10 56 44
42 50 1
15 29 12
10 52 33
20 77 56
9 53 3
14 27 11
14 55 21
20 49 11
6 61 15
71 91 7
46 72 10
31 86 52
37 73 33
8 34 22
59 69 2
47 64 1
32 60 22
44 79 34
85 94 2
27 89 50
73 91 14
34 55 8
10 79 31
12 43 32
4 23 8
38 70 16
48 69 18
13 81 51
14 58 31
8 98 62
40 71 31
58 74 2
29 35 7
77 89 6
9 32 2
1 48 11
1 34 15
33 80 23
47 56 1
54 68 15
6 76 1
17 33 15
34 62 1
2 29 1
62 88 14
10 21 5
43 43 1
22 34 12
36 77 25
48 96 43
2 58 43
18 59 2
33 51 7
31 41 7
29 71 5
43 96 35
68 86 3
19 88 35
6 93 46
6 43 15
15 47 22
73 78 1
