100 100 200 100
80 34 1
9 20 1
27 65 0
77 20 1
33 18 0
4 97 1
74 5 1
44 65 1
82 29 0
77 87 0
30 75 1
29 100 0
63 37 0
6 44 1
16 95 0
70 32 1
44 58 1
57 95 1
10 69 0
88 27 0
7 92 1
79 80 0
15 86 1
66 21 1
7 68 0
64 22 0
17 38 0
21 76 0
75 14 1
85 4 0
52 47 0
57 78 0
9 81 1
33 22 1
5 89 1
59 97 1
94 43 1
86 67 0
78 98 0
51 32 1
78 57 0
94 44 1
22 62 0
28 11 1
14 4 0
93 0 1
39 31 1
93 56 0
9 100 1
96 66 0
45 81 0
53 2 0
7 78 1
14 91 0
41 97 1
92 97 1
31 78 0
71 46 1
31 76 0
84 47 1
16 31 0
74 75 1
18 21 0
53 86 0
13 21 1
1 86 0
75 73 0
30 60 1
47 13 0
7 63 1
57 76 1
53 100 1
14 51 1
81 36 1
67 95 0
68 57 1
20 23 1
14 48 0
60 97 0
53 35 0
36 11 0
61 61 0
34 27 0
64 0 0
96 10 0
21 87 1
63 40 0
98 15 0
49 55 1
3 5 1
70 97 0
27 4 0
84 83 0
98 16 0
79 94 1
25 99 1
13 3 0
68 35 1
40 6 0
31 11 0
97 27 0
14 25 1
32 5 0
65 85 0
90 65 0
75 41 0
86 36 0
41 7 0
53 34 0
80 47 0
72 13 1
66 46 0
21 37 1
66 48 0
66 77 1
19 35 0
38 76 0
90 72 1
72 4 1
29 63 1
62 18 1
42 32 0
92 10 0
97 35 0
53 22 0
39 31 0
76 59 1
77 78 0
10 54 0
11 94 1
11 9 0
4 93 1
4 70 1
42 10 0
81 34 0
11 71 1
3 95 0
46 8 0
77 19 0
52 28 0
49 80 1
37 21 0
83 65 0
8 13 0
73 49 1
45 14 0
43 11 1
99 81 1
6 29 0
35 26 1
10 1 1
95 73 1
29 4 1
7 76 0
24 19 1
33 24 0
72 55 0
16 3 0
39 80 1
51 37 1
64 3 1
82 19 1
13 78 1
54 14 1
52 5 0
83 19 0
57 59 0
78 17 0
88 3 0
68 2 0
65 9 0
30 37 1
94 38 1
44 10 0
83 35 1
87 60 0
97 66 1
55 64 1
57 34 1
10 39 0
47 4 0
75 64 0
89 89 1
16 18 1
64 26 1
53 33 1
15 95 1
23 33 1
86 51 1
46 63 0
53 71 0
67 10 1
74 35 0
80 55 1
41 49 1
8 23 1
59 97 0
52 61 0
62 33 1
78 15 0
