100 50 150 100
85 18 1
27 40 1
71 21 1
6 4 0
44 0 1
52 21 0
76 41 0
35 48 1
46 10 0
94 26 1
26 5 0
90 41 1
57 1 1
97 0 1
88 38 1
72 35 0
54 8 1
93 2 0
39 44 1
56 27 1
21 49 0
94 10 0
55 34 0
66 41 0
27 33 0
69 0 1
40 16 1
70 37 1
32 3 1
61 8 1
27 49 0
11 17 1
40 3 1
83 30 0
51 48 0
82 9 0
29 7 1
69 35 0
33 36 0
67 47 0
65 17 1
52 3 1
18 19 0
16 41 0
43 45 0
89 42 0
22 17 0
92 2 0
94 50 0
68 2 0
67 12 1
10 2 1
91 7 0
64 10 1
92 1 1
3 39 0
63 22 0
13 42 0
20 9 0
16 29 0
63 6 1
84 15 0
89 22 1
16 31 1
46 20 0
31 38 0
53 41 1
38 38 0
54 37 1
31 49 0
35 45 1
34 42 0
75 16 1
78 11 0
54 45 1
50 33 0
50 19 1
73 19 0
13 34 1
62 38 1
86 33 1
52 7 0
69 10 1
25 26 1
85 37 0
43 45 1
98 38 0
13 39 0
95 37 0
70 18 0
47 11 0
90 45 0
84 35 0
16 27 0
2 4 1
87 10 1
3 6 0
1 34 1
16 30 0
99 4 1
82 32 0
1 5 0
83 17 1
7 33 1
47 37 1
58 50 1
86 28 1
81 16 0
15 32 1
94 8 0
86 8 0
69 14 0
1 7 0
43 49 0
21 38 1
23 37 0
87 14 0
14 34 1
9 8 1
72 23 0
68 22 0
43 16 0
84 23 1
79 2 1
37 6 0
63 13 1
42 8 1
75 22 1
63 39 0
17 38 0
37 22 1
6 49 1
18 46 0
60 8 0
34 15 1
89 5 0
79 27 1
93 32 1
11 35 0
44 18 1
89 14 0
31 5 1
34 31 1
1 22 1
70 29 1
62 37 0
1 7 1
72 5 1
84 39 1
51 40 0
