100 100 300 100
36 73 1
11 18 1
14 36 0
31 10 1
39 51 0
75 11 1
2 39 0
56 73 1
14 34 0
35 34 1
39 48 1
58 19 1
97 55 1
72 22 0
45 51 0
44 94 0
60 48 0
69 48 1
65 58 1
56 4 1
85 11 0
46 70 0
60 77 1
65 8 1
57 88 1
5 46 0
65 6 0
45 91 0
8 26 1
41 37 0
95 28 1
99 37 0
69 82 0
15 66 0
65 65 1
61 97 0
76 72 1
14 97 0
22 43 0
18 77 1
34 34 1
8 28 0
93 44 1
90 70 0
68 27 1
69 0 0
37 84 0
31 91 0
19 36 1
61 78 0
13 53 1
58 6 0
45 7 1
30 100 1
76 23 1
45 99 1
34 73 0
12 85 1
19 92 0
63 52 0
83 4 1
74 75 0
36 68 1
33 64 1
79 28 1
40 59 0
74 86 1
53 45 1
93 1 0
15 64 1
30 41 0
77 1 0
58 73 0
66 98 1
90 78 0
96 8 1
51 22 0
92 2 1
51 39 1
41 34 1
24 66 1
11 52 1
57 34 1
10 52 0
91 72 0
84 15 1
25 15 0
51 9 1
72 82 1
9 91 0
18 21 0
84 10 0
84 67 1
48 90 0
10 76 0
47 21 0
99 84 1
38 48 1
19 94 1
30 88 1
83 93 0
11 85 0
89 30 0
71 34 1
25 28 0
38 22 0
6 59 0
77 59 1
47 26 1
61 32 0
61 11 1
70 28 0
90 65 1
66 4 0
14 24 1
15 73 0
95 99 1
3 77 1
10 21 1
23 58 1
60 6 1
5 78 1
40 71 1
11 8 0
28 99 1
35 97 0
29 52 0
52 78 0
16 2 1
51 44 1
41 97 0
91 10 0
95 48 1
17 77 0
82 91 0
28 13 0
58 1 0
48 82 1
44 80 1
5 61 0
94 2 1
75 65 1
44 50 1
86 22 0
66 52 0
99 96 1
96 59 1
52 40 0
69 14 1
54 37 0
31 31 1
56 2 1
38 63 1
10 15 0
85 67 0
89 83 0
55 59 0
11 48 0
6 27 0
56 31 0
10 38 0
9 9 0
44 23 0
8 25 0
16 60 1
49 83 1
35 73 0
30 67 0
79 44 0
24 18 1
70 50 0
9 7 0
12 21 1
26 77 0
35 94 0
3 24 0
26 98 1
99 6 1
76 90 0
25 62 1
95 26 0
19 46 0
51 23 1
27 56 1
57 23 1
25 26 1
21 45 1
98 6 0
67 92 0
28 61 1
38 78 1
5 14 0
36 46 1
75 28 1
30 21 0
9 83 0
62 63 0
26 33 1
24 26 1
37 53 1
86 99 0
42 10 1
8 63 0
96 45 1
34 98 1
53 82 0
53 53 1
59 77 1
72 25 0
63 53 1
55 89 1
45 58 0
51 40 1
20 90 0
77 31 0
80 86 1
52 12 0
12 91 1
59 25 0
58 8 1
36 0 0
30 45 1
40 23 0
8 81 0
2 44 1
54 69 0
70 36 1
14 75 1
10 18 1
76 92 0
54 82 1
26 52 1
33 12 0
84 94 0
71 38 0
30 11 0
9 95 1
60 39 0
47 90 0
35 37 1
86 67 0
56 67 0
86 62 0
32 25 0
5 80 0
85 89 0
50 37 0
52 38 0
97 47 1
44 21 0
49 3 1
46 26 0
62 33 0
41 15 1
81 53 1
91 22 1
20 26 1
39 99 0
60 15 1
93 95 0
11 61 0
67 28 0
84 14 1
99 33 0
89 76 1
25 48 0
36 95 0
29 76 0
62 98 0
82 14 0
23 99 1
67 81 1
73 96 1
22 3 0
46 30 0
48 55 1
14 0 1
93 70 0
35 67 1
34 5 1
38 6 1
86 40 0
31 98 1
30 79 1
25 99 1
92 10 0
29 2 0
49 67 0
20 23 1
20 92 0
7 68 1
46 11 1
21 71 1
28 45 1
54 42 0
26 11 0
78 80 1
38 90 0
66 4 1
47 72 0
