100 100 400 100
99 23 1
93 6 0
97 15 0
31 53 1
41 49 1
70 25 0
36 47 1
26 51 0
73 38 0
12 79 1
77 13 1
56 48 0
78 12 1
73 18 1
61 30 1
39 60 1
32 41 1
88 75 0
98 62 0
83 59 1
59 58 1
32 24 1
46 4 0
22 100 1
79 56 1
78 81 1
40 51 1
42 81 0
24 58 0
49 53 1
64 37 0
66 67 0
50 50 0
11 33 0
74 70 0
84 75 0
10 40 0
83 46 1
29 75 0
23 100 0
69 29 0
48 79 1
11 27 0
41 21 0
3 77 0
63 92 0
57 92 0
16 16 1
26 40 1
83 25 1
73 29 0
50 43 0
46 92 0
6 44 1
48 0 0
50 16 0
91 4 1
10 49 1
43 32 0
17 8 0
79 100 0
89 73 0
16 97 1
4 87 0
67 75 1
77 30 0
17 96 1
93 76 0
92 50 1
38 61 0
55 72 0
9 13 1
43 30 0
73 48 0
34 56 0
31 29 0
21 26 1
64 38 1
70 81 0
66 26 0
36 35 0
49 1 0
55 69 1
1 28 1
88 90 0
68 53 0
86 34 1
33 3 0
19 9 0
83 85 0
46 3 1
83 65 0
83 42 1
59 29 1
15 48 0
16 37 1
37 28 0
92 16 0
77 8 1
77 89 0
36 84 1
2 31 0
82 46 1
21 56 0
89 9 0
20 96 1
40 8 0
72 7 0
76 64 0
25 58 0
76 81 0
70 2 1
50 55 0
70 76 0
32 23 0
20 89 1
4 22 0
65 93 0
38 34 1
38 24 0
46 47 1
12 73 0
15 99 1
37 0 0
35 73 0
24 97 0
15 43 1
44 73 0
5 34 1
68 36 1
13 67 0
73 75 1
51 92 0
27 63 1
20 77 1
19 11 0
43 59 0
27 97 1
45 63 0
73 56 0
33 32 1
2 39 1
46 12 1
16 73 1
80 29 0
71 72 1
9 54 1
92 65 1
87 30 1
28 16 0
51 83 0
5 7 1
93 97 0
40 16 0
72 65 1
29 83 1
31 65 0
93 20 1
57 22 0
28 4 1
67 36 0
93 16 0
74 86 0
60 36 1
78 29 0
46 74 1
80 83 1
24 46 0
1 94 1
57 21 0
59 85 1
46 81 1
11 83 0
1 1 0
31 45 0
80 41 0
17 60 0
52 90 0
74 61 1
71 69 0
68 30 0
15 94 0
15 32 1
62 76 1
90 7 1
73 58 0
40 9 0
18 59 0
97 61 1
38 69 1
63 22 1
38 23 1
59 53 1
94 65 0
7 61 0
68 70 1
29 66 0
65 30 0
98 8 0
31 28 1
17 8 1
15 35 0
64 53 0
81 12 1
63 13 1
38 0 0
88 82 0
25 83 1
2 27 1
89 7 1
57 58 1
73 9 0
54 21 0
12 24 1
4 61 0
23 72 1
37 16 1
87 35 0
86 88 1
35 34 0
63 9 0
38 37 0
94 4 0
90 32 0
17 83 0
81 52 0
49 8 0
50 52 0
48 78 0
37 62 0
53 32 0
6 62 0
10 20 0
30 59 1
45 90 0
20 93 1
87 0 0
38 63 0
93 94 0
55 21 1
10 17 1
14 41 1
40 68 0
41 85 0
27 49 1
1 88 0
80 6 0
6 19 1
60 61 1
28 19 0
44 95 0
71 95 0
46 58 0
61 20 0
7 81 0
95 56 0
9 97 0
95 11 0
6 18 1
83 95 0
66 37 1
7 42 0
8 5 0
77 14 0
45 59 1
56 29 0
28 84 0
44 58 1
42 45 1
14 74 1
14 31 1
53 33 0
40 55 1
19 98 1
28 12 1
93 13 0
14 57 0
68 48 0
60 38 1
49 55 1
62 17 0
43 87 0
61 57 0
59 52 0
98 92 1
85 23 1
9 35 0
80 56 1
93 98 1
52 44 1
39 89 1
22 36 0
2 27 0
89 68 1
57 4 1
53 62 1
32 69 1
18 75 0
87 71 0
22 12 1
77 94 1
99 13 1
32 94 0
91 100 1
4 7 1
63 99 0
79 63 0
22 14 1
48 91 0
8 46 0
64 65 1
56 32 1
44 39 1
84 4 0
75 19 1
69 99 0
57 88 1
59 36 1
27 20 1
96 64 1
87 0 1
3 92 1
28 36 0
21 39 1
32 27 1
93 70 0
23 74 1
71 78 1
26 18 0
7 8 0
90 41 0
77 95 0
93 63 0
30 11 0
91 81 1
37 3 0
45 75 0
35 9 0
54 30 0
13 18 0
67 2 0
77 83 0
82 98 1
67 52 1
6 30 1
98 71 1
15 6 1
9 22 0
39 56 0
33 26 1
81 63 0
74 34 0
14 29 0
27 86 0
30 75 1
54 56 1
94 33 1
67 78 0
45 69 0
52 56 1
95 48 0
63 19 0
31 30 1
93 43 1
75 1 1
71 86 0
13 100 1
49 17 0
9 80 0
78 14 0
67 6 0
86 77 0
23 22 1
36 94 0
36 55 0
15 43 0
92 30 0
70 39 1
89 58 1
78 45 1
18 31 1
83 48 0
84 93 0
47 50 0
98 61 0
92 82 1
22 10 0
53 59 1
29 28 0
1 7 1
63 10 1
78 56 0
75 74 1
47 73 1
67 20 1
3 35 0
66 85 0
7 50 1
29 12 1
81 87 0
