500 1000 100 800
289 557 0
303 849 0
113 989 0
384 596 0
2 608 1
226 818 0
268 573 1
145 383 1
235 867 0
138 483 0
368 848 1
206 702 1
412 788 0
40 707 0
106 267 1
368 242 1
139 860 0
111 140 0
376 462 1
365 197 1
465 316 1
257 977 1
138 614 1
260 620 1
226 80 1
45 132 1
254 137 1
294 718 0
327 28 0
475 56 0
179 975 0
4 29 0
253 760 0
317 845 1
79 188 1
41 90 1
482 58 1
173 354 0
256 670 1
22 563 1
330 516 0
327 67 1
217 918 1
413 236 1
11 349 1
115 903 0
315 449 0
28 228 0
142 690 0
310 295 1
120 934 0
314 610 0
205 300 0
151 310 0
190 257 1
325 223 0
379 721 0
328 507 0
243 369 0
451 646 1
427 774 0
404 729 0
55 229 1
462 726 0
167 753 0
248 808 1
22 983 0
249 23 1
101 286 1
112 129 1
302 426 0
280 382 1
95 756 1
462 464 1
353 124 0
276 704 0
123 485 0
209 227 0
339 539 1
155 418 1
243 160 1
2 699 0
465 23 1
174 53 0
220 170 0
73 250 1
333 588 1
159 522 0
100 942 1
455 904 1
120 55 1
354 169 1
284 664 1
241 769 0
188 900 0
346 808 1
186 992 0
284 743 1
111 465 0
322 445 0
