100 33 100
378941848 432052101 292955264 880412270 458120359 488602771 473770103 361414448 137969625 239388915 443861809 255912968 255366895 631864217 540862163 101763002 255889383 500139554 46385412 411138301 7900460 997662740 576087330 648331339 859057283 643202282 940473251 617325631 287266431 691636636 88577663 666208278 123688737 234049278 399136899 434325447 722652048 725423354 795739895 860621672 964812268 239601703 116534639 72695514 871465919 509913154 26974868 127355301 862569059 73360279 391009953 722985870 923539370 967097282 371317208 782596652 462815916 164306811 252438634 750082346 855943446 193532648 268806975 832148534 427581925 520460225 118990333 2750325 245883578 914730227 715888348 63212197 6848281 684939339 135907711 878314200 47368844 162882578 858185852 909937902 88759208 101712157 632923772 12298577 68809438 856757331 647411581 384141705 21064141 752366566 134224050 729523939 945899214 255547376 414188824 225997490 776007601 533179156 81264166 874407530
82 832148534
27 458120359
52 940473251
14 533179156
66 909937902
48 46385412
73 945899214
53 923539370
2 399136899
67 666208278
51 292955264
32 964812268
96 684939339
57 26974868
11 116534639
78 488602771
36 691636636
7 239388915
44 997662740
33 576087330
88 63212197
37 725423354
54 361414448
75 371317208
74 855943446
45 750082346
61 68809438
91 378941848
84 715888348
56 914730227
69 287266431
90 617325631
89 47368844
2 83 12298577
2 95 752366566
2 31 462815916
2 72 967097282
1 96
1 11
2 3 239601703
2 10 880412270
2 17 722652048
1 51
1 88
1 7
2 24 878314200
1 24
1 69
1 3
1 72
1 95
2 92 63212197
1 45
2 4 72695514
2 63 193532648
1 92
1 91
1 14
1 17
1 73
2 5 63212197
2 6 73360279
2 28 795739895
1 90
2 24 378941848
2 17 411138301
1 32
2 21 945899214
2 43 520460225
2 55 101712157
1 43
2 23 21064141
2 16 500139554
2 91 964812268
2 59 287266431
2 85 443861809
1 52
1 91
2 46 162882578
2 94 164306811
2 29 940473251
2 25 81264166
2 47 88577663
1 16
1 4
1 24
1 17
2 96 411138301
2 87 964812268
1 28
1 44
1 82
1 96
1 21
1 6
1 59
1 36
1 23
2 51 411138301
2 76 225997490
1 25
2 12 101763002
2 8 509913154
1 94
1 27
1 89
1 29
2 77 871465919
2 86 617325631
1 87
2 26 134224050
1 78
1 26
2 87 72695514
1 54
2 65 473770103
1 55
1 87
1 31
1 86
1 46
1 33
1 85
1 63
1 37
2 71 782596652
2 44 458120359
1 44
1 61
1 47
2 43 795739895
2 90 856757331
1 56
