1000
73 20 33 8
28 88 40 46
15 54 2 87
77 72 18 29
64 19 72 18
40 88 15 25
88 61 6 35
94 64 59 33
27 27 22 55
51 59 26 28
11 43 6 70
70 43 7 26
6 47 12 12
60 97 35 52
23 32 41 16
49 75 7 86
54 31 0 83
60 68 60 2
72 3 35 16
88 52 89 8
8 10 97 2
65 27 12 62
3 89 23 76
24 58 52 21
32 19 21 70
62 45 39 15
54 1 2 48
69 47 47 15
79 18 3 58
44 30 46 39
5 4 27 18
18 88 65 14
92 27 53 24
73 26 12 45
79 41 7 32
9 88 16 23
91 21 6 23
56 41 68 17
68 37 17 45
13 77 48 40
2 90 66 10
89 26 19 71
33 43 7 35
72 50 29 8
51 54 62 21
76 65 23 28
93 75 18 82
67 55 48 1
13 27 43 14
14 2 52 26
91 73 14 18
4 11 1 81
48 32 0 27
76 22 16 27
61 12 8 46
10 23 43 48
93 56 30 13
96 16 45 43
11 8 20 64
76 87 5 1
48 28 33 12
59 21 22 8
91 62 3 27
50 12 62 17
29 100 35 43
73 29 38 32
61 1 72 15
62 40 12 70
21 73 8 30
0 51 4 1
64 0 17 40
18 75 2 5
83 2 13 44
1 13 44 39
7 42 22 12
89 61 6 29
22 97 52 26
28 48 24 13
70 60 38 16
46 4 33 17
25 43 7 79
20 25 12 82
14 83 17 26
87 70 47 41
65 96 54 3
72 44 27 6
4 45 75 24
67 83 17 54
59 23 26 41
19 17 68 10
83 85 21 72
54 51 73 1
16 10 81 2
98 91 35 55
56 0 39 35
12 54 18 16
51 10 47 29
66 0 8 19
34 56 3 4
37 46 38 42
90 4 35 35
43 62 34 30
90 13 53 15
93 34 51 0
39 49 2 13
61 23 43 48
80 47 7 90
6 64 7 5
22 86 39 54
44 71 31 24
28 76 53 33
0 23 47 43
77 74 55 42
97 70 49 5
73 33 40 14
76 18 58 6
19 79 66 16
83 74 4 91
8 63 15 28
65 6 10 49
69 91 20 35
36 92 35 18
68 70 21 45
20 47 63 12
13 63 28 6
12 93 25 38
2 88 39 34
54 18 45 49
55 6 46 45
88 26 57 12
13 88 41 16
96 6 1 3
8 75 20 40
44 36 33 14
93 60 15 21
64 23 43 34
86 19 65 0
52 83 8 67
96 98 2 93
56 35 68 7
55 9 78 19
97 82 81 4
99 65 70 2
65 84 24 29
12 57 22 20
41 4 3 26
37 58 63 3
65 57 27 72
41 22 2 77
69 87 47 48
44 95 83 4
66 57 24 76
58 62 17 57
14 8 5 91
52 98 86 3
78 89 69 27
60 43 22 78
54 19 3 40
60 2 21 27
79 45 0 60
16 0 43 11
49 23 31 17
1 30 41 20
93 66 17 53
11 58 0 79
37 28 43 31
84 29 55 6
40 61 21 47
38 15 72 26
80 86 7 14
72 10 10 47
69 86 29 17
33 89 29 12
2 35 14 3
39 73 3 78
54 78 4 79
20 89 16 19
16 75 21 20
0 87 19 10
10 32 70 11
30 58 14 64
30 71 64 5
29 86 80 2
94 93 60 37
68 93 61 34
56 62 41 57
81 24 73 11
96 76 24 7
92 99 23 42
93 29 90 2
45 16 33 6
51 84 13 40
50 37 29 70
86 8 45 0
40 40 28 67
20 69 34 44
82 28 49 51
75 30 52 47
41 23 90 3
76 90 76 21
14 36 49 38
46 85 74 0
64 76 28 26
17 64 20 4
74 48 24 5
8 9 2 81
7 62 8 77
21 31 10 82
59 59 47 1
35 87 74 22
98 64 8 61
42 89 34 27
16 56 75 4
26 84 45 27
64 77 4 72
60 29 1 39
59 61 9 67
9 92 12 49
16 80 35 2
96 71 17 52
76 88 17 34
15 81 23 32
76 31 69 11
39 49 8 42
74 66 21 24
96 55 6 46
96 51 12 46
34 45 56 15
66 84 36 3
34 40 91 7
21 28 11 68
32 29 7 90
60 61 0 17
22 29 6 89
64 94 22 9
91 0 37 12
50 62 92 3
59 45 27 12
77 26 15 26
48 29 53 24
3 40 13 69
86 36 11 82
41 17 42 28
59 71 47 15
20 95 67 32
88 16 4 77
95 91 24 2
99 66 88 10
36 6 21 11
46 87 57 22
1 85 72 20
20 44 4 42
39 11 27 65
27 85 19 19
23 32 62 22
40 84 14 67
58 97 44 40
98 36 84 7
76 76 1 89
51 28 48 21
81 15 37 34
76 33 58 18
41 5 17 72
36 5 1 30
73 86 31 47
84 4 43 38
54 10 85 3
89 22 42 1
96 78 33 34
82 47 20 45
37 75 6 70
61 68 11 60
7 78 8 88
73 0 13 24
13 65 81 14
97 23 16 4
11 28 36 48
44 94 0 27
38 69 27 41
48 51 54 35
10 5 39 6
68 66 74 12
51 8 0 37
43 12 62 38
71 74 37 39
83 37 32 68
18 83 32 25
29 60 24 4
21 36 25 10
20 96 15 14
17 31 5 37
88 2 13 61
26 81 37 31
25 81 66 15
14 23 30 54
50 94 22 57
30 27 89 5
72 39 78 0
84 53 14 21
14 93 12 86
50 54 65 25
78 17 38 55
32 94 21 60
45 86 35 39
49 44 11 5
25 97 53 10
43 40 19 28
84 2 24 6
6 35 34 24
26 81 1 28
52 12 25 5
78 71 13 53
0 62 68 10
33 28 49 25
24 11 11 20
20 36 49 49
82 16 60 28
58 49 36 58
48 94 8 30
60 70 45 24
35 14 9 17
63 80 37 22
75 34 26 67
73 29 65 29
35 38 12 18
60 1 36 19
46 30 35 59
61 26 12 31
30 46 29 9
49 67 6 64
51 68 23 64
37 52 19 48
43 75 9 68
98 84 87 11
76 24 5 89
21 99 14 30
73 69 4 93
14 20 69 6
36 39 70 30
47 55 8 9
38 86 23 69
36 2 20 18
51 95 70 3
76 41 57 43
21 85 37 44
13 60 68 16
23 67 77 6
85 59 14 66
96 13 18 70
40 82 77 15
42 40 1 62
70 73 96 3
58 70 48 26
91 1 17 12
7 98 4 76
25 93 66 11
52 75 31 5
80 6 27 55
7 85 24 3
12 89 67 11
7 88 60 25
1 75 5 50
5 33 74 16
22 76 17 43
69 61 26 56
20 48 70 19
73 16 5 30
17 38 8 82
91 86 4 0
28 22 11 1
91 96 35 32
94 15 78 8
31 78 68 26
88 64 70 17
9 47 16 16
3 92 53 42
4 37 18 37
57 38 31 18
50 32 43 12
95 9 0 98
82 39 19 69
59 5 26 73
91 41 53 14
29 78 40 60
81 82 62 32
72 8 22 76
48 15 93 3
44 26 6 54
90 8 21 40
75 34 58 32
58 75 10 26
35 53 23 8
91 94 87 10
0 62 31 20
29 83 14 22
52 95 13 57
94 37 23 74
13 59 28 4
68 50 39 11
48 37 50 24
68 21 67 8
69 15 27 49
53 26 33 15
79 48 7 28
65 63 68 26
88 67 41 30
17 86 64 34
58 54 63 26
65 24 57 33
66 63 22 69
7 12 80 19
39 35 64 21
70 52 34 1
31 96 20 79
68 25 8 71
40 21 13 82
48 83 13 83
11 26 45 39
28 85 19 57
19 43 30 7
11 71 19 26
85 38 15 23
28 3 17 7
61 65 73 1
51 97 16 16
38 89 18 12
54 28 59 7
16 8 36 30
54 51 8 63
43 41 58 1
74 35 34 15
17 35 25 31
15 78 74 14
11 60 14 4
11 44 22 2
78 61 29 69
9 99 26 43
59 83 46 10
58 11 16 81
17 84 10 87
60 72 10 2
51 47 16 82
81 75 51 25
18 49 1 9
7 83 9 37
13 54 80 1
99 92 16 27
90 1 93 3
84 69 7 59
51 49 48 11
30 64 90 10
7 65 15 55
74 73 3 20
100 77 75 11
61 39 12 4
30 58 54 5
20 13 48 32
39 15 6 87
56 53 6 42
32 34 1 92
60 7 77 12
73 100 26 45
7 96 40 52
70 8 18 33
35 74 33 49
28 73 52 19
52 26 77 8
50 71 59 34
55 26 47 29
56 26 32 9
22 70 5 14
36 30 22 31
24 66 11 87
76 68 67 1
89 70 4 27
49 28 17 65
64 45 20 8
39 25 15 2
74 59 36 47
83 95 77 12
67 70 48 52
66 33 86 14
60 0 66 31
98 72 38 0
77 8 2 45
97 82 12 47
34 44 28 10
38 71 12 71
57 0 4 59
82 72 39 21
47 43 11 9
55 19 40 30
44 91 40 22
46 36 39 60
77 94 28 22
77 45 17 67
18 52 7 78
35 23 28 68
77 86 8 65
82 75 41 17
10 90 4 39
71 77 26 46
8 90 22 37
49 79 30 52
56 27 17 73
86 11 29 19
60 10 64 9
16 87 9 85
29 41 4 94
38 95 68 30
23 28 29 2
87 29 53 43
12 6 32 21
27 78 49 16
2 51 21 48
92 56 34 57
10 29 13 63
28 85 5 36
46 90 37 14
79 79 41 24
35 61 21 15
34 58 52 4
63 2 13 74
33 62 27 10
11 1 36 6
19 22 75 13
46 75 12 23
56 48 63 17
5 59 23 47
3 45 18 3
88 83 11 84
16 65 58 3
0 10 31 7
98 28 4 62
7 87 26 27
70 75 16 77
60 29 33 11
79 38 26 25
81 30 83 12
9 66 16 20
47 62 74 25
10 67 8 29
20 72 63 30
76 64 69 15
35 34 78 16
67 31 8 74
3 76 20 19
5 3 22 32
48 100 19 75
11 27 28 16
10 24 30 15
83 14 74 20
12 24 45 10
89 20 0 76
42 61 14 76
53 36 73 0
31 58 41 37
56 93 11 39
63 65 6 91
94 86 35 42
72 95 16 78
79 42 45 38
17 3 19 45
43 11 24 8
51 100 41 25
80 89 10 66
93 53 15 69
57 17 68 20
21 40 47 19
57 48 39 5
56 12 26 36
34 74 3 5
47 38 74 6
73 0 44 9
96 95 36 23
28 75 84 15
54 58 28 40
87 36 39 46
23 4 56 10
52 5 14 35
50 94 94 2
67 58 28 16
78 17 0 37
89 94 12 36
37 39 7 44
60 59 3 33
17 8 22 53
0 86 86 3
94 88 83 1
39 0 13 25
4 29 37 56
21 37 52 44
79 45 48 20
22 97 86 11
78 9 73 10
20 1 43 18
22 35 46 48
43 42 39 39
60 13 29 49
24 42 26 14
27 5 42 13
82 27 77 6
72 3 17 50
70 23 57 2
6 51 17 81
42 37 1 26
9 11 74 23
99 74 31 8
96 7 15 45
18 96 60 12
91 98 23 53
82 26 40 21
29 80 0 36
38 18 6 92
88 27 25 27
30 31 45 54
91 0 38 56
3 91 33 65
81 72 86 6
80 74 78 11
68 69 4 9
46 92 8 59
10 93 32 35
0 98 41 53
95 57 46 25
19 56 27 65
58 72 14 63
64 42 9 42
88 71 85 13
82 20 2 10
91 73 17 81
79 48 91 1
66 18 40 29
55 53 29 48
70 64 27 36
84 59 13 33
95 92 11 81
65 25 12 10
60 65 28 53
88 23 19 47
65 52 18 22
61 97 63 3
7 41 75 13
33 34 13 2
2 35 5 7
50 40 46 37
57 3 48 52
46 70 87 3
65 29 8 85
12 5 34 0
54 98 3 64
15 41 45 38
75 42 13 67
90 88 8 50
71 3 47 9
68 17 47 52
51 18 16 55
1 94 15 7
77 92 30 44
51 70 3 54
20 82 74 18
79 11 18 64
55 90 21 62
8 78 59 9
99 48 0 68
35 69 13 61
29 23 0 93
41 25 4 14
55 95 11 45
81 80 15 48
25 0 53 40
15 69 2 97
63 42 4 23
60 96 70 7
90 79 21 41
42 69 11 16
56 88 47 16
54 82 30 8
77 13 18 70
62 28 10 1
92 72 27 28
98 43 1 35
47 42 46 6
47 2 90 7
44 52 0 38
100 70 51 17
60 78 55 10
22 96 4 68
80 1 26 47
84 96 11 11
60 59 29 64
47 37 45 48
20 42 30 49
7 0 25 9
68 79 94 5
37 78 45 2
67 68 30 24
94 0 59 29
32 82 46 44
7 67 51 42
94 85 59 21
10 2 9 55
58 64 7 12
70 50 18 30
62 74 23 43
34 12 41 44
26 0 31 17
7 3 22 28
37 25 30 8
19 31 70 5
62 36 46 4
70 52 8 38
96 51 31 12
65 98 63 25
98 83 29 59
70 49 13 69
15 16 65 15
97 13 33 67
76 27 53 46
54 91 43 38
99 94 35 15
98 22 81 2
12 3 35 57
15 81 17 4
61 70 0 59
58 80 60 27
87 43 2 2
70 19 1 8
59 65 20 4
5 25 16 56
68 12 33 26
25 74 80 10
52 62 43 22
80 95 26 43
52 39 18 8
5 100 46 11
90 67 72 13
8 61 54 8
59 63 3 45
59 29 33 16
76 93 8 41
33 46 24 37
53 39 8 10
67 57 15 33
24 46 18 34
42 21 47 34
55 33 24 17
17 81 73 18
83 36 29 9
20 33 8 40
9 58 16 22
28 65 30 68
92 41 9 7
86 91 49 23
94 96 26 8
88 82 11 40
31 63 19 56
87 43 69 21
45 41 32 63
54 96 33 47
20 24 33 32
87 60 7 31
11 50 27 6
81 99 25 35
90 92 24 3
22 27 50 4
48 5 24 16
70 19 52 12
55 93 27 72
48 0 20 55
94 26 6 54
30 88 21 10
0 94 20 40
42 44 48 21
57 45 88 10
14 56 89 3
12 73 4 21
4 92 66 8
62 8 70 3
46 88 64 16
2 87 87 1
91 65 5 64
61 71 45 13
62 88 4 4
33 17 4 41
37 13 3 79
86 55 72 0
19 66 10 83
77 82 22 51
14 87 21 1
56 62 55 31
31 85 39 55
96 82 8 37
49 34 36 47
79 49 23 5
61 23 14 7
53 1 53 19
86 21 15 64
34 18 7 45
64 72 27 70
39 10 59 32
91 92 31 65
56 78 12 41
77 66 55 26
0 70 7 56
19 13 19 34
13 5 71 0
30 21 79 7
98 16 11 51
67 65 57 41
67 83 45 19
72 54 5 72
88 95 26 43
34 32 64 22
60 51 56 20
10 47 5 79
96 17 58 15
27 24 31 39
54 82 44 6
44 51 8 60
83 58 65 31
6 4 3 70
97 90 67 30
45 56 22 45
69 97 7 15
72 48 28 45
25 67 6 59
72 72 23 6
55 19 46 0
92 1 36 6
11 37 62 32
76 66 26 74
16 67 6 37
89 34 13 58
51 76 46 49
57 68 34 35
78 52 4 5
65 83 56 31
17 57 19 16
52 32 0 51
99 94 7 29
88 31 11 32
52 73 9 78
87 24 66 32
72 78 26 63
45 68 15 59
67 47 36 58
78 63 8 22
27 81 35 15
94 23 53 46
58 76 73 25
79 79 0 82
9 76 7 18
84 49 34 9
24 87 50 35
44 75 29 25
92 21 54 35
26 18 77 0
83 98 35 64
11 32 31 60
60 66 36 1
22 3 63 34
26 6 72 10
33 67 20 77
78 5 4 59
23 14 36 46
82 51 11 14
47 63 31 38
32 75 1 41
56 97 33 41
2 10 7 42
4 61 83 8
60 34 10 13
38 47 8 15
63 8 16 36
73 16 9 54
72 95 4 17
16 60 14 21
56 0 52 47
94 60 27 57
83 63 24 58
89 39 2 94
49 88 0 61
18 70 48 37
74 97 14 39
63 14 89 11
67 69 2 88
39 4 43 19
75 33 33 34
14 35 27 36
27 94 52 30
96 95 3 5
77 39 80 5
32 11 80 16
39 28 53 26
57 74 25 28
8 56 56 13
39 36 3 48
16 64 23 55
77 29 19 39
98 63 37 61
1 13 17 68
24 28 26 34
11 2 54 35
44 59 51 27
98 16 11 84
89 50 3 64
94 74 5 77
87 63 70 8
84 39 29 66
55 44 32 29
90 44 58 26
64 94 55 16
67 7 1 71
50 26 24 56
59 95 50 27
1 78 10 30
74 22 56 35
86 48 46 9
95 88 25 9
20 62 30 37
64 95 8 75
85 32 50 29
14 45 38 56
83 40 22 15
35 31 44 51
90 17 27 14
32 60 80 20
36 74 9 0
60 90 53 6
17 88 17 30
50 38 14 36
13 37 4 71
39 65 16 5
79 82 28 8
65 36 43 41
89 19 0 93
77 82 48 39
88 54 13 79
32 56 71 3
78 26 45 6
21 6 35 39
69 90 11 45
63 44 23 12
75 29 55 21
91 54 3 2
46 83 7 38
96 39 60 30
0 81 25 67
17 87 2 4
54 3 54 40
81 56 11 70
16 67 63 35
67 78 38 34
90 87 41 56
51 72 81 14
51 77 40 15
25 74 19 44
86 32 20 67
73 41 78 20
53 99 18 5
20 27 19 49
74 18 10 30
48 3 18 81
87 82 50 8
38 9 43 45
39 46 24 43
79 95 20 31
58 51 9 81
52 42 60 14
6 10 11 11
21 51 71 8
1 87 11 66
82 94 24 10
67 16 46 7
79 60 46 22
77 7 24 63
27 38 87 5
23 60 3 36
35 38 36 11
13 33 59 16
82 39 22 8
45 2 6 14
85 69 2 71
82 80 6 87
92 49 10 51
15 13 27 50
55 2 39 36
99 57 6 54
99 14 71 13
8 78 33 37
42 49 11 80
57 38 3 80
73 70 18 6
81 67 52 5
33 29 20 23
61 11 16 4
46 35 17 23
39 9 32 17
9 30 75 9
