1000
52 44 1 23
80 62 30 22
87 40 48 3
86 1 48 45
17 29 47 2
70 83 45 42
11 67 59 28
55 87 50 37
94 72 49 2
26 49 30 29
67 72 43 14
90 19 15 25
45 11 65 31
98 89 16 53
14 34 56 29
49 45 80 10
46 22 43 47
12 22 1 79
49 11 43 48
29 93 21 27
28 13 11 9
77 34 49 11
45 85 15 51
60 97 24 57
67 12 48 1
76 47 24 62
68 6 4 37
81 20 68 4
13 35 19 80
21 85 30 55
16 43 58 37
85 52 35 3
100 77 66 20
87 46 34 54
97 7 73 11
11 55 9 87
92 21 54 7
83 45 15 81
61 3 53 14
37 17 44 54
45 98 29 22
46 29 51 22
25 33 60 6
38 77 84 4
65 1 51 22
27 50 56 23
86 92 66 28
51 46 38 6
51 56 68 29
10 81 39 32
85 12 4 62
63 46 55 35
46 35 53 8
79 90 19 42
55 21 42 12
1 27 71 23
44 80 35 45
87 78 33 19
23 59 4 21
11 99 3 60
31 67 45 3
89 44 3 11
77 71 65 15
95 13 34 22
41 97 28 13
50 87 11 62
39 10 68 5
58 78 45 46
75 27 61 29
39 90 72 24
10 7 11 16
0 72 82 17
57 75 26 13
56 7 35 6
56 89 56 15
90 61 1 69
76 14 11 45
52 57 60 32
13 14 72 9
87 79 3 92
54 87 41 3
16 45 49 39
14 2 22 60
4 22 54 39
100 51 46 34
24 3 4 4
83 87 14 8
55 100 14 62
98 96 17 0
15 71 10 75
63 69 40 59
61 40 89 9
36 30 45 22
94 85 60 36
33 52 28 33
95 73 13 19
55 77 72 5
82 47 11 60
90 12 51 22
89 75 22 63
94 17 31 65
25 40 61 14
95 48 6 4
66 32 31 43
48 7 13 39
14 27 22 57
44 38 12 22
44 73 34 3
57 24 10 21
15 57 52 40
20 27 35 26
17 46 12 33
83 24 44 30
66 80 14 85
7 11 26 39
43 66 19 48
22 71 15 82
60 3 41 10
86 43 47 51
81 72 8 61
89 29 91 9
81 42 43 27
5 53 13 46
14 89 49 32
89 13 17 37
67 82 81 16
2 36 2 74
62 100 50 28
9 29 9 63
30 94 53 17
77 57 20 16
14 87 17 71
38 53 31 51
28 58 40 10
70 44 50 46
4 71 8 62
60 86 43 50
93 92 83 10
75 82 23 16
48 10 36 62
42 6 44 45
3 18 4 91
13 63 17 60
44 16 64 22
86 31 17 35
74 84 1 62
97 100 75 11
54 48 69 25
84 90 37 1
25 65 69 5
12 35 11 17
26 64 9 30
72 2 40 44
68 95 27 2
6 41 63 18
34 74 30 26
89 3 4 19
8 50 27 15
41 7 24 10
27 26 59 9
35 60 55 31
77 94 11 14
48 57 70 17
72 64 36 33
37 22 55 37
55 57 14 51
66 85 27 4
4 80 25 45
37 66 25 33
83 0 42 56
85 83 78 5
44 38 40 36
92 88 28 45
77 63 15 18
93 39 80 5
11 52 52 23
34 9 29 30
99 44 41 21
57 57 18 26
36 15 68 30
44 18 34 41
71 29 42 46
43 48 75 20
16 44 11 40
66 58 54 22
8 28 32 52
42 6 66 15
3 40 9 23
96 72 80 8
35 48 13 53
40 85 81 16
59 11 71 29
84 41 2 60
13 26 84 4
1 63 35 39
74 46 16 10
97 83 55 44
41 29 79 18
43 37 10 18
53 58 19 13
68 77 9 76
67 31 82 4
82 42 17 55
24 26 84 2
8 73 43 20
52 15 89 5
49 41 26 12
77 25 21 59
26 75 53 29
29 78 49 25
71 6 70 15
36 81 21 55
64 79 3 63
97 45 75 2
72 54 31 34
28 88 56 9
86 82 38 61
47 64 1 35
57 9 46 14
56 76 32 14
67 40 37 14
94 81 59 36
14 40 9 35
51 14 46 18
63 86 47 1
55 42 26 48
87 58 8 73
37 24 30 44
28 35 25 68
41 29 3 19
2 81 26 15
38 96 0 61
12 24 20 5
51 36 9 11
62 58 63 28
27 92 55 26
59 33 15 11
15 51 63 21
64 44 66 28
85 83 48 13
58 0 2 90
48 71 13 66
0 72 15 42
41 66 97 0
29 7 63 25
76 84 3 31
72 2 15 45
37 54 12 49
19 34 8 65
56 67 36 11
37 23 52 32
47 68 59 23
79 62 12 4
67 60 36 10
21 73 38 55
58 20 19 80
51 57 63 35
20 24 41 32
28 89 15 61
17 40 8 35
62 24 21 36
78 59 52 30
89 87 17 10
61 31 42 47
73 37 10 79
37 66 55 23
64 4 31 36
60 6 13 66
10 70 2 33
10 14 18 5
85 93 14 37
40 94 48 41
23 43 71 20
77 40 29 12
75 36 53 41
36 55 2 20
70 13 29 24
38 46 44 43
83 75 38 36
84 73 68 3
42 15 7 61
40 18 3 47
99 44 14 56
25 47 16 38
75 12 84 15
49 20 1 39
78 75 26 8
24 35 16 82
90 29 22 60
81 36 1 14
73 99 65 12
50 85 33 65
18 55 1 81
15 10 17 55
19 70 3 69
9 44 25 32
64 72 59 39
40 47 56 5
20 28 75 4
5 18 64 17
86 87 20 26
98 7 21 5
28 16 27 50
13 80 0 59
57 66 51 3
44 29 90 9
43 16 45 21
40 36 32 20
77 50 72 24
72 10 58 9
39 23 16 51
69 60 2 41
95 88 9 12
81 14 8 53
29 39 89 5
33 57 22 45
41 5 53 1
49 16 24 53
30 0 36 39
24 88 44 9
81 84 32 53
78 61 69 1
82 17 5 69
64 27 76 24
94 71 40 59
52 95 36 23
51 33 45 15
70 46 71 26
57 18 15 3
31 26 43 40
90 16 28 41
97 97 14 32
35 42 44 5
36 5 17 20
11 57 25 10
80 23 5 44
16 65 75 16
82 1 39 41
57 60 34 39
69 96 56 5
76 39 11 57
78 44 61 15
69 42 40 54
27 34 9 82
95 63 8 9
87 45 36 46
32 18 6 65
44 100 1 53
25 19 31 64
88 69 38 49
22 69 76 20
19 34 47 9
86 83 77 14
34 32 21 14
24 36 45 52
2 72 12 18
95 57 69 7
49 30 50 47
0 35 31 6
3 43 44 7
14 64 24 7
12 60 22 6
61 72 31 15
48 45 79 12
89 94 44 46
54 6 24 71
91 20 9 62
23 40 3 45
16 18 0 84
61 40 0 26
39 48 35 44
39 51 59 21
39 35 34 4
57 49 0 83
90 68 29 9
13 51 33 24
30 3 4 5
70 10 18 39
76 29 71 17
75 22 16 43
97 21 50 8
38 2 26 7
68 96 26 28
37 7 40 31
32 2 45 25
72 6 2 52
63 97 0 67
39 5 43 11
21 44 2 73
76 49 37 3
58 92 80 20
65 20 68 2
24 67 9 15
62 25 40 11
90 78 17 58
93 95 60 16
73 59 61 26
100 59 15 58
40 34 7 80
21 66 50 43
5 86 72 5
40 18 63 0
14 32 11 84
37 17 21 59
90 42 28 38
70 74 82 3
45 96 27 8
62 39 18 55
77 66 77 4
77 84 26 6
12 60 40 4
54 65 1 22
28 33 50 14
57 39 73 23
15 66 83 15
79 9 54 25
11 12 3 25
70 57 61 12
56 56 63 35
19 30 57 40
74 10 14 42
83 49 13 33
64 3 4 7
62 94 39 50
84 56 70 2
75 52 19 52
95 28 21 38
3 43 6 83
77 70 60 36
87 61 51 49
48 17 10 63
2 29 46 34
8 6 8 8
51 26 10 45
29 25 57 4
5 52 6 88
39 31 15 0
76 16 18 27
95 61 45 30
70 78 4 43
72 67 0 83
35 55 22 31
24 95 51 33
0 48 52 13
57 52 83 15
17 91 2 60
49 29 27 8
34 29 45 53
51 29 32 20
16 17 81 10
63 78 26 53
72 3 35 4
82 50 51 39
97 45 12 68
50 6 45 50
35 92 26 48
54 81 63 36
16 79 5 8
52 76 37 8
7 42 15 37
89 80 73 25
15 88 4 32
42 98 23 62
37 13 24 62
91 88 37 53
52 64 79 9
89 71 73 18
36 62 3 43
0 47 38 22
45 96 3 55
25 35 31 23
29 9 6 44
68 23 68 4
20 28 45 16
27 67 37 7
87 72 3 5
20 66 17 6
9 62 61 3
99 83 3 65
88 62 62 9
53 9 18 76
9 0 22 19
52 89 25 46
86 45 44 17
52 54 58 19
3 89 51 47
7 22 27 27
16 50 2 97
97 98 20 67
68 1 37 17
70 37 55 23
23 88 9 8
55 67 65 16
19 70 5 81
42 81 30 59
19 81 61 5
77 56 51 41
75 48 19 0
92 15 32 24
85 74 21 25
11 68 31 3
11 100 3 34
72 94 49 36
98 33 42 55
19 68 8 61
7 69 0 91
26 90 7 25
12 8 37 61
7 9 5 37
20 51 73 7
54 15 54 5
44 60 61 1
76 46 49 14
24 67 12 11
46 35 36 32
91 65 7 37
38 13 52 39
20 64 7 79
59 61 15 23
6 7 12 18
80 19 6 8
95 15 47 40
54 6 33 24
97 97 31 14
89 2 59 34
28 8 62 36
35 35 49 48
86 60 3 72
71 70 44 52
61 7 67 30
10 59 25 61
68 31 57 42
85 47 10 53
61 26 31 38
85 78 56 25
88 52 42 50
88 95 21 49
34 98 9 56
20 97 16 69
51 18 10 54
96 23 56 0
93 50 53 33
19 2 76 6
61 5 55 1
7 54 12 83
32 32 59 25
57 61 52 35
47 14 14 44
60 80 43 20
24 55 36 43
72 77 29 55
36 41 3 74
96 80 22 26
92 71 85 5
67 63 61 11
39 60 8 90
93 4 41 39
86 75 51 20
35 20 29 28
32 0 10 47
78 79 41 31
16 17 65 24
64 92 91 4
2 97 19 33
33 100 38 12
54 95 17 80
42 36 93 6
78 41 22 26
3 0 33 40
26 75 20 16
13 61 22 1
35 45 29 39
24 66 11 54
70 13 27 61
92 28 30 50
56 88 31 16
6 72 1 17
96 85 5 74
0 96 28 68
10 21 7 14
16 34 13 65
28 24 19 32
70 28 51 9
64 80 30 8
89 38 29 26
66 51 0 4
91 14 68 30
45 19 21 59
98 30 27 59
65 48 55 5
74 41 5 65
52 54 43 14
65 95 62 7
23 64 43 18
95 13 85 6
74 40 17 83
78 20 7 76
91 93 48 36
34 51 16 39
96 56 47 34
78 65 51 9
92 83 59 27
91 9 23 24
23 62 16 23
84 98 78 5
86 3 40 32
76 83 4 43
57 25 19 56
47 10 86 12
86 23 48 36
82 73 80 8
56 13 6 84
26 74 74 26
5 3 72 14
1 47 76 6
20 99 37 35
27 9 41 30
62 59 2 93
0 59 30 28
94 5 75 3
33 24 40 53
69 39 94 5
8 9 51 13
84 83 65 6
95 91 34 37
30 50 62 18
17 98 2 43
88 22 9 60
31 90 40 2
30 62 13 44
84 28 2 84
86 73 11 42
16 95 22 4
79 86 19 30
71 62 31 59
88 100 39 30
30 50 16 33
70 4 80 17
56 64 17 46
52 91 61 30
60 66 52 40
34 25 20 56
87 32 12 49
16 54 48 51
1 57 24 4
56 3 55 33
24 35 78 13
79 40 9 80
59 66 94 6
78 82 88 3
12 14 1 61
51 48 24 7
46 31 77 20
11 6 60 14
86 3 10 72
38 76 36 61
82 57 59 25
39 93 13 51
25 61 51 48
16 73 36 25
10 56 23 22
87 7 63 22
58 26 58 8
52 63 24 61
81 62 47 18
47 40 66 20
26 45 42 9
45 3 26 52
58 24 24 67
39 21 61 16
79 82 1 10
45 23 3 90
30 82 53 29
83 60 31 26
14 24 36 43
48 26 42 16
93 14 95 3
13 30 28 58
11 54 56 33
44 33 25 58
1 24 42 28
32 9 8 20
15 10 13 38
86 51 7 33
6 25 69 10
12 99 27 29
93 66 40 4
46 49 44 55
31 36 10 38
65 75 16 44
26 33 1 93
29 93 2 35
18 77 3 27
80 13 19 44
98 43 48 7
6 86 57 41
95 96 90 8
82 49 34 50
100 22 48 21
96 0 51 45
46 48 11 82
78 41 63 8
4 100 27 43
78 29 85 3
63 33 67 9
94 88 1 27
87 89 25 36
24 78 61 15
26 51 1 46
7 89 70 0
36 56 1 62
57 70 76 2
70 18 50 24
53 95 2 28
68 64 12 41
60 1 32 49
61 65 9 27
55 0 12 79
59 52 30 65
39 0 53 45
24 60 33 64
52 60 55 14
74 32 60 26
47 30 28 69
69 9 6 48
97 14 66 15
74 31 3 74
26 30 61 28
80 1 40 45
85 56 17 71
35 20 52 16
58 41 56 9
1 42 27 33
47 49 4 72
7 23 30 55
81 54 48 33
100 53 17 49
80 42 36 52
29 16 23 7
44 10 31 4
32 24 62 22
38 100 13 80
59 20 30 69
62 49 18 4
79 88 48 50
76 18 59 26
12 92 32 26
74 28 41 10
66 94 79 13
73 97 65 7
59 98 18 81
92 67 0 32
39 0 60 27
90 48 62 32
5 56 5 12
25 66 57 2
25 2 18 38
23 65 10 11
21 42 51 38
39 55 25 68
50 76 8 34
31 78 4 21
97 29 26 12
44 8 46 45
24 75 79 20
48 50 3 75
99 15 77 18
44 26 12 44
72 70 6 67
2 19 37 43
71 22 31 9
60 95 23 64
57 62 5 2
83 15 43 14
10 32 21 3
33 71 49 4
60 34 22 25
25 6 90 4
24 6 13 66
44 75 54 10
85 73 5 5
79 26 39 30
64 30 19 24
31 57 4 69
6 1 24 7
62 100 42 16
54 96 89 9
96 67 8 44
84 40 43 26
60 57 18 35
80 22 18 80
50 2 12 35
21 52 25 51
36 27 83 13
52 63 30 69
77 77 64 35
31 94 36 53
41 42 7 25
39 28 44 48
39 62 29 25
55 40 9 29
47 53 59 8
91 20 40 32
23 47 15 57
44 82 31 62
50 51 36 43
89 80 64 29
46 41 52 22
71 7 42 11
6 19 0 72
19 69 76 1
43 31 22 23
14 57 0 51
50 10 26 48
35 96 11 57
88 64 55 23
68 26 8 69
88 0 68 1
79 7 14 25
74 43 0 89
20 26 18 67
40 45 67 1
100 90 39 32
56 49 35 29
95 30 3 76
14 98 4 36
20 80 27 33
22 61 83 13
35 73 1 36
69 17 11 64
46 13 5 54
40 36 63 36
2 54 33 25
18 73 48 19
0 14 37 16
38 46 29 42
10 89 36 40
78 20 20 23
68 21 42 14
98 1 87 10
46 19 52 39
79 0 68 25
83 8 88 9
29 85 46 3
74 68 45 38
100 13 16 0
29 65 72 28
83 73 70 8
85 85 50 16
83 95 1 87
95 8 21 11
77 72 9 43
10 63 3 1
94 21 16 70
78 16 53 23
4 7 1 67
32 100 92 7
1 87 5 62
17 71 43 15
44 52 37 12
29 98 12 66
18 17 79 12
22 9 3 46
62 4 45 9
36 72 99 0
58 39 25 4
33 91 58 1
51 59 17 29
29 6 9 3
22 81 11 61
65 16 44 36
52 41 18 51
67 60 14 21
98 9 11 56
34 2 10 87
92 66 38 51
21 89 34 6
44 19 53 34
93 70 25 20
27 12 43 48
86 96 18 27
63 28 55 38
51 89 19 36
21 38 17 76
49 20 29 32
64 54 22 6
90 3 7 90
12 39 43 50
32 35 27 11
48 27 48 0
15 93 48 1
68 6 77 9
55 11 27 67
80 57 16 75
95 34 25 64
65 0 20 38
84 32 17 49
71 52 34 37
30 83 5 9
61 30 12 46
87 43 68 25
97 68 42 20
70 50 45 45
78 2 28 50
99 42 23 34
68 90 13 73
1 77 54 34
91 6 32 55
33 82 80 4
0 20 26 59
69 87 48 32
8 15 70 18
58 21 34 3
43 75 81 8
100 88 4 62
93 73 55 1
47 3 57 5
25 48 39 42
66 97 3 55
8 74 26 35
99 19 68 25
90 32 56 17
16 1 24 76
59 24 9 73
98 49 15 19
83 85 6 69
10 33 54 2
91 80 52 30
64 57 3 24
69 14 2 11
81 74 34 43
16 67 58 25
70 97 67 30
79 97 44 55
39 85 34 39
96 34 66 14
22 70 17 58
62 75 14 35
44 79 80 13
83 47 34 50
49 0 1 18
99 84 27 62
89 10 18 60
75 57 46 25
80 0 68 7
55 48 42 48
33 56 1 53
36 19 54 15
71 40 52 45
5 18 73 15
50 84 76 19
97 53 57 5
76 59 45 38
28 5 66 3
22 48 15 2
43 13 42 8
21 52 86 11
54 42 3 17
72 11 37 14
74 78 44 33
88 76 45 45
17 70 53 16
88 54 79 14
43 65 48 35
86 41 46 31
40 21 24 70
91 92 15 80
76 35 22 77
30 15 27 9
24 78 33 50
78 66 28 34
53 17 27 63
15 97 23 12
55 76 0 22
27 20 27 42
94 63 6 79
89 67 15 56
30 81 52 35
50 33 13 16
41 81 33 41
23 4 52 1
83 84 79 4
85 7 67 24
4 83 15 26
35 54 1 97
52 50 54 10
80 15 40 2
67 55 17 27
96 21 24 23
17 61 82 7
66 78 27 10
28 33 20 19
91 75 9 48
11 18 3 12
96 40 9 4
88 2 46 24
13 38 10 86
95 34 68 29
79 73 28 63
5 78 2 90
