1000
20 11 4 65
1 22 30 19
44 76 30 12
53 69 24 11
21 10 86 7
23 52 49 31
32 65 24 17
82 64 47 36
60 70 72 24
57 17 9 74
95 84 6 26
37 16 6 57
13 58 23 77
67 27 65 15
52 65 2 59
58 33 19 62
60 42 5 18
55 67 49 31
32 44 96 1
96 10 46 53
24 35 44 39
91 67 43 31
100 61 2 34
73 66 15 22
47 21 21 17
15 18 7 40
14 9 64 14
27 39 56 0
33 59 13 16
75 42 25 40
18 80 17 25
71 98 71 29
68 40 9 1
41 73 62 24
93 57 20 19
74 10 29 14
26 71 3 32
47 78 72 6
33 89 77 11
32 80 75 3
77 29 27 22
28 63 9 45
35 23 6 23
22 40 90 8
89 89 77 7
82 90 16 16
64 15 79 21
27 20 3 84
98 13 43 13
79 15 16 48
82 14 15 23
46 92 5 24
28 84 50 29
39 78 49 13
61 83 60 7
36 30 2 95
61 38 91 1
13 21 30 21
86 26 9 61
30 63 30 18
62 1 31 35
66 64 18 77
2 56 42 41
0 50 93 2
14 81 3 30
26 83 72 2
35 89 13 63
34 83 77 11
55 43 83 7
42 40 46 46
10 19 3 28
13 74 31 44
71 59 10 62
61 31 15 61
54 43 36 29
42 76 2 56
49 56 57 38
10 12 44 35
30 57 18 66
35 66 12 71
89 7 1 90
2 11 24 29
27 76 13 55
54 63 71 12
60 66 6 22
36 88 58 37
89 18 48 51
71 17 10 81
87 32 66 27
77 27 54 34
12 43 28 57
45 79 21 7
36 49 39 27
23 0 50 33
30 3 33 13
52 2 39 28
74 23 34 64
95 94 61 28
21 88 51 1
11 69 30 40
24 1 63 11
2 10 45 24
95 46 22 12
11 84 9 85
91 86 16 26
91 43 13 51
46 41 4 80
53 80 3 44
76 4 14 75
79 57 18 25
41 91 42 22
70 1 3 61
69 67 49 25
85 5 39 20
68 14 12 39
48 17 97 0
32 70 49 33
82 71 18 56
67 16 20 77
55 80 70 14
4 16 58 41
94 100 19 35
91 4 80 7
51 83 37 45
90 28 75 13
68 3 45 30
2 64 22 67
30 20 4 53
54 85 10 22
28 66 72 28
15 45 13 32
87 14 2 1
51 20 33 22
11 47 60 14
17 71 20 20
31 93 9 28
61 12 80 19
72 98 36 27
14 21 4 46
32 69 53 29
95 82 32 24
91 61 52 18
54 62 6 39
15 87 33 53
97 82 17 9
13 68 53 38
97 0 12 26
89 96 13 6
92 40 27 30
62 55 22 68
40 5 0 83
60 43 52 1
67 68 8 20
35 65 1 44
2 99 30 67
37 26 15 60
52 14 16 49
69 95 99 1
5 13 68 29
53 80 67 33
23 20 38 19
92 43 4 89
81 19 62 13
26 50 24 48
52 85 34 5
72 48 74 13
19 63 36 3
0 39 32 34
30 69 44 50
97 99 8 84
47 54 32 33
65 74 18 76
21 46 57 0
76 46 22 21
40 42 13 75
16 78 39 4
43 25 24 2
47 1 23 25
51 54 39 48
89 58 24 6
69 24 65 35
81 2 15 49
66 87 10 33
73 81 77 21
68 72 8 59
47 53 42 55
77 28 52 23
5 64 0 96
67 65 65 31
60 28 1 52
70 94 72 28
44 26 53 31
70 62 88 8
33 28 7 76
5 64 14 15
25 66 4 67
97 38 89 5
44 22 11 19
51 88 35 51
33 52 40 22
57 43 50 6
64 2 4 35
20 59 48 48
23 97 2 88
75 95 4 28
38 41 12 43
78 6 18 50
81 20 24 13
26 37 25 6
61 63 39 37
68 75 5 75
81 80 71 15
90 33 11 53
11 58 12 40
21 6 16 76
92 99 42 12
100 57 0 93
91 41 60 17
66 20 20 41
5 53 36 57
24 98 82 10
98 94 21 5
43 53 21 54
99 62 43 45
69 29 31 20
56 21 54 17
49 56 17 36
74 45 6 45
89 59 85 2
86 11 25 74
65 43 14 59
51 67 89 4
15 24 17 42
90 100 77 7
86 80 67 6
26 24 40 9
54 79 4 55
60 61 78 17
63 88 91 2
63 60 4 37
64 67 23 48
30 56 43 25
15 63 16 51
23 1 74 2
4 72 13 23
84 63 7 33
19 6 16 14
68 21 2 35
20 29 13 62
7 42 26 65
92 65 15 67
33 88 47 34
37 27 8 84
86 52 32 61
36 6 5 59
88 73 20 26
35 35 33 16
32 56 2 39
23 25 9 86
32 35 14 82
75 85 7 50
68 2 5 26
25 44 44 34
65 26 8 92
63 56 0 75
5 90 14 26
9 16 35 37
17 74 13 10
62 53 57 22
62 10 12 17
2 7 45 47
64 12 46 6
97 100 18 21
93 84 20 6
39 25 42 40
76 13 16 50
57 14 14 19
71 93 12 43
20 93 0 64
15 42 34 12
85 89 92 1
56 73 24 52
47 35 1 87
66 7 54 18
5 41 8 54
67 44 17 45
27 96 26 69
96 64 84 2
0 80 1 19
77 45 33 46
64 32 79 19
29 38 33 59
72 10 52 31
25 40 48 4
46 67 27 71
9 16 26 18
27 51 12 45
9 46 50 3
33 72 76 11
53 62 11 89
46 79 80 17
4 75 72 8
23 35 30 31
13 19 14 63
57 98 74 25
97 46 16 23
1 46 64 4
24 15 28 49
60 89 86 4
33 5 2 74
55 93 0 45
36 12 22 25
88 48 25 70
11 23 47 53
60 88 10 56
99 16 88 12
80 17 29 26
1 4 25 58
73 25 33 61
26 17 38 12
49 26 37 42
21 49 35 19
13 33 37 45
67 24 11 76
76 46 30 47
58 96 19 63
15 40 20 75
82 53 0 74
88 3 53 9
67 42 5 82
43 6 46 38
96 2 87 7
76 26 6 58
97 82 50 36
73 21 76 2
90 87 63 35
46 61 9 27
62 60 30 14
89 53 40 35
90 55 50 1
47 12 40 24
71 90 46 14
38 52 48 12
57 28 54 14
70 58 65 24
63 77 19 15
20 56 38 61
0 100 14 75
43 94 8 49
6 88 18 11
2 25 17 29
82 66 52 15
28 57 49 49
81 24 9 58
13 75 77 0
34 27 54 15
24 10 33 32
35 17 42 50
91 66 7 82
74 99 39 1
42 65 50 4
46 78 43 53
27 20 27 12
74 98 35 0
81 44 48 46
89 10 36 22
49 32 32 21
20 3 26 66
93 90 30 49
97 38 24 30
85 24 67 11
80 74 58 17
31 87 13 17
70 47 52 11
44 55 16 26
82 28 59 23
59 27 36 62
49 80 24 13
9 13 46 22
50 88 21 16
98 31 28 71
95 69 19 80
20 54 36 19
36 85 44 34
97 51 13 7
57 34 50 21
70 0 36 9
14 47 49 11
70 34 7 58
51 7 8 67
32 76 32 56
43 82 59 29
78 58 23 7
79 3 36 35
18 16 2 55
60 51 18 14
8 100 24 25
68 72 45 30
43 76 21 58
33 93 35 29
62 57 8 6
67 75 56 34
36 90 22 30
17 63 76 23
16 56 58 4
7 22 53 46
73 7 89 8
14 63 49 4
7 51 84 16
79 93 20 70
67 43 32 46
68 14 1 54
5 34 50 49
56 80 10 69
13 57 0 0
59 90 28 61
42 77 90 0
99 49 16 71
11 0 84 5
88 14 53 9
2 18 52 37
32 64 16 51
43 68 8 82
2 75 32 44
26 51 57 13
53 15 60 8
2 21 49 25
44 2 39 10
45 17 6 73
20 84 53 7
68 89 14 5
32 20 67 15
91 8 47 39
84 92 98 2
89 32 33 14
14 62 14 5
4 8 2 89
84 100 56 20
71 11 26 22
40 67 11 16
36 99 3 32
77 89 22 5
88 52 16 43
23 80 33 66
49 17 22 29
79 5 84 14
80 5 54 40
99 94 40 50
50 68 11 55
87 28 7 92
98 14 11 87
63 31 8 31
25 38 38 23
38 92 49 23
50 34 82 13
74 63 65 10
62 4 75 1
71 3 25 24
24 87 65 22
26 90 28 39
7 62 44 40
20 64 14 22
71 86 58 2
19 85 88 0
13 33 9 30
39 71 46 9
61 2 26 42
48 78 1 94
98 4 8 27
41 70 62 23
83 9 21 63
46 80 18 16
24 43 37 52
35 24 62 27
31 24 83 16
9 54 45 14
8 65 31 44
64 51 32 0
54 75 32 35
12 29 37 53
8 24 70 14
70 59 8 47
16 32 5 85
89 85 26 38
9 47 15 41
12 76 35 63
44 90 24 14
81 69 1 82
70 65 42 33
3 55 4 2
43 67 24 22
79 22 4 66
8 98 69 3
53 84 68 27
39 82 71 26
69 45 76 10
45 33 50 36
88 95 23 74
92 97 6 84
31 95 59 7
11 69 31 39
10 8 27 32
80 90 8 91
37 30 84 8
16 58 34 36
65 72 11 89
2 21 36 17
24 16 15 56
50 85 51 17
52 14 60 32
9 7 5 58
89 82 24 61
36 63 48 50
64 14 75 17
10 89 69 21
7 31 8 62
71 53 25 54
72 4 36 60
40 77 83 8
89 15 3 84
65 76 16 57
26 11 38 32
88 76 19 33
77 36 38 46
86 52 9 42
79 1 10 21
44 8 70 21
24 91 41 21
4 35 71 21
4 6 70 12
71 48 11 89
53 44 2 2
2 9 12 58
100 13 48 13
93 81 12 33
41 17 7 85
70 73 5 19
45 50 2 50
44 71 49 50
0 33 22 27
7 75 21 77
81 71 32 35
46 66 70 20
14 74 31 19
47 69 30 62
85 24 0 29
12 65 4 35
39 8 4 65
87 41 6 68
63 53 3 45
52 14 15 9
24 96 71 21
83 93 86 12
99 35 19 21
64 91 28 36
36 72 33 38
18 87 3 37
1 66 23 55
47 7 30 11
58 63 46 18
46 59 1 11
92 26 81 5
31 74 36 59
42 0 92 6
17 71 35 64
59 100 87 3
99 88 48 46
89 43 63 30
29 91 10 18
87 48 61 21
72 19 5 34
21 96 49 34
84 49 14 7
2 35 41 56
94 92 1 6
92 27 21 21
72 31 74 1
91 22 30 31
94 92 29 18
98 70 40 56
26 25 68 5
29 76 11 3
13 58 11 10
6 24 76 8
78 81 3 92
32 2 21 49
40 85 53 24
30 59 0 61
70 29 57 2
61 58 43 36
78 27 1 41
13 11 9 47
18 18 21 78
37 98 24 37
14 87 67 0
61 33 45 15
3 64 16 40
67 15 31 55
37 9 15 37
68 26 5 63
96 87 13 42
65 49 39 49
74 67 28 15
94 63 0 43
93 86 35 50
7 39 22 26
70 16 72 15
7 34 14 69
96 12 1 70
53 35 49 5
0 2 15 50
24 74 29 67
6 53 20 53
0 96 89 10
24 82 4 83
76 57 46 12
81 22 8 44
63 22 6 32
33 71 25 66
76 19 27 67
43 44 58 1
20 70 23 44
36 71 2 84
95 31 23 23
63 72 5 66
56 37 12 88
36 64 32 13
93 90 64 30
87 36 45 44
23 2 26 20
99 92 77 15
19 37 8 86
58 46 57 21
82 43 89 3
97 3 12 57
73 97 46 47
77 69 28 45
43 84 61 39
90 42 45 36
23 37 25 24
40 52 46 1
7 26 68 27
31 54 30 61
38 51 8 26
71 83 2 33
94 63 23 44
15 79 65 4
36 87 26 29
53 95 82 3
18 15 2 28
76 9 22 58
85 60 76 23
36 52 15 4
80 33 0 31
96 46 66 12
5 1 45 47
10 65 3 33
23 31 23 33
59 18 33 13
27 74 19 53
57 93 36 4
14 9 31 60
0 23 15 22
8 38 58 13
61 12 21 42
25 3 12 8
39 29 52 40
51 91 25 44
74 47 44 21
92 60 39 43
27 97 18 38
94 100 34 26
30 84 83 9
52 75 5 43
52 80 32 11
72 92 42 41
83 72 30 52
65 29 70 7
62 29 1 86
90 55 46 1
22 10 15 36
27 55 45 23
83 91 6 19
19 36 41 9
38 4 80 7
100 73 17 44
91 49 22 32
88 51 34 65
22 30 45 14
38 23 22 13
51 10 31 53
37 27 12 2
45 27 49 8
61 4 20 18
54 5 22 18
21 41 92 6
63 2 47 15
55 30 13 35
31 17 51 44
94 40 31 63
19 30 15 51
74 49 0 22
96 42 45 32
49 3 8 36
14 91 34 36
31 35 39 2
14 80 88 10
25 83 4 12
82 99 10 6
48 52 37 57
61 39 0 42
67 34 5 79
51 100 50 33
95 54 45 46
13 54 61 28
8 27 20 14
66 19 17 61
5 54 8 5
32 34 7 69
55 36 4 94
70 81 58 36
90 43 44 9
5 27 55 5
68 64 8 66
20 8 40 43
2 66 22 32
20 67 40 60
86 65 16 81
96 46 10 75
100 13 54 32
78 85 34 50
68 41 11 58
7 10 4 7
46 16 22 14
32 64 13 26
67 24 1 38
78 96 22 74
17 3 50 50
78 67 33 62
28 51 5 42
1 87 31 47
100 46 3 5
90 77 65 19
68 70 11 22
37 82 55 6
96 73 58 2
80 50 66 34
29 6 57 21
36 78 92 1
35 58 35 44
82 3 33 67
86 77 17 44
1 33 78 3
80 68 5 32
91 27 67 13
48 34 18 25
90 16 30 13
59 62 15 85
46 96 0 91
90 25 1 99
100 76 46 30
74 9 12 78
65 61 17 41
13 44 65 2
95 45 37 58
38 43 24 61
74 82 35 9
61 38 37 36
7 80 40 5
72 53 4 26
7 48 35 47
80 76 6 91
99 81 27 54
9 43 21 42
74 22 21 47
67 7 86 2
42 72 8 41
68 58 59 1
78 18 7 75
95 69 16 62
35 0 4 25
11 77 13 73
96 6 1 19
51 27 72 19
82 61 8 75
80 14 20 74
69 11 61 26
11 78 6 94
93 26 6 82
0 41 0 51
31 23 4 35
20 24 13 9
9 94 5 18
23 79 13 79
34 63 20 20
2 33 57 2
54 8 1 76
10 61 36 4
12 33 21 54
33 70 47 34
78 19 6 44
97 43 13 56
25 50 71 25
15 67 58 16
33 32 55 14
78 28 72 17
38 87 48 36
96 63 2 8
7 25 30 48
74 9 26 38
2 49 65 30
60 8 19 65
50 72 87 7
1 65 61 17
81 95 19 21
82 37 38 58
80 80 4 37
65 92 4 59
52 100 82 7
58 86 7 20
67 69 38 36
17 58 27 51
49 53 56 24
26 17 66 10
13 11 22 7
80 24 15 25
48 91 37 33
84 80 27 36
1 59 55 5
76 5 33 59
22 71 5 31
27 8 6 84
64 88 19 80
80 62 7 52
11 2 35 40
64 85 23 68
48 96 4 55
22 6 6 8
76 89 2 14
11 22 55 26
51 36 13 27
32 44 28 12
87 60 10 70
21 3 48 34
54 67 56 29
41 57 17 14
77 91 9 26
5 62 26 9
16 65 4 10
6 20 1 11
33 62 7 59
73 43 47 6
48 5 15 77
22 91 12 38
44 9 72 8
31 54 47 32
36 23 12 12
88 73 18 7
83 35 25 16
43 31 64 31
12 84 30 25
28 58 22 63
43 49 51 46
31 16 20 76
7 58 9 17
77 69 39 40
67 39 64 4
69 64 32 59
46 72 49 46
27 19 53 33
22 56 25 46
89 45 13 60
7 0 44 50
12 75 67 21
45 62 9 68
74 67 5 76
77 60 58 11
24 71 5 56
18 62 33 63
84 20 52 3
87 89 6 25
6 17 69 3
67 85 20 80
1 10 46 36
42 64 68 0
49 26 24 22
78 42 0 54
57 76 59 16
43 25 13 34
93 14 74 9
46 51 2 42
10 31 68 1
42 27 52 9
64 67 7 32
65 27 52 7
50 93 13 70
97 87 15 62
17 81 29 46
61 78 2 84
60 72 65 5
63 8 49 13
54 15 65 1
4 52 46 50
69 6 4 21
14 8 83 8
2 96 13 76
81 60 16 6
34 89 5 28
8 82 5 54
95 44 82 15
60 71 1 82
17 55 6 53
34 51 8 78
13 69 33 49
16 89 40 15
77 14 29 24
55 45 21 58
98 90 61 28
91 52 59 41
17 89 33 5
59 34 1 37
49 22 12 48
4 73 75 10
59 26 19 67
24 78 25 17
16 7 18 7
48 34 19 31
37 39 5 52
6 50 0 23
97 27 28 62
39 73 4 7
70 57 0 96
6 60 32 2
46 76 20 61
43 28 18 36
29 22 30 65
77 59 62 36
78 2 7 14
96 57 36 19
93 97 21 43
19 87 56 14
95 42 55 4
19 62 32 32
80 25 57 35
84 69 13 8
69 18 68 13
63 26 4 7
28 63 24 63
99 40 41 40
58 33 25 9
100 41 29 17
27 59 70 1
32 39 6 8
22 97 19 39
83 97 12 59
48 88 34 25
59 36 86 11
29 17 45 6
80 49 6 17
98 45 52 47
35 6 33 7
22 65 76 6
64 82 23 66
40 79 24 16
24 48 29 16
80 53 15 68
78 81 57 33
85 48 46 22
97 71 50 26
97 12 42 15
92 36 58 31
48 92 70 19
73 80 77 21
68 50 58 35
83 7 27 5
32 74 55 41
71 89 65 2
45 100 26 2
56 48 22 60
29 10 19 48
42 87 43 9
70 95 16 58
38 65 2 37
4 49 29 29
37 99 43 34
38 71 79 18
0 60 53 3
66 16 12 36
49 90 12 23
45 88 67 8
1 83 35 48
76 23 80 10
74 85 11 41
26 98 31 48
20 11 17 50
20 64 5 65
63 87 63 27
65 98 9 34
99 20 2 78
36 59 0 48
