1000
4 4 28 72
17 60 22 49
33 3 28 49
100 72 67 1
74 35 22 43
1 86 55 42
69 11 26 0
49 22 33 4
33 70 72 16
20 57 23 24
46 18 90 4
65 6 75 2
1 78 7 76
78 82 3 39
1 14 1 7
53 9 60 13
70 34 45 29
93 72 73 7
34 22 61 23
17 24 53 34
74 53 31 20
41 1 16 49
2 89 5 21
17 22 56 28
19 2 0 51
56 16 1 17
18 60 59 27
81 75 10 81
56 43 36 2
95 79 50 30
82 43 25 43
94 14 11 24
50 3 35 43
57 28 2 86
29 13 28 69
13 15 31 29
37 81 79 2
54 28 14 74
13 45 35 12
34 74 11 29
78 50 5 37
46 33 2 58
58 43 23 75
94 55 39 58
8 70 50 2
51 29 9 83
84 19 25 11
22 73 52 1
53 29 8 11
68 67 31 32
60 34 12 5
71 80 43 36
73 23 26 39
88 55 13 18
58 33 61 14
58 25 22 27
68 63 13 82
4 39 13 62
31 27 71 29
97 39 8 39
22 44 31 19
36 36 67 26
98 53 13 53
15 19 14 54
31 81 12 9
18 44 13 81
82 96 35 13
19 7 20 58
6 5 25 32
90 37 78 22
2 21 6 4
74 96 48 4
53 93 72 0
13 71 29 66
51 52 42 51
35 77 2 59
12 32 44 23
73 47 58 2
55 75 9 65
36 27 65 35
13 69 16 14
38 58 6 23
20 82 17 8
50 61 19 65
91 93 21 4
61 45 5 54
30 68 42 8
6 61 12 48
47 22 38 5
1 43 60 3
97 86 59 1
41 58 61 38
46 95 55 45
100 21 28 11
36 67 8 31
14 65 40 47
6 65 7 45
60 26 5 41
71 94 50 18
94 5 6 6
54 30 82 12
52 44 41 54
63 55 58 28
39 13 8 18
47 20 5 49
27 9 79 1
70 18 23 24
63 42 26 68
17 13 49 8
43 69 11 43
22 56 65 21
43 75 43 57
99 66 12 61
75 66 33 5
14 99 38 14
37 87 4 57
44 15 14 21
51 9 2 47
30 68 14 64
23 1 34 35
89 76 3 14
12 72 6 94
78 38 56 30
33 12 76 8
67 42 66 4
45 53 27 48
54 43 27 23
8 84 43 26
81 100 6 89
44 14 66 22
64 81 11 37
32 68 20 29
34 36 18 29
75 20 25 35
99 79 4 56
90 74 11 39
15 40 42 46
90 53 9 52
61 69 32 8
81 14 35 13
52 81 39 58
82 33 53 1
86 22 16 0
40 78 40 51
83 63 47 39
40 33 16 52
71 98 11 32
49 27 13 23
50 26 39 42
98 10 5 83
21 22 15 37
74 5 28 46
50 42 12 75
47 15 11 27
73 29 9 68
85 67 8 17
78 28 49 6
25 46 85 15
85 97 60 12
92 95 18 54
39 27 52 37
70 73 50 0
64 3 14 55
69 25 21 39
0 34 21 3
71 44 43 9
68 88 19 58
74 32 17 44
76 82 47 11
15 4 53 41
53 23 68 9
47 7 35 44
31 55 30 29
99 81 15 56
62 76 1 87
49 65 36 13
7 20 13 76
32 20 39 20
52 39 25 17
32 43 22 78
82 12 33 21
22 53 4 57
47 15 4 51
65 32 9 53
49 98 65 20
60 87 5 26
98 60 16 78
29 8 76 3
94 44 50 33
91 32 14 69
29 46 46 33
59 53 10 53
87 12 27 65
96 27 91 5
3 5 49 6
59 51 23 42
93 86 25 26
71 56 48 24
85 78 31 68
42 68 28 68
47 31 1 4
80 81 16 31
78 8 57 39
47 80 71 3
18 78 43 54
61 73 69 2
52 45 44 20
81 80 5 88
38 41 25 67
56 10 8 30
3 9 23 15
86 91 32 33
56 99 24 23
22 18 16 9
95 53 9 31
62 27 38 4
40 11 7 33
53 63 7 74
71 58 23 60
23 67 13 59
43 87 18 15
24 83 84 10
59 3 25 38
7 31 15 33
4 67 69 23
36 95 18 45
71 100 1 40
38 6 29 20
23 35 49 48
20 44 7 37
83 87 29 27
2 93 29 38
71 3 53 44
37 25 28 42
21 88 40 31
13 89 33 53
83 67 11 11
4 38 4 29
17 35 67 30
39 51 39 39
83 55 46 2
13 67 45 50
51 12 26 60
68 17 25 72
99 76 14 21
29 55 54 31
22 20 30 68
7 66 13 23
32 27 71 15
14 57 18 14
79 40 42 44
83 56 11 72
74 4 28 55
16 43 66 20
21 62 23 23
69 65 69 19
0 49 12 75
27 52 4 10
52 19 27 22
22 76 14 44
30 13 44 16
80 84 22 16
62 63 1 14
100 66 33 5
34 61 3 46
80 24 25 27
86 88 24 16
63 28 82 5
71 26 18 52
80 21 38 10
99 44 6 21
100 98 16 82
23 94 18 22
73 50 41 33
83 21 25 33
28 25 10 80
17 79 18 38
90 65 38 31
31 60 40 28
33 17 79 21
46 65 3 52
59 86 19 19
66 26 39 8
83 95 95 2
55 42 45 51
41 1 38 58
43 19 62 9
78 36 5 71
2 8 12 74
40 52 41 10
15 26 1 83
81 3 49 27
83 92 26 27
76 73 0 77
52 8 73 18
0 93 0 42
55 34 41 24
23 94 44 25
60 82 88 12
52 34 21 47
97 68 39 5
30 81 32 7
56 17 18 30
76 35 25 1
81 69 86 9
14 56 1 41
75 50 32 14
94 1 20 65
24 89 24 42
60 19 21 3
41 20 12 11
80 40 52 18
95 10 1 49
5 9 54 25
18 87 56 30
56 26 32 58
33 13 48 35
57 89 23 30
31 7 6 7
71 8 19 41
82 28 34 6
73 32 34 48
57 88 7 12
61 23 9 13
94 14 26 9
86 60 55 6
88 38 9 63
88 99 40 42
48 49 18 1
67 52 5 60
86 78 55 21
70 14 94 6
36 35 77 22
73 92 41 19
36 73 14 1
83 93 17 31
90 31 73 10
19 75 36 48
87 57 39 6
23 90 54 23
7 53 9 31
57 33 10 69
62 87 1 62
82 97 88 11
55 22 31 52
25 71 6 50
83 7 0 19
99 65 18 53
56 63 52 11
61 93 65 10
25 85 7 38
84 81 26 25
3 55 27 18
0 1 28 3
32 82 13 45
61 48 49 7
88 29 19 2
8 87 67 8
50 24 1 15
71 74 30 59
72 83 20 74
86 55 51 43
9 53 1 20
75 71 2 21
16 6 72 11
50 69 4 13
22 57 20 50
81 32 30 6
85 47 39 33
66 67 38 24
2 46 5 4
33 19 56 33
70 29 26 29
98 85 20 73
61 77 45 14
27 2 3 96
79 73 57 20
94 57 59 12
75 9 48 33
31 74 55 29
76 79 9 17
16 98 51 3
100 83 64 31
47 11 86 2
49 18 36 56
72 98 38 49
97 21 17 15
87 96 34 26
57 95 1 65
75 89 60 4
30 56 22 64
69 74 16 12
1 64 8 60
7 9 4 14
76 46 2 67
26 57 3 76
71 9 12 82
66 71 42 9
22 78 41 50
72 9 8 31
3 40 59 10
66 45 24 44
12 4 25 9
69 8 49 48
58 49 47 44
68 44 23 75
18 63 26 10
13 27 14 3
23 65 29 20
9 1 33 5
97 45 28 47
79 67 14 4
100 8 65 13
71 79 1 98
2 100 80 13
44 60 17 83
94 92 22 39
69 87 32 9
42 23 31 0
10 94 18 45
52 81 28 38
58 16 31 25
1 79 64 9
96 95 28 52
81 65 52 16
11 42 24 34
44 53 70 7
10 67 54 25
29 32 7 11
77 29 27 4
34 18 1 49
13 71 9 63
38 32 13 44
24 43 50 10
59 62 69 15
2 15 44 26
55 57 10 21
72 53 31 7
83 90 18 31
32 91 34 40
3 90 54 14
89 47 35 57
77 65 15 70
20 46 37 56
27 50 52 17
33 38 13 16
1 28 9 66
83 28 16 47
96 76 41 33
7 89 66 32
68 4 7 52
49 47 46 35
46 49 5 44
61 93 37 27
81 20 28 57
81 14 27 30
98 4 88 8
35 39 56 27
74 81 3 34
88 40 75 17
8 62 77 6
12 15 20 11
15 29 49 49
52 15 10 84
60 19 48 42
56 61 9 25
45 35 44 51
7 40 43 16
78 97 18 19
83 20 47 45
38 43 4 49
67 24 14 58
34 56 15 67
36 81 9 86
31 12 31 64
55 55 7 21
19 51 68 4
81 64 46 44
60 7 26 16
44 35 60 3
86 30 16 23
97 20 24 30
51 95 0 72
15 86 21 1
66 71 89 8
71 1 48 20
25 26 72 21
46 39 10 38
97 83 26 24
71 17 19 45
93 29 24 63
57 24 38 58
48 30 11 41
50 92 11 60
73 63 6 66
49 35 15 16
14 13 4 19
2 85 8 80
99 54 43 36
57 17 66 9
90 87 2 15
70 84 14 44
48 99 3 69
23 10 5 9
64 70 5 71
94 76 18 10
35 57 60 14
29 24 4 31
5 39 70 26
30 14 77 3
78 46 39 49
93 63 18 2
38 89 49 27
0 8 37 62
16 37 1 52
25 22 14 35
74 7 4 81
0 4 13 18
6 72 7 21
2 71 10 16
63 73 22 71
73 98 7 4
3 99 68 3
40 78 9 18
99 21 31 52
46 25 4 49
73 14 50 13
99 56 70 13
86 71 69 28
73 35 19 80
100 62 13 37
40 86 58 29
30 24 85 12
54 92 23 17
39 28 26 43
28 55 73 15
77 3 13 6
80 5 38 56
65 77 6 10
70 74 12 75
55 59 65 32
51 48 47 18
72 65 42 25
100 61 9 51
68 91 6 67
98 73 67 5
70 96 47 23
14 22 53 11
11 19 7 9
44 72 47 44
59 70 52 18
51 82 4 72
89 35 18 66
20 62 12 53
52 35 6 52
6 14 20 6
16 83 23 29
30 38 50 16
23 30 80 1
52 40 30 13
52 99 85 1
49 69 11 44
100 5 71 27
69 54 74 19
3 88 0 66
48 90 25 45
14 64 12 82
73 100 69 26
34 63 67 29
66 43 29 65
72 100 36 35
96 27 75 0
75 15 66 3
20 53 13 41
100 33 57 2
66 44 65 8
94 26 14 41
60 40 11 56
40 36 41 27
95 83 40 56
55 58 17 18
71 49 63 33
22 52 0 22
56 88 17 73
85 55 28 55
25 85 24 70
40 39 8 21
42 55 39 35
30 16 16 1
64 4 6 6
96 28 15 12
67 90 23 74
58 66 73 3
77 99 5 35
17 28 13 27
66 90 40 38
96 31 65 16
12 49 31 69
62 77 54 23
42 64 12 33
50 84 28 45
27 49 30 16
75 70 18 38
79 20 51 4
53 52 38 5
11 88 7 46
22 32 12 40
49 68 16 26
26 7 5 70
76 61 28 29
43 66 29 17
26 92 79 7
34 4 7 64
81 41 28 3
3 6 11 50
86 64 22 29
26 78 52 5
20 99 48 35
57 0 38 40
11 25 67 33
46 49 30 19
62 18 31 47
91 54 5 13
58 60 34 37
0 21 30 41
58 58 37 15
86 77 34 53
27 23 2 27
84 76 25 14
33 24 6 19
26 26 46 18
40 47 53 15
57 77 31 53
18 9 19 32
50 17 20 14
65 80 88 1
85 10 9 67
51 80 22 37
11 33 19 52
10 53 59 3
44 0 16 60
60 88 14 38
37 1 50 47
39 66 80 12
22 43 84 7
34 46 54 45
86 35 47 9
27 66 53 40
31 76 66 3
3 74 95 4
85 19 45 31
96 30 12 32
36 59 23 69
11 89 27 39
8 18 40 49
26 84 13 41
12 33 29 2
24 64 41 42
43 51 8 54
70 19 74 8
20 76 21 14
71 28 36 17
65 58 47 13
37 52 61 14
39 81 19 40
31 84 45 1
26 59 64 30
71 53 17 28
7 65 51 28
15 79 69 9
53 33 87 7
95 85 44 26
88 47 21 18
71 81 12 55
72 84 81 8
49 92 63 12
90 89 0 3
78 56 12 41
3 9 18 21
72 27 53 33
74 83 32 64
67 27 13 26
72 69 34 62
57 98 20 29
70 44 56 6
56 0 7 44
69 0 25 14
76 76 13 56
11 66 25 22
91 73 1 59
99 25 76 23
70 88 27 43
43 93 19 35
42 38 52 44
55 61 17 22
94 37 59 37
59 14 70 15
24 57 0 29
89 28 24 53
9 83 59 17
34 6 32 43
92 12 41 37
37 23 60 36
46 21 2 25
35 17 72 23
40 74 21 16
69 61 9 8
75 30 45 7
12 89 37 10
68 52 57 42
85 4 5 93
4 3 21 2
35 72 18 48
52 62 66 1
17 49 65 21
95 1 6 40
24 79 19 79
86 82 12 30
42 11 5 42
8 56 19 46
53 15 42 16
15 31 20 75
51 14 52 6
99 64 18 15
48 71 40 27
33 45 76 15
49 59 39 21
55 92 79 8
14 6 5 29
96 48 18 10
100 21 6 83
57 74 15 1
38 20 37 1
97 11 32 21
51 83 39 22
95 9 25 64
55 88 46 27
56 80 14 5
94 30 27 11
28 93 5 59
51 27 31 43
8 9 29 49
74 36 58 5
29 87 10 58
37 96 47 4
47 95 52 12
14 24 18 30
15 2 7 82
100 54 15 13
57 68 43 12
76 88 35 49
95 50 64 9
15 89 4 51
13 69 62 20
56 93 4 11
55 45 10 56
64 14 77 21
88 50 51 48
69 75 40 4
48 98 12 62
70 17 19 79
38 17 0 72
1 72 63 12
72 54 91 4
19 6 55 31
100 37 14 7
42 66 12 70
85 64 38 2
35 89 46 9
48 88 2 1
76 25 78 15
26 17 0 28
89 53 69 15
15 90 36 30
57 77 27 38
73 63 55 20
65 17 26 60
71 96 39 57
0 36 25 13
2 87 21 17
25 7 31 59
87 57 10 25
28 24 18 5
38 17 37 35
96 98 46 46
33 87 20 28
22 16 38 62
77 61 49 22
57 48 0 65
22 45 9 42
99 36 9 85
95 7 36 58
66 20 18 70
20 48 62 34
26 97 34 1
66 81 27 10
28 13 1 17
51 0 14 59
92 25 60 3
61 30 48 40
21 89 5 1
18 43 36 1
30 46 16 10
46 0 33 16
15 6 84 10
2 65 17 27
55 28 5 51
56 74 49 36
6 69 13 66
78 24 26 20
12 42 28 68
1 86 8 15
79 74 63 23
8 64 62 11
70 40 94 5
100 77 15 79
99 75 35 18
16 88 18 27
15 76 32 18
29 93 18 18
12 46 2 66
41 68 66 27
83 62 25 20
5 90 67 32
74 89 0 50
4 60 85 2
73 8 40 30
77 88 20 68
4 52 77 6
61 37 37 42
47 56 34 21
98 7 29 52
18 40 28 2
52 58 1 11
73 100 2 39
56 28 46 6
4 96 46 16
17 63 64 14
37 79 53 9
91 21 7 75
64 79 13 28
16 14 65 24
75 15 13 56
14 40 35 4
56 27 40 10
75 24 25 0
78 97 9 32
91 57 3 77
8 96 66 1
95 45 38 26
41 14 89 10
32 90 89 11
70 16 80 16
86 10 52 27
28 64 15 4
15 47 51 45
16 95 29 28
45 80 20 11
17 85 55 27
17 75 89 7
78 57 10 52
49 45 20 55
69 17 1 28
96 2 41 15
23 25 43 14
98 66 35 29
5 8 19 49
48 66 13 73
69 41 7 39
58 19 68 17
92 87 29 6
94 99 28 46
24 34 31 10
56 93 66 4
54 2 21 48
57 85 28 21
7 26 49 17
6 49 35 44
48 62 7 7
15 74 48 21
88 13 34 64
43 32 70 26
75 22 39 0
61 75 71 18
23 84 0 74
17 48 61 19
14 45 78 15
65 51 97 3
4 40 44 18
78 85 58 26
48 38 4 69
100 16 24 43
25 59 63 34
77 56 3 39
70 41 68 24
43 54 71 28
54 17 3 44
9 27 19 31
88 23 70 15
48 81 23 56
46 68 70 13
72 45 38 19
36 68 15 48
40 1 2 55
93 82 36 32
59 5 26 70
58 91 28 43
19 46 35 61
29 24 84 10
90 56 36 39
75 73 22 72
52 46 29 71
7 21 70 4
44 5 7 31
42 96 13 67
71 75 1 11
86 52 1 95
96 75 5 78
35 94 75 1
15 65 2 9
70 14 32 65
30 0 9 10
7 30 90 4
2 84 17 60
87 56 58 28
82 28 12 87
85 2 51 11
85 98 32 65
99 6 6 36
6 85 15 72
91 57 62 8
73 34 33 59
15 30 29 71
2 1 52 41
55 68 70 23
31 19 9 83
36 78 60 24
84 53 86 5
7 9 1 74
41 45 60 30
99 33 87 13
11 36 29 5
55 94 0 32
78 29 7 12
43 16 15 83
60 42 3 37
62 85 40 10
35 6 38 18
13 5 15 26
30 87 23 10
48 85 52 32
38 71 75 13
71 0 63 7
48 48 17 73
81 45 9 78
55 7 17 11
25 22 41 19
72 10 20 74
85 16 23 59
7 89 19 72
2 49 2 90
64 82 28 41
34 70 22 32
42 83 37 37
39 90 19 74
97 76 0 44
82 59 24 26
98 98 2 4
74 11 53 44
45 69 40 60
71 32 56 1
72 67 44 8
15 30 7 55
75 71 29 58
64 7 48 27
17 97 50 13
49 61 43 40
93 11 13 30
6 90 62 13
14 13 41 40
44 36 52 32
89 78 57 25
68 16 28 23
80 45 47 40
82 62 57 6
76 57 22 18
17 44 7 90
27 35 39 54
28 36 23 6
30 27 16 17
54 81 25 34
13 100 44 13
94 78 36 4
36 35 54 10
47 18 34 58
82 46 76 1
50 60 26 40
54 97 44 14
73 42 73 2
10 8 21 73
