1000
32 57 10 54
64 55 76 0
66 38 39 48
96 24 5 13
45 63 37 39
69 60 0 38
10 67 2 45
67 77 70 29
91 31 24 67
36 10 38 8
12 35 6 78
96 48 50 4
39 56 10 87
13 39 81 19
11 4 30 33
22 76 32 17
94 24 72 19
4 44 70 1
1 2 16 72
58 31 13 54
24 59 23 49
47 45 42 39
26 10 73 11
98 5 32 11
61 54 14 14
3 23 33 36
26 59 46 33
26 74 33 60
45 7 5 89
39 72 16 13
19 34 22 66
90 81 21 37
31 36 7 83
53 56 51 1
28 88 33 57
12 12 84 2
28 42 60 8
10 49 7 69
88 19 2 47
67 90 19 81
61 40 68 5
20 97 4 85
86 32 33 52
49 90 9 58
0 87 31 43
58 73 46 29
44 33 3 21
25 88 51 4
90 66 43 19
33 7 44 49
45 34 72 23
32 86 9 2
56 15 43 48
16 90 63 7
61 9 16 54
66 78 9 6
9 53 81 11
1 93 25 19
92 38 14 65
40 98 28 12
56 100 37 45
42 75 7 48
93 21 54 8
80 16 39 31
90 57 23 15
42 80 24 14
87 43 78 13
55 53 59 34
20 89 30 60
12 83 30 45
100 22 24 31
69 35 0 49
48 14 4 6
9 17 10 59
78 76 30 58
62 34 12 77
66 49 14 38
98 45 59 7
63 60 10 60
96 43 26 61
31 29 50 43
30 64 0 3
25 82 39 28
78 84 32 53
87 90 16 20
59 84 15 26
86 53 15 60
23 47 75 18
33 54 10 71
19 33 43 11
59 58 37 37
90 49 41 1
14 62 25 66
13 86 13 74
79 32 0 20
66 44 2 56
62 88 36 34
16 3 62 37
9 34 8 74
69 92 15 63
11 29 19 24
17 80 53 16
59 57 62 27
17 80 19 65
61 54 3 91
79 46 44 5
14 67 24 12
85 32 3 20
96 21 23 66
62 47 37 56
51 34 4 58
63 67 49 14
87 26 26 17
74 80 21 43
85 85 47 14
38 0 9 12
43 66 39 26
65 76 40 49
1 35 17 16
40 12 79 10
24 56 39 24
32 18 23 12
17 45 63 34
63 33 44 4
33 53 26 38
9 50 10 59
7 39 16 3
36 36 21 78
22 32 70 18
81 40 42 23
63 34 23 32
10 28 1 35
28 25 20 45
2 51 38 19
84 16 11 47
84 73 10 78
67 89 58 34
56 73 3 72
57 79 33 20
57 54 71 0
59 0 17 27
85 37 75 16
42 14 27 23
15 52 0 24
31 47 38 17
94 5 47 27
32 77 7 77
43 39 51 36
15 93 1 91
78 81 45 4
72 35 30 60
92 3 43 36
41 51 12 9
55 82 68 22
65 33 56 25
29 34 8 28
63 3 17 9
24 35 31 17
39 44 93 0
60 79 5 93
5 64 36 51
33 80 74 22
25 87 80 4
57 67 22 12
34 8 0 68
68 42 92 3
5 81 50 13
99 73 71 28
30 96 10 59
21 24 45 53
92 68 43 6
68 60 13 34
16 92 20 60
10 47 35 25
66 55 24 25
50 23 55 37
97 88 24 67
18 98 15 45
50 75 39 45
65 29 15 80
33 84 11 64
0 0 62 7
80 38 32 20
35 36 20 5
15 65 2 15
23 80 5 21
78 8 59 3
8 55 1 78
43 88 4 33
54 64 37 56
4 50 14 32
32 92 66 7
32 12 45 12
66 93 12 14
76 82 92 3
20 64 40 41
69 19 53 33
70 75 43 25
38 73 22 55
93 52 49 11
80 57 41 43
70 20 79 12
21 24 42 43
19 8 22 32
41 35 25 40
67 75 22 35
67 48 45 6
76 30 63 27
98 69 51 1
6 86 82 11
84 92 88 12
66 59 1 10
23 40 41 55
50 80 5 11
60 30 47 16
5 29 30 57
89 84 35 5
75 28 14 6
89 58 40 47
27 83 5 68
91 20 41 1
72 77 74 20
75 85 22 11
74 16 37 3
28 94 66 28
3 55 30 8
16 49 35 10
19 94 2 58
8 49 7 62
99 57 41 52
99 8 30 26
100 26 90 3
100 17 76 5
77 48 3 89
76 8 5 10
0 0 22 30
6 9 1 31
45 56 38 1
73 80 2 26
2 58 21 76
93 46 8 19
90 17 3 81
96 61 21 31
58 73 87 3
93 10 33 55
53 23 17 42
40 60 62 7
57 11 26 9
92 58 55 29
58 59 42 17
79 29 2 11
92 48 33 4
56 46 9 17
55 89 7 41
11 50 11 77
22 15 52 12
75 9 37 41
11 94 24 38
16 89 94 3
26 88 12 40
85 52 21 25
27 54 40 17
60 83 8 30
4 27 20 35
21 40 24 3
57 37 8 7
56 33 5 72
55 22 25 70
28 12 14 36
28 1 25 56
1 8 42 46
49 23 32 51
12 24 17 20
100 18 38 19
81 83 18 19
58 72 15 16
98 18 31 3
12 85 33 29
65 82 28 39
77 25 58 17
59 71 17 61
31 14 27 24
58 77 72 22
43 83 4 50
74 69 8 35
60 20 3 25
27 38 22 73
19 98 20 66
3 5 83 11
88 85 8 41
24 61 15 5
31 60 58 6
53 63 62 4
100 64 39 26
83 65 30 28
4 14 27 2
51 99 46 23
59 0 47 49
8 72 15 53
86 21 17 51
25 4 32 65
90 30 19 35
100 80 24 6
19 82 23 16
31 50 8 10
78 38 39 61
89 47 49 13
16 29 92 0
11 28 63 8
5 12 59 37
64 14 0 47
13 36 60 5
85 38 13 22
26 41 43 44
61 18 7 6
98 44 7 46
84 43 11 89
33 13 13 22
12 4 46 36
52 45 32 38
77 25 60 9
91 56 23 61
12 52 75 15
61 27 8 27
34 83 65 20
18 62 9 27
98 32 49 18
55 43 14 43
73 62 4 73
51 42 20 28
1 85 34 44
75 98 32 40
83 91 45 54
80 13 62 10
37 65 38 50
24 96 32 32
7 93 53 11
100 32 38 32
21 94 14 15
11 18 18 43
51 99 18 36
15 4 22 27
54 74 35 39
51 97 20 70
65 65 2 25
25 39 21 54
84 71 15 54
45 5 18 33
37 74 1 15
58 100 35 46
54 78 27 54
96 84 2 55
78 15 23 25
66 84 8 88
23 39 11 40
44 6 42 18
54 100 64 24
27 19 75 22
2 7 22 73
46 89 70 3
31 64 3 34
38 25 60 2
31 45 24 37
14 57 48 13
88 8 20 62
21 70 34 27
18 83 79 1
69 84 17 10
56 25 46 8
80 32 56 38
47 12 6 25
79 84 34 21
16 26 0 71
89 97 55 26
52 45 22 63
34 39 18 81
24 81 61 39
21 42 14 53
82 64 31 44
15 11 50 14
28 65 11 49
11 94 19 9
56 91 43 13
37 43 9 26
68 2 20 40
43 11 50 14
45 19 14 76
90 99 72 0
90 10 14 49
43 55 6 43
45 31 38 43
73 40 44 53
0 30 7 31
79 73 14 17
36 83 44 10
64 9 87 10
70 9 7 43
21 54 17 43
1 88 18 66
84 55 0 80
52 65 19 3
6 42 20 34
46 65 43 2
7 100 18 72
27 6 47 37
83 30 38 36
5 78 9 2
9 10 34 16
81 28 23 23
2 63 33 30
27 14 76 18
95 80 6 30
97 1 5 82
97 54 5 27
100 74 19 30
75 56 10 62
62 49 40 21
84 42 53 30
98 68 43 26
23 21 20 3
24 67 55 24
53 27 66 8
69 36 26 50
36 41 39 55
8 53 59 18
4 18 47 40
45 98 12 25
53 72 44 34
19 7 23 17
97 0 38 44
61 89 20 61
57 45 47 5
66 71 21 33
65 45 1 46
86 79 28 30
81 81 83 16
36 94 10 83
73 50 62 1
96 96 1 49
95 65 13 28
36 51 30 61
50 62 43 47
39 22 2 5
98 82 55 5
76 10 72 13
23 12 9 22
36 100 16 58
60 20 33 31
79 13 8 51
29 59 2 46
49 99 0 84
18 2 18 42
48 94 41 42
59 6 4 49
47 98 20 28
20 60 12 3
74 61 29 16
14 96 18 24
37 24 19 19
82 22 2 9
80 57 68 0
30 40 30 30
53 68 3 54
73 100 44 41
76 31 14 75
77 4 38 31
12 11 1 98
76 17 20 58
8 45 0 56
29 58 25 58
40 78 64 19
88 79 59 35
48 12 98 1
56 69 2 75
90 34 13 76
30 47 68 11
96 13 8 63
100 44 21 53
62 100 3 55
89 100 5 35
29 38 37 35
99 12 14 33
89 45 30 11
4 59 9 18
34 55 54 13
92 10 74 22
54 28 48 15
57 36 0 77
11 14 24 7
81 0 55 3
7 34 5 72
39 45 60 2
7 36 13 18
25 14 23 15
51 98 47 4
93 1 66 11
19 89 45 32
11 60 14 11
15 40 35 8
91 35 47 50
43 8 51 8
73 25 19 17
86 96 23 60
19 41 13 32
34 82 8 80
22 57 29 71
78 94 49 40
36 22 19 62
56 38 19 16
97 47 27 59
71 1 23 18
79 8 59 16
5 70 0 32
76 99 25 15
92 81 28 35
98 78 16 46
96 75 12 30
7 27 43 40
61 29 44 23
22 82 10 36
40 43 41 22
39 84 3 1
93 28 27 62
10 85 21 28
66 76 79 1
42 28 61 25
72 70 38 55
46 97 30 19
49 46 17 80
98 32 67 16
83 78 8 82
58 83 34 59
13 69 79 17
100 88 1 38
49 51 18 62
24 77 46 25
83 64 7 14
94 13 39 24
52 47 21 75
28 96 73 20
74 2 56 42
72 53 14 30
42 96 20 63
18 19 16 31
49 52 70 11
23 38 13 13
71 89 92 7
90 78 56 37
53 18 7 48
97 59 33 47
29 46 41 41
44 52 73 22
88 91 26 48
44 72 53 34
20 36 21 17
58 58 72 12
95 17 70 23
98 94 41 45
50 83 11 21
95 47 48 41
2 51 37 53
27 47 19 59
27 41 33 11
23 44 4 11
53 17 40 9
100 56 21 51
30 16 19 9
40 8 18 63
8 1 26 37
11 14 63 34
55 95 2 84
96 51 74 13
39 47 8 23
86 20 56 10
44 40 54 42
8 61 79 13
64 44 84 9
12 57 9 3
88 76 2 77
6 73 55 44
36 53 23 40
46 77 38 1
45 10 23 74
37 39 40 49
55 99 31 7
71 6 22 45
94 92 50 45
25 7 58 35
14 92 1 98
65 32 5 23
80 95 20 12
93 8 32 56
72 28 83 11
99 42 16 37
81 20 32 11
70 41 22 69
58 41 5 20
33 35 33 10
47 64 45 18
62 62 18 79
53 98 42 9
95 70 3 18
15 9 14 54
40 94 9 14
65 20 85 0
24 80 47 8
98 64 24 24
6 10 16 61
21 19 48 19
45 76 71 24
1 42 8 13
78 36 48 29
1 43 15 4
42 26 31 34
12 55 54 36
89 86 5 49
16 77 31 34
61 10 8 65
81 78 36 49
42 25 25 38
11 33 82 5
57 82 35 11
96 55 19 80
44 70 45 28
28 40 43 26
43 53 31 29
59 99 29 4
61 26 5 41
89 65 25 66
30 12 16 1
84 96 26 10
26 69 52 3
25 22 70 17
45 74 1 35
12 93 13 77
51 93 22 49
38 53 6 77
92 5 25 13
54 68 40 3
61 80 47 34
26 22 13 28
10 51 8 18
95 17 0 36
10 11 45 32
65 30 12 56
18 25 76 4
84 31 72 2
20 21 65 2
60 33 8 60
19 39 23 16
61 85 22 63
68 92 36 10
86 53 30 47
91 21 7 89
71 76 0 81
81 33 4 72
73 2 16 51
63 74 37 1
64 22 98 2
39 90 49 43
8 97 42 55
64 29 8 70
85 73 26 20
42 62 52 30
63 38 44 14
5 96 35 62
98 93 55 31
28 99 69 21
79 73 53 44
17 39 30 9
70 1 12 48
29 61 11 26
94 69 0 30
81 12 11 15
76 1 15 67
13 19 0 36
45 1 2 18
58 2 17 29
27 5 26 17
43 79 41 26
88 5 3 53
4 79 43 17
33 86 55 35
34 72 12 16
98 39 67 19
26 79 35 49
5 63 26 30
43 71 38 18
23 89 5 19
46 61 20 12
99 96 24 22
80 19 2 5
27 20 29 23
61 34 24 74
0 68 11 20
94 81 23 44
44 87 41 4
95 25 37 38
7 63 43 23
45 96 8 30
69 11 45 7
14 73 22 42
62 5 13 44
86 80 58 42
78 76 4 45
54 94 30 21
0 85 16 5
69 28 50 10
54 62 36 44
7 2 61 36
51 62 13 81
58 16 8 47
58 59 22 47
92 77 83 5
100 37 60 2
80 96 4 74
76 12 70 9
10 29 27 48
90 23 40 26
53 55 77 8
68 28 2 27
51 31 79 13
91 0 10 30
55 16 30 63
82 68 88 5
85 42 28 2
84 39 42 20
84 31 34 54
39 44 39 20
84 33 16 49
97 7 24 27
74 11 26 45
71 12 52 28
3 78 61 5
61 69 17 28
28 42 27 33
58 43 14 80
9 78 23 6
41 10 34 22
42 69 29 10
42 96 44 55
84 71 5 12
59 59 9 55
86 33 25 23
99 45 47 11
79 63 4 36
93 16 29 35
59 76 25 17
52 98 56 30
39 98 14 1
24 70 84 10
81 61 49 44
21 21 30 29
36 98 76 15
60 28 5 69
21 86 20 1
82 26 41 32
52 68 25 45
56 90 89 3
40 99 15 57
63 84 12 80
48 22 20 30
41 73 19 16
77 68 3 66
87 7 9 54
98 12 47 24
65 37 26 33
88 46 36 14
5 34 41 6
18 55 22 31
16 26 30 43
23 14 7 8
93 91 42 56
60 8 43 43
28 99 24 25
82 18 60 20
45 62 29 60
81 67 46 5
10 36 21 58
64 34 74 4
86 42 16 28
94 48 21 76
37 84 4 43
11 75 48 49
99 17 31 59
87 54 0 62
62 26 4 56
96 80 13 38
61 40 30 48
2 13 3 10
28 17 72 26
68 89 21 16
51 35 41 1
42 9 8 67
41 15 11 84
83 78 31 24
60 98 31 32
87 92 54 12
8 66 4 34
41 11 22 38
21 88 32 16
35 55 32 63
82 30 42 23
29 99 45 44
52 34 50 7
23 3 27 28
55 42 24 6
90 91 70 13
95 55 22 62
20 49 6 20
100 13 22 29
31 78 60 10
94 47 33 8
84 25 1 68
6 40 21 76
9 16 1 23
45 85 20 23
66 53 23 27
45 22 39 19
10 5 43 28
66 98 61 17
26 10 81 1
92 14 50 1
24 67 33 22
1 55 43 51
58 38 7 26
55 69 28 7
48 27 37 27
81 44 18 67
71 91 39 18
65 74 19 49
2 80 21 53
9 66 50 1
39 8 35 24
30 53 23 33
89 79 32 30
64 58 22 34
33 70 26 31
16 76 53 11
16 22 30 40
82 57 63 16
50 22 58 24
31 96 19 81
32 89 39 49
89 44 3 5
24 57 29 16
28 11 73 11
14 7 46 43
79 42 18 6
89 99 3 15
35 0 20 61
98 7 40 40
79 43 51 25
27 91 44 34
73 35 3 51
10 59 60 29
86 46 65 17
54 68 56 0
42 16 40 7
90 65 52 2
5 0 18 80
67 81 9 88
47 19 8 48
74 80 4 36
95 41 8 9
58 75 25 7
56 72 29 36
64 53 81 16
18 63 11 33
73 56 13 25
70 11 71 27
73 25 79 20
4 7 12 64
58 20 5 48
55 51 72 24
26 80 11 63
4 30 15 16
54 79 65 22
36 53 14 70
44 44 62 32
71 77 44 47
26 81 3 97
78 95 71 13
39 97 61 37
92 37 71 17
4 52 3 22
92 15 21 53
75 87 49 17
83 40 73 18
28 86 12 84
34 21 9 46
40 18 12 53
91 2 15 72
31 24 25 47
59 47 27 41
99 78 12 61
29 3 15 35
67 54 17 56
96 26 17 33
10 29 79 1
11 40 6 92
36 20 50 4
3 45 29 9
47 62 39 31
51 13 15 14
36 70 7 35
97 84 69 29
13 20 46 37
14 0 10 88
65 68 65 34
3 61 53 32
87 55 25 17
52 18 64 35
98 86 17 12
35 78 2 4
42 51 8 44
60 48 6 28
89 53 49 36
75 26 68 26
14 57 10 68
2 83 11 19
29 8 37 11
78 67 40 25
14 62 40 48
70 64 5 52
27 32 7 85
48 43 88 12
38 97 12 5
7 49 11 32
52 6 6 10
5 90 28 4
18 47 38 54
94 14 12 42
36 61 36 59
75 27 50 47
74 4 55 32
23 88 48 26
83 91 30 43
44 10 82 14
97 76 24 76
1 66 27 9
7 37 22 61
75 46 2 71
43 22 9 57
67 40 49 40
30 84 41 4
93 6 4 13
33 44 2 8
61 23 34 35
26 59 37 29
74 10 26 59
47 12 50 49
80 44 46 53
59 38 21 19
67 70 5 49
45 96 83 3
60 2 47 22
38 57 2 17
52 26 69 7
91 42 11 42
82 15 10 13
55 35 7 1
31 12 55 1
44 40 12 79
65 46 24 14
90 66 75 3
17 81 20 67
23 43 42 43
70 77 19 7
73 83 36 21
74 48 60 8
79 13 4 33
73 44 60 6
52 24 65 2
51 10 63 34
44 99 86 10
61 58 87 7
43 65 69 14
37 58 60 19
58 6 3 93
24 81 44 1
74 7 4 81
83 97 92 7
61 28 79 8
56 71 20 68
2 3 8 38
99 94 15 69
59 66 40 60
34 16 39 56
68 76 25 66
5 96 74 26
20 56 20 20
33 98 36 46
82 67 5 63
45 34 45 23
20 22 46 22
25 97 54 41
53 54 36 35
71 29 3 67
81 60 3 33
