1000
5 33 18 70
30 15 46 8
11 48 81 5
76 96 14 40
65 48 4 85
48 96 35 8
14 83 46 12
46 93 9 7
84 66 78 4
75 82 1 94
24 98 41 9
49 1 61 3
10 23 18 49
67 39 75 9
20 73 6 84
52 21 55 19
14 72 88 11
69 14 30 64
90 15 0 77
99 3 15 81
82 57 27 29
24 36 21 12
4 94 20 30
100 77 43 55
23 75 41 59
0 85 3 55
96 62 4 38
50 3 22 16
52 3 22 17
52 92 20 54
63 22 20 49
28 88 45 41
1 86 78 8
71 11 23 59
74 32 19 6
48 4 59 5
99 67 16 30
65 98 51 12
11 0 64 10
48 24 2 52
46 6 12 3
12 25 42 51
57 44 4 91
9 100 5 36
12 33 26 7
22 92 51 22
78 23 31 51
41 75 36 15
52 32 12 55
6 88 8 13
32 97 15 64
32 59 36 20
30 35 16 56
0 17 11 23
89 57 6 44
89 10 40 24
99 3 69 7
100 13 57 35
48 33 44 38
6 69 47 14
62 16 37 30
54 72 68 25
2 72 3 28
47 74 42 52
2 35 60 3
83 91 21 36
7 22 31 2
82 92 22 62
79 33 41 13
19 88 42 36
62 79 4 90
30 54 53 35
70 79 20 8
37 64 1 28
39 65 24 30
9 44 4 76
82 62 41 35
93 0 9 73
95 14 48 15
56 21 2 54
69 9 60 40
49 7 6 88
34 77 5 9
44 7 10 47
7 59 62 31
71 27 59 9
0 4 58 26
31 50 28 30
88 4 15 69
86 70 78 4
10 72 7 41
14 4 38 34
56 70 40 47
88 60 11 11
92 30 34 57
58 23 34 14
100 8 29 71
35 93 13 7
41 31 13 35
50 35 16 40
21 82 18 22
43 24 24 18
40 6 98 2
50 44 14 43
62 33 27 31
20 94 27 64
16 91 45 34
66 97 30 65
35 97 78 6
28 20 19 40
17 78 21 47
35 26 2 47
80 77 18 37
28 20 52 31
37 100 6 20
90 87 14 2
20 43 32 24
67 43 64 18
67 79 79 13
11 58 22 9
49 63 32 29
87 98 6 38
11 78 60 4
53 40 73 23
91 82 14 85
30 85 53 15
87 27 8 79
68 38 11 64
3 51 3 36
23 95 14 77
51 93 27 53
52 19 37 11
70 27 9 74
77 5 38 14
46 51 10 3
69 23 7 49
28 66 63 1
77 4 51 21
92 63 37 9
8 58 32 9
73 69 33 64
96 57 13 33
6 89 8 79
32 76 55 17
100 20 54 2
63 9 41 12
91 11 33 13
44 71 5 72
39 18 36 30
50 74 59 34
35 25 24 73
30 19 25 12
40 41 48 47
5 47 41 34
97 41 4 29
21 66 65 27
22 67 49 22
34 17 41 4
4 21 13 17
72 30 24 5
77 38 41 54
23 83 41 34
8 63 23 23
36 89 83 13
37 27 17 42
84 80 66 7
70 8 5 48
27 51 62 29
40 98 28 31
8 100 17 19
36 12 4 36
97 16 30 5
41 32 41 23
59 11 81 7
75 79 19 24
49 83 15 44
87 89 61 24
7 92 46 34
33 52 3 78
80 77 19 65
50 86 9 58
90 17 67 25
37 29 23 2
49 67 21 46
69 95 64 23
44 71 0 28
38 62 46 42
93 83 49 40
89 25 25 10
16 90 11 23
18 1 35 63
10 19 11 18
74 12 57 20
6 57 2 1
33 19 42 31
62 43 33 58
87 29 71 15
51 61 16 35
11 16 9 52
57 42 44 50
33 84 59 15
43 23 64 9
83 73 12 31
45 1 63 27
36 69 81 6
73 11 81 3
57 74 22 68
29 63 21 24
89 37 26 31
94 30 24 59
44 15 27 4
57 21 38 59
87 16 31 32
2 49 34 18
13 52 73 3
86 30 2 35
60 40 10 30
88 46 43 10
95 57 13 6
57 62 9 64
99 76 70 11
84 16 25 63
46 35 34 60
72 94 84 2
60 20 4 75
31 95 6 23
64 14 24 62
12 2 77 13
5 75 19 53
92 10 1 11
45 95 78 18
49 73 86 10
1 29 40 13
33 18 56 44
57 27 43 31
70 70 47 10
39 2 41 51
42 21 7 37
7 76 59 20
95 82 2 75
6 56 29 38
80 92 35 64
48 72 4 82
89 8 99 1
65 45 43 33
22 84 3 31
37 39 8 91
51 52 11 62
1 81 42 36
11 73 85 2
12 96 8 63
97 21 37 56
12 76 8 62
90 60 47 30
42 18 73 11
0 35 25 47
30 45 64 22
16 24 11 74
5 87 3 60
64 55 24 23
6 11 36 41
52 56 43 5
42 1 50 18
100 56 5 64
80 3 27 33
43 45 24 19
81 22 2 2
4 73 49 38
46 21 35 9
36 22 0 32
61 91 10 36
83 92 1 25
11 45 1 15
41 25 4 11
8 23 2 64
7 50 11 26
26 29 23 38
5 97 67 27
42 63 19 74
9 64 63 3
52 30 37 12
3 98 27 25
63 16 71 2
3 61 41 53
64 100 45 54
10 48 23 49
58 63 14 39
0 95 49 49
35 50 54 12
90 88 39 43
4 87 55 41
86 68 1 25
23 67 31 50
36 3 53 40
20 22 70 8
13 64 31 47
42 70 55 22
82 46 15 15
97 92 76 16
22 65 2 73
76 60 17 82
62 6 31 49
74 2 58 33
41 11 18 59
22 4 52 20
22 63 35 63
53 0 61 29
45 90 13 3
33 40 60 34
8 42 49 17
29 79 8 21
86 38 4 87
3 7 79 13
66 3 43 31
22 30 13 52
33 0 78 21
65 62 9 17
63 39 37 57
46 55 3 8
57 44 45 44
46 4 43 11
13 78 11 30
2 49 43 39
43 19 25 56
69 73 73 19
13 77 28 46
53 2 35 52
48 76 84 11
60 85 7 15
88 99 5 27
33 1 8 16
62 47 55 38
44 72 28 27
90 89 2 63
2 30 66 0
30 43 6 94
54 97 1 18
80 30 50 47
85 60 31 39
44 21 4 89
56 79 36 50
25 56 18 66
87 79 28 66
88 78 44 37
37 10 1 28
70 41 28 67
59 38 28 57
19 95 73 8
51 94 2 20
17 65 42 37
10 56 19 60
0 12 12 5
91 74 5 71
55 7 9 54
62 17 17 53
62 26 21 47
64 73 73 12
61 99 14 3
13 77 9 11
52 87 31 50
35 48 20 35
10 46 2 87
9 32 60 32
15 36 5 68
80 93 43 42
22 27 2 47
98 16 24 39
37 86 11 87
94 50 58 15
89 17 15 26
59 62 51 49
78 11 79 21
41 53 43 56
8 53 29 29
55 21 34 27
11 44 1 18
17 2 33 23
74 6 24 67
35 70 19 11
35 78 36 16
61 96 20 54
33 83 4 56
42 95 55 5
61 58 74 26
88 53 44 53
10 33 72 20
21 95 37 25
89 59 10 78
78 72 54 3
62 80 48 23
85 98 55 43
35 29 74 3
26 36 45 42
48 58 7 64
24 94 5 47
55 35 18 40
2 2 2 41
60 10 41 24
43 6 33 47
91 45 3 89
86 10 20 28
95 10 21 33
41 9 18 53
19 81 29 27
18 71 72 15
92 87 1 10
85 21 24 51
96 50 10 11
72 13 56 15
66 50 3 56
84 2 47 43
80 61 47 29
72 100 30 24
88 84 65 3
52 32 1 54
100 40 49 35
96 63 87 1
0 93 17 70
30 24 1 49
40 76 13 4
84 24 63 29
36 39 40 50
92 27 10 67
77 79 4 61
38 20 14 18
76 11 14 48
67 5 57 36
41 89 16 69
9 13 27 67
36 67 63 19
84 2 22 69
34 63 58 5
1 21 17 55
25 57 30 10
74 63 85 8
41 31 0 89
18 26 52 15
35 52 31 7
72 94 15 36
30 54 78 20
45 100 8 15
9 38 7 1
100 93 51 20
85 95 20 54
70 23 11 8
7 9 26 36
1 10 30 32
88 61 24 39
59 16 34 16
78 95 3 30
3 80 16 17
55 51 15 2
69 21 2 17
67 4 75 2
99 68 67 5
47 7 44 13
52 90 37 54
69 36 15 59
96 99 55 19
30 68 40 29
47 2 13 80
91 14 4 89
77 15 56 13
73 72 15 75
33 42 37 9
39 70 6 70
69 5 21 30
89 60 2 69
0 91 17 9
52 47 20 67
94 70 53 26
54 1 3 7
12 7 7 67
73 51 37 1
62 13 62 11
9 31 35 64
99 81 10 41
36 75 52 24
20 4 66 32
26 66 29 41
63 87 76 14
54 43 10 83
17 7 40 0
86 58 25 54
52 3 36 13
4 55 18 82
13 7 42 41
3 59 20 34
76 31 7 52
25 89 67 28
83 16 89 3
68 91 18 16
62 78 0 99
30 99 48 1
43 85 13 33
51 85 46 37
49 47 40 46
55 79 52 41
45 40 54 5
81 13 8 37
8 35 51 13
59 3 25 28
81 53 61 25
98 65 3 54
99 80 24 52
58 15 10 88
56 38 44 36
27 66 53 36
48 43 50 16
49 28 25 59
52 30 36 37
63 14 48 42
72 63 56 18
5 41 83 1
10 78 6 79
88 57 44 49
35 36 17 19
76 28 11 22
49 75 25 33
38 18 35 57
37 48 71 10
33 90 18 77
88 17 22 40
100 30 57 34
41 97 47 0
95 30 3 1
8 34 0 9
66 4 16 45
84 78 11 38
4 61 12 50
92 71 25 20
88 39 44 12
72 34 41 58
86 63 80 8
75 85 29 6
42 78 11 42
69 35 33 4
53 60 11 15
24 84 27 7
95 36 60 3
75 72 45 40
47 11 57 40
16 43 9 24
83 48 56 24
97 17 33 4
87 32 5 84
31 50 14 83
51 35 2 1
17 87 8 12
23 15 86 11
9 27 63 9
4 92 5 7
81 67 1 44
95 92 15 57
15 76 56 22
14 16 58 23
54 34 5 3
4 4 35 46
78 70 30 18
100 93 61 29
22 9 81 2
42 90 77 9
51 40 32 65
96 81 31 32
51 62 47 1
36 74 30 54
80 14 41 48
96 96 78 5
82 2 5 53
90 3 43 46
59 67 34 58
17 77 48 45
12 41 9 3
77 12 23 61
85 52 16 34
46 29 5 92
15 69 22 2
16 33 93 4
66 72 54 27
2 51 48 2
15 2 36 39
85 17 11 35
8 98 36 37
50 68 57 36
65 50 76 12
14 45 59 28
79 8 92 2
52 37 50 12
78 75 36 49
2 45 1 84
22 3 25 31
15 79 17 20
83 89 29 58
87 61 44 8
11 96 0 62
81 23 39 44
19 33 66 23
53 51 23 49
66 66 43 11
86 10 3 87
34 38 62 20
13 18 84 9
15 0 45 0
81 44 4 2
17 79 48 21
21 94 6 67
41 95 54 18
98 1 7 10
53 0 42 34
53 30 66 7
73 56 54 38
27 45 23 74
89 42 73 18
83 79 68 29
34 88 45 40
92 15 26 62
65 26 12 18
18 50 8 83
94 55 35 37
19 77 41 54
42 5 36 60
49 74 28 47
56 11 58 41
62 4 6 85
35 58 21 30
23 96 19 71
89 51 12 24
1 98 28 43
6 22 28 21
40 9 19 35
53 18 41 12
13 61 5 8
17 80 11 69
79 82 59 18
53 1 54 9
57 85 20 25
90 86 2 82
75 79 2 52
64 33 47 52
35 20 32 38
85 59 37 4
58 84 2 1
1 50 20 72
78 41 41 47
11 76 45 30
64 18 8 18
48 57 15 62
1 80 45 50
69 24 47 2
39 19 31 47
6 96 42 2
99 57 45 37
91 18 2 28
44 15 25 51
29 65 18 49
3 59 82 13
42 61 2 45
99 80 6 79
42 21 32 29
30 50 60 26
73 74 45 23
71 24 64 21
28 14 60 34
97 6 3 97
46 79 88 7
91 46 67 33
77 60 13 20
19 87 6 81
49 70 23 53
90 17 9 2
93 13 3 40
23 51 31 42
59 48 88 5
100 54 15 76
60 96 21 45
80 49 16 59
26 82 16 78
62 61 30 62
19 60 38 6
80 50 60 24
45 51 4 92
8 47 33 41
89 84 24 42
82 47 18 62
53 10 40 51
74 18 22 35
25 22 5 51
61 31 44 24
88 43 2 66
61 57 24 68
60 54 39 13
84 11 81 18
74 45 41 38
1 54 76 3
62 96 2 16
53 12 48 37
22 67 68 29
95 28 48 47
56 94 60 26
45 34 89 6
66 39 24 24
56 81 22 62
34 34 50 19
89 6 36 36
13 80 10 70
26 40 13 49
41 67 17 0
6 46 5 6
50 31 61 2
61 72 57 23
8 32 53 12
75 43 13 35
14 16 34 33
81 73 35 0
16 39 66 25
85 37 62 32
2 43 40 46
42 41 18 42
91 59 30 17
29 7 49 38
91 50 81 16
48 34 8 71
45 49 98 1
35 82 33 53
85 24 22 43
63 53 87 12
86 28 28 43
37 61 75 25
78 51 62 9
18 5 23 12
49 84 34 36
3 89 49 3
29 1 31 7
21 73 15 28
89 71 69 12
35 85 73 24
70 86 6 72
9 73 7 12
47 37 21 33
44 44 9 69
43 8 52 4
66 5 23 6
89 89 34 33
14 14 66 6
8 84 38 13
92 26 87 8
58 62 67 4
64 99 8 2
15 61 45 25
79 55 3 58
70 6 30 0
61 74 23 37
93 71 69 22
35 91 39 48
50 80 56 31
40 6 60 20
38 86 9 43
57 16 9 48
17 76 0 53
67 25 15 36
84 57 31 66
37 64 71 16
5 34 35 40
81 97 34 33
71 71 29 5
68 21 0 45
87 38 0 62
8 65 6 34
72 86 34 37
12 25 33 46
63 40 46 14
12 20 1 74
35 21 23 33
17 64 3 27
51 45 55 15
12 56 9 63
7 96 4 86
39 41 0 2
19 12 7 57
36 32 84 6
33 48 58 18
1 5 13 22
34 19 61 36
51 79 52 20
99 45 25 30
54 20 4 67
68 46 38 61
91 16 38 24
47 74 53 27
88 98 15 58
70 48 48 15
72 38 0 88
72 1 24 60
94 91 63 18
94 49 5 64
99 25 2 98
16 22 32 37
100 14 19 49
70 95 18 72
92 46 19 78
61 36 4 94
87 84 29 44
36 15 11 87
26 89 22 54
26 24 13 57
32 35 12 53
77 30 15 46
64 23 7 43
91 97 13 12
42 61 24 37
73 60 6 10
48 100 2 35
18 56 81 2
38 37 15 9
75 61 8 86
94 4 64 35
9 36 50 17
80 80 16 16
30 55 64 8
46 85 53 14
28 60 21 76
99 28 29 70
20 86 31 58
30 14 53 22
87 14 66 2
33 28 36 49
90 58 52 37
83 40 47 2
73 9 56 3
6 10 20 25
29 1 32 4
33 18 12 7
56 50 6 35
68 69 69 3
35 36 50 39
41 52 29 32
63 92 31 23
0 38 56 34
57 33 66 32
63 59 30 32
73 77 18 73
1 15 27 18
87 38 36 64
82 13 27 57
98 96 21 50
94 69 17 61
31 73 3 62
67 57 1 75
26 31 32 58
10 42 31 24
63 90 78 6
2 12 2 12
42 48 6 41
46 84 3 55
26 51 37 10
80 70 66 1
59 42 38 59
18 81 7 17
65 17 29 20
23 38 20 30
70 98 34 52
45 85 65 29
78 31 26 21
61 20 56 10
1 74 53 30
27 37 76 14
96 36 80 1
34 68 56 13
89 41 2 63
96 0 23 15
65 11 4 59
14 72 21 44
12 79 7 6
46 34 16 32
44 8 86 13
46 8 71 0
0 11 6 30
37 28 59 24
94 0 41 21
1 38 18 51
50 42 5 68
21 81 15 32
85 23 45 7
10 27 31 45
1 53 17 45
94 49 69 9
59 100 7 61
68 64 21 76
87 29 37 34
60 65 44 43
79 4 48 22
33 23 52 13
34 10 0 72
15 69 35 48
76 69 6 45
22 88 28 69
43 98 18 56
23 1 90 0
29 89 33 9
35 55 25 40
76 14 30 67
44 51 63 23
44 54 3 63
61 17 11 19
24 63 15 65
64 47 16 83
53 82 53 43
84 83 86 7
61 50 44 22
2 44 88 4
22 19 54 17
39 60 59 31
43 17 17 7
68 56 65 18
68 46 33 29
25 51 3 31
53 49 51 0
51 69 48 19
19 3 25 69
56 68 32 41
79 18 3 96
90 6 29 43
64 32 3 14
15 55 37 46
56 100 67 18
81 17 5 28
14 34 15 61
89 36 13 63
92 66 25 61
31 52 61 34
12 50 16 72
60 40 33 26
73 72 45 30
93 95 20 49
98 49 19 61
51 7 15 78
100 25 38 15
13 32 2 74
77 32 1 97
64 23 37 25
22 86 17 0
16 78 28 61
48 57 48 13
27 16 26 38
60 87 65 29
100 98 5 82
58 58 69 5
22 97 57 13
0 24 16 21
86 62 4 49
71 99 34 58
55 14 45 49
73 100 45 44
53 87 66 29
75 34 33 57
58 78 58 32
65 31 18 55
68 49 39 19
92 55 18 4
61 34 25 26
99 34 4 82
66 36 71 14
87 37 25 8
94 27 70 7
5 18 27 66
88 89 24 49
70 51 5 65
86 21 9 82
52 76 38 9
27 72 9 35
100 77 54 19
64 78 25 26
88 43 74 22
55 74 9 37
12 73 62 16
23 29 1 21
76 9 59 22
31 62 45 50
27 32 26 18
61 94 29 65
57 36 34 56
33 26 61 16
40 39 92 4
43 64 3 46
88 29 20 55
38 58 2 11
75 63 30 34
94 6 26 73
4 74 70 15
23 62 5 42
38 77 28 21
27 4 10 85
4 63 0 40
86 35 70 3
1 23 73 2
99 29 27 48
64 48 17 16
43 7 47 42
32 84 1 55
62 31 8 64
