1000
77 67 13 13
87 15 70 26
34 39 67 24
7 11 69 21
76 55 81 5
71 91 92 3
38 27 28 52
3 53 22 52
33 67 34 49
37 16 28 33
53 93 20 2
7 62 11 77
65 14 55 11
97 55 45 50
78 87 21 4
94 65 22 44
52 17 26 25
60 93 0 69
16 50 7 1
47 80 25 2
10 34 35 1
96 72 24 9
76 11 40 17
69 52 40 42
54 71 20 78
84 80 30 55
64 62 70 10
10 51 36 27
90 72 49 39
2 50 23 18
38 73 11 8
60 37 68 23
40 27 4 70
34 48 26 37
73 3 38 13
75 53 43 31
37 59 46 26
91 94 7 43
15 67 49 32
14 97 11 1
11 84 86 10
98 15 29 36
47 85 67 10
65 74 7 8
12 41 21 63
37 67 3 62
56 20 41 24
48 70 62 19
41 25 42 22
68 40 21 16
48 52 24 46
39 21 10 21
36 15 65 12
79 76 4 20
82 24 17 30
70 36 13 60
29 77 44 38
53 98 48 4
31 76 23 36
40 11 56 4
86 60 46 46
98 71 10 35
99 81 29 39
9 29 14 44
78 70 17 80
55 18 16 2
22 72 16 47
72 91 45 8
79 30 82 17
76 9 0 35
42 11 61 28
28 15 15 60
19 33 42 42
36 64 46 43
1 76 11 37
29 7 73 6
96 86 18 6
61 77 67 8
4 83 23 50
2 100 92 2
78 53 37 31
81 89 23 44
78 11 18 19
18 81 22 46
76 43 2 95
84 88 29 16
81 95 25 23
92 28 3 51
30 12 24 34
74 89 24 27
50 42 19 47
79 13 21 27
91 3 8 52
5 81 42 30
60 11 4 10
2 10 20 37
34 51 45 8
7 13 18 80
85 17 31 6
72 99 59 33
95 80 29 38
66 87 6 69
66 60 81 16
93 35 13 84
91 64 20 71
62 62 67 33
62 29 28 9
19 90 1 91
71 39 64 23
45 43 57 32
44 93 4 34
68 16 16 26
16 69 83 15
84 15 20 35
94 72 43 53
0 46 79 18
90 88 53 24
10 83 1 42
33 47 4 29
78 44 50 35
72 93 11 52
65 22 38 42
32 79 50 4
42 74 73 16
75 91 41 18
57 86 5 16
40 38 36 16
23 13 13 84
95 57 1 35
23 23 62 6
32 57 43 7
74 73 2 10
41 29 44 21
81 84 20 21
85 27 27 43
64 85 81 1
20 79 63 30
13 87 56 0
3 90 34 46
7 97 30 38
15 12 13 49
59 98 5 60
58 18 19 75
22 36 4 63
92 37 83 9
52 77 7 6
11 19 31 46
19 1 2 66
64 7 62 4
5 76 30 35
98 1 27 48
0 13 46 49
69 6 75 12
54 2 16 12
98 30 13 87
77 10 78 13
41 5 12 43
99 57 3 47
10 62 28 39
29 70 7 74
47 51 13 35
21 21 44 29
99 24 37 40
70 92 81 9
52 49 43 36
7 55 6 90
16 49 12 46
47 100 60 16
9 3 27 8
36 7 59 35
69 85 1 56
10 3 48 44
25 10 4 2
80 55 51 4
80 21 45 37
35 10 41 10
4 71 24 72
97 19 61 16
87 15 51 40
14 94 33 25
86 94 46 48
86 99 67 26
65 16 28 63
33 85 34 22
40 54 29 6
20 76 26 50
57 37 13 87
39 7 7 64
6 56 24 8
3 70 35 58
62 72 43 37
15 22 6 41
71 92 95 4
70 63 14 70
22 15 76 11
15 26 87 2
80 10 40 37
63 96 16 65
7 53 56 31
83 96 56 10
42 42 59 3
63 1 44 31
87 89 86 9
98 34 32 26
7 37 44 12
7 47 50 44
66 21 3 96
11 92 30 10
43 100 27 71
13 30 7 67
55 71 6 51
75 96 9 55
85 60 2 89
51 66 58 39
1 20 11 33
11 13 28 43
57 52 14 70
58 59 43 25
87 33 55 18
32 13 29 49
71 53 46 44
89 96 19 76
78 52 58 39
76 43 1 90
3 64 15 44
72 67 59 39
69 64 38 46
27 51 0 94
1 92 44 33
16 2 30 26
58 85 20 25
32 68 12 25
37 7 42 37
51 25 39 6
93 45 47 53
32 80 63 5
48 61 5 32
11 32 52 30
7 53 61 24
39 96 34 30
5 83 5 61
80 96 59 19
45 81 52 35
32 12 26 23
51 48 24 61
31 97 21 32
88 45 40 27
99 15 3 40
95 13 17 18
76 48 31 22
30 35 20 45
27 41 1 3
68 1 53 16
67 92 16 17
4 66 14 43
45 7 3 32
32 68 22 22
15 5 30 29
68 87 24 13
96 9 71 28
61 90 42 28
1 7 52 33
85 72 22 66
70 12 56 9
53 49 39 3
46 34 36 27
82 0 53 38
25 88 17 1
79 2 17 1
29 69 9 47
86 29 29 60
72 4 16 11
40 79 38 50
21 32 40 3
43 85 87 13
73 11 45 23
27 9 57 18
60 1 12 50
34 5 10 84
90 9 4 68
67 44 45 44
99 63 14 55
46 73 62 38
74 94 19 7
67 32 35 12
42 49 40 6
46 99 1 81
80 31 91 8
35 98 29 44
2 69 40 60
0 97 12 56
59 61 7 76
16 23 36 1
22 25 84 11
18 17 2 30
37 41 5 61
21 25 28 29
36 37 21 64
92 15 71 9
87 41 9 15
85 46 37 48
13 85 71 2
8 88 55 20
31 67 36 45
32 94 8 88
7 0 75 6
37 56 2 66
43 54 39 30
28 98 41 3
21 43 31 31
59 33 30 4
86 68 30 48
35 73 25 21
1 48 44 27
40 29 31 42
55 19 25 29
45 56 62 19
17 53 8 71
73 52 65 3
41 88 29 31
10 93 15 40
65 40 13 55
77 71 19 62
97 54 31 46
74 19 5 4
61 75 52 26
0 23 40 51
65 54 23 14
84 92 8 87
63 77 74 19
74 59 7 45
83 86 13 14
97 80 12 65
85 2 22 22
76 47 4 39
1 99 25 52
87 10 30 53
23 87 12 76
43 41 38 12
100 87 26 41
60 88 15 35
3 66 13 25
50 74 14 31
98 19 66 13
84 89 62 4
74 6 77 12
7 72 35 17
44 25 48 6
86 95 5 9
76 92 18 2
43 58 64 14
30 5 41 2
50 55 50 48
57 36 38 43
34 23 37 5
94 96 88 1
45 56 10 77
21 84 47 11
79 52 46 30
0 40 19 52
27 65 25 11
58 22 48 45
37 35 26 23
3 69 38 23
61 48 30 40
86 90 1 4
61 53 64 18
71 100 57 35
44 59 40 25
88 51 2 29
77 27 10 38
58 9 2 37
49 37 27 8
37 15 66 6
54 69 9 81
77 9 50 45
18 65 61 11
31 11 61 7
41 23 12 44
30 94 13 52
52 35 55 45
11 40 11 79
4 14 52 16
31 30 14 48
52 17 76 12
14 77 46 7
23 69 12 48
10 51 28 22
3 4 47 39
50 54 35 45
70 41 49 4
46 18 24 61
87 79 85 6
97 51 53 0
95 30 73 1
78 3 21 1
47 82 15 58
87 64 58 22
21 4 4 50
43 32 0 20
9 16 17 17
15 50 2 15
13 44 21 14
94 40 29 8
86 37 64 16
53 76 78 3
54 38 46 10
6 14 34 32
67 41 16 44
28 76 6 50
12 74 45 54
15 33 66 9
84 2 12 5
33 97 42 37
57 13 12 25
22 51 54 20
88 82 91 0
92 59 69 4
85 25 54 3
47 23 9 91
53 66 9 71
61 0 32 8
30 83 8 35
55 88 72 6
60 63 97 2
77 6 53 43
44 78 12 77
7 77 54 34
63 69 7 52
38 87 34 42
45 60 29 55
3 8 38 22
97 38 16 58
38 13 31 14
8 65 20 36
66 63 10 29
100 29 47 11
67 52 20 12
97 80 11 38
78 16 93 4
31 68 50 9
44 77 23 17
24 97 1 52
45 38 9 44
57 48 63 36
62 66 25 11
74 70 50 5
88 23 12 60
32 88 75 12
37 76 4 39
25 22 6 46
32 52 20 10
80 98 10 76
43 15 2 32
77 53 25 53
4 77 29 16
49 100 17 19
47 4 78 7
52 4 2 51
42 49 25 58
34 54 5 75
9 25 38 3
77 11 15 75
83 34 7 25
95 56 39 20
54 18 30 60
68 6 59 11
61 26 75 2
34 44 7 29
66 14 40 41
26 69 64 6
28 18 11 69
56 44 9 64
33 54 16 15
62 69 44 47
46 93 3 25
30 42 37 12
14 77 28 10
72 26 75 16
32 83 23 62
3 29 25 12
37 81 12 7
53 77 28 35
41 15 42 5
57 4 6 10
10 97 46 20
84 3 26 33
69 78 67 18
59 24 46 19
6 59 44 16
26 13 28 19
4 66 29 4
4 24 8 75
34 89 4 28
19 57 2 80
10 21 54 29
18 29 47 17
42 65 21 39
47 42 5 26
96 100 8 70
19 96 56 13
23 38 12 2
4 94 21 63
83 69 1 2
42 58 17 32
44 71 52 20
27 27 51 0
8 98 27 34
22 43 46 44
60 13 51 25
25 28 22 21
83 68 49 16
32 46 12 23
64 77 38 12
47 89 6 48
6 41 21 55
28 44 88 4
53 32 24 57
83 97 9 71
19 16 25 39
4 83 44 39
31 33 67 32
3 93 24 30
45 58 9 28
94 25 56 19
39 89 7 30
16 85 96 4
48 89 4 37
56 75 12 62
87 39 22 67
21 72 5 60
12 73 35 48
72 19 28 31
29 99 55 30
42 39 0 4
52 54 41 6
24 96 20 64
18 71 49 45
97 24 60 9
61 41 3 37
30 82 40 42
15 42 34 32
32 95 59 39
85 86 64 10
60 44 28 3
32 41 44 46
23 48 41 15
28 74 26 28
0 78 35 27
27 85 90 10
71 77 54 26
57 56 15 46
27 1 52 13
93 27 20 35
99 60 23 5
76 38 0 44
72 84 73 15
11 70 39 55
85 97 27 25
67 52 89 11
9 79 9 38
33 0 30 19
33 87 44 53
100 91 20 52
8 56 68 28
23 50 42 30
2 67 4 77
37 42 1 57
27 64 75 6
88 67 38 2
38 40 73 18
9 97 22 69
17 46 38 26
42 3 13 24
40 36 14 61
42 62 21 38
18 21 38 46
34 13 41 20
94 68 69 21
63 43 5 21
97 60 34 37
80 4 98 2
38 50 49 12
73 79 60 12
75 67 27 37
49 14 33 46
71 83 44 40
15 67 6 70
29 34 50 31
100 7 55 39
55 25 22 21
41 68 17 73
9 41 54 34
9 68 25 40
58 41 25 21
33 37 17 46
59 9 75 4
56 11 32 55
42 67 52 26
60 69 78 6
86 59 9 89
67 53 10 71
75 82 31 51
22 67 35 22
80 37 11 20
85 86 28 39
9 59 80 8
55 45 26 53
96 81 29 33
81 40 48 40
94 69 33 58
56 22 14 21
23 21 42 13
98 87 65 16
72 40 42 34
65 77 39 23
48 100 20 5
15 7 37 32
5 11 40 55
97 92 7 65
96 92 26 52
58 43 61 34
42 66 74 16
72 42 15 84
87 82 84 3
7 9 1 21
68 97 57 0
70 78 65 32
84 82 69 13
10 27 66 26
21 3 4 8
74 6 18 19
11 54 9 22
15 69 90 6
58 66 6 93
16 40 0 68
55 56 28 7
40 59 7 36
36 48 38 54
24 51 19 5
94 69 9 81
78 8 24 52
96 20 50 8
13 90 57 28
81 13 17 82
24 32 46 33
19 53 1 13
20 66 2 25
22 72 10 40
84 27 27 64
4 86 18 7
59 81 26 68
71 84 83 13
36 82 28 10
47 14 70 16
91 60 65 12
26 28 30 63
97 46 4 85
66 39 64 32
9 65 18 29
12 87 48 2
73 26 19 57
14 56 32 58
37 15 24 47
53 52 77 5
22 0 12 9
37 32 0 72
25 44 11 4
96 77 32 34
73 15 15 33
72 80 21 17
68 92 23 51
54 86 72 11
53 65 11 29
82 39 51 13
3 39 32 59
86 0 20 55
62 12 29 54
35 74 44 12
88 1 87 7
69 55 8 76
8 87 38 17
71 12 27 67
19 38 27 2
14 4 22 76
31 25 71 3
16 38 0 9
95 94 12 44
60 97 29 67
22 91 36 17
53 29 31 43
14 62 6 13
45 25 15 69
64 53 10 82
93 56 82 10
58 91 16 44
65 58 71 28
73 69 48 2
14 14 19 68
89 97 33 66
96 31 77 23
69 70 53 31
54 52 27 16
0 86 17 50
54 61 69 29
8 39 69 3
17 69 52 32
3 22 39 5
23 17 84 14
28 59 3 83
54 5 23 68
7 59 11 15
86 35 71 22
92 59 69 16
63 92 34 17
23 54 73 9
88 5 36 26
6 41 27 53
67 100 34 57
92 76 28 50
19 91 41 57
60 16 66 11
59 97 8 88
87 84 4 69
54 2 14 59
40 70 17 66
30 45 8 33
59 41 49 3
42 14 39 0
28 74 26 33
45 42 15 32
12 14 39 57
91 64 28 32
58 64 13 25
34 97 15 79
26 66 26 2
52 71 39 28
49 1 16 45
45 29 5 61
26 22 17 64
100 68 13 8
9 70 15 64
32 63 7 41
1 58 19 16
25 76 57 37
82 34 67 8
26 23 28 15
90 38 52 44
60 91 15 3
1 56 11 78
55 58 17 44
23 48 16 34
63 70 56 3
81 13 1 58
13 1 34 56
82 88 20 35
14 19 74 5
48 4 53 13
27 56 24 76
92 26 7 67
21 7 58 1
30 18 12 40
18 76 5 86
42 68 33 17
35 1 23 50
71 46 35 3
52 89 56 38
60 31 60 14
45 57 75 16
74 15 5 6
20 4 56 2
31 86 40 1
70 77 17 68
5 81 45 27
26 34 18 2
5 81 48 36
99 77 87 6
78 100 68 27
50 54 25 74
74 72 27 21
21 65 21 17
23 16 9 70
99 95 3 49
20 60 42 21
1 4 64 29
87 96 70 29
49 0 0 48
33 62 61 35
46 6 3 74
88 1 1 19
57 0 78 18
67 41 48 9
38 24 66 20
54 86 61 25
53 72 5 21
46 59 34 28
8 36 13 19
94 31 8 27
98 70 7 70
42 70 18 82
29 65 31 66
38 37 20 22
52 53 50 20
33 13 15 73
54 35 10 65
94 46 12 50
87 38 6 35
75 13 49 31
50 95 28 71
52 24 36 60
16 40 60 14
36 80 62 19
45 100 21 10
42 78 10 19
12 2 25 1
43 24 11 85
74 97 10 83
49 52 47 27
37 84 9 71
41 53 5 20
75 22 88 8
2 65 2 88
53 14 1 54
46 78 26 73
64 72 75 9
31 53 70 2
48 20 20 50
45 92 33 55
61 52 58 23
100 4 73 25
88 45 51 28
24 68 2 28
25 11 37 8
38 67 3 3
22 22 24 23
82 77 48 34
5 17 9 58
3 1 24 47
98 74 2 36
3 65 7 36
98 79 36 28
53 15 16 82
74 2 27 22
6 36 22 76
4 65 34 58
17 64 49 51
27 39 10 0
79 97 27 0
50 35 60 18
47 40 13 6
41 64 71 24
91 17 25 21
44 24 46 21
69 36 15 53
29 69 74 18
60 79 50 37
97 1 61 19
3 6 12 6
89 78 92 6
82 70 53 21
49 39 61 17
9 27 36 36
23 0 20 34
21 72 47 23
86 40 7 58
68 95 35 44
60 86 1 47
33 54 29 9
31 65 34 23
48 58 0 90
60 43 73 5
66 74 56 1
42 10 58 8
49 43 22 29
38 67 18 13
57 27 2 96
43 39 61 8
36 36 68 26
16 94 7 61
12 56 11 87
15 22 37 29
31 19 54 24
69 62 9 36
4 73 23 25
61 43 71 18
13 47 5 85
0 93 45 38
67 6 58 42
31 19 36 60
19 46 62 4
41 62 9 56
42 90 76 4
89 11 8 90
32 62 59 12
32 78 55 27
87 54 84 1
92 41 4 66
46 37 25 68
44 26 52 16
31 14 2 4
44 25 50 33
58 78 81 4
62 62 75 19
80 56 16 76
46 39 36 40
89 67 52 40
52 55 3 1
6 17 45 24
20 20 70 27
85 80 33 56
23 67 53 45
31 75 63 14
58 1 28 59
98 50 43 56
100 74 7 43
95 7 36 41
8 54 50 47
57 100 6 49
28 87 10 88
81 46 23 57
8 98 24 57
61 93 18 42
70 88 22 50
1 42 17 53
95 27 58 28
45 59 7 4
32 43 75 13
98 33 7 55
7 39 65 32
61 50 4 57
43 78 1 71
17 1 31 48
61 56 3 89
9 89 33 60
50 44 5 75
73 3 18 45
3 8 71 15
26 74 32 46
20 61 90 0
71 16 19 69
67 100 31 32
84 43 14 8
56 31 59 27
57 8 27 69
9 76 18 75
41 76 1 0
76 7 81 14
61 49 9 72
16 71 44 26
83 82 14 14
99 74 66 32
36 70 44 45
29 26 41 7
34 45 33 41
55 86 22 78
89 59 0 21
60 78 26 16
21 97 38 26
57 3 6 0
11 35 59 41
34 27 25 60
71 69 29 19
20 87 48 28
14 23 72 3
42 72 19 53
46 8 14 31
24 56 70 23
67 32 10 45
67 21 9 27
14 37 67 12
86 19 46 17
63 87 17 50
56 74 56 7
2 68 1 46
35 45 6 61
57 32 37 34
72 59 30 17
55 96 49 12
56 44 56 5
94 44 36 32
62 55 87 12
49 92 72 10
11 62 27 5
31 95 74 11
56 75 12 43
98 17 35 0
51 73 37 1
64 64 50 31
81 60 20 60
48 76 32 2
2 38 41 26
77 79 72 28
26 91 29 68
7 45 54 32
87 36 35 46
78 74 48 42
74 91 77 14
24 51 5 84
14 92 30 64
15 37 31 43
