1000
23 12 4 41
78 87 2 27
68 49 50 50
39 93 47 50
40 47 82 1
5 6 50 15
63 83 64 14
12 24 31 19
66 73 4 69
48 52 4 56
21 43 51 9
71 3 11 78
56 86 58 29
88 10 25 18
17 0 43 51
34 85 86 3
11 68 63 15
77 81 3 47
5 26 32 22
49 72 2 40
8 92 83 6
47 65 27 8
54 44 41 24
64 19 36 46
98 42 1 45
79 72 16 82
25 43 10 85
75 98 19 65
21 56 62 18
18 66 9 91
59 85 45 48
45 94 30 49
22 91 45 14
67 59 43 34
84 45 80 10
25 21 76 12
87 78 1 34
41 87 28 56
39 45 7 1
28 67 47 51
27 19 4 45
55 86 71 19
69 5 18 77
8 54 52 13
94 17 55 9
22 12 50 27
33 25 20 55
43 43 18 19
62 57 68 4
37 41 31 45
12 84 6 71
27 17 39 61
46 89 29 34
73 25 18 14
29 60 78 16
69 30 29 52
97 72 9 10
20 1 73 18
47 17 4 93
12 30 5 14
95 12 63 24
74 96 16 84
23 30 46 37
76 24 25 55
30 48 0 12
66 36 45 12
76 99 50 35
34 26 4 85
54 67 6 10
35 10 40 26
35 21 26 38
45 76 22 49
68 96 6 75
94 93 22 66
2 94 61 1
33 33 41 34
64 93 52 47
20 64 10 69
12 15 39 50
4 3 4 16
23 46 77 4
55 3 70 28
85 19 20 23
88 90 47 15
95 83 9 72
13 76 34 17
81 93 11 86
60 33 45 2
26 20 69 9
8 54 24 17
56 14 54 33
94 98 24 8
40 76 3 57
49 82 49 9
69 78 19 44
86 42 24 4
52 54 39 54
6 92 35 2
50 26 62 9
83 34 32 16
89 76 9 17
44 72 23 28
21 40 55 23
90 40 8 32
12 90 0 81
96 46 60 35
20 64 17 20
94 88 3 6
62 12 12 21
28 9 35 2
63 33 20 7
71 59 56 20
97 81 34 41
56 94 19 23
21 48 37 13
45 63 9 1
94 5 10 14
87 61 13 38
66 65 47 39
95 27 0 30
64 10 67 14
2 90 80 7
81 30 56 0
94 20 63 23
31 3 17 48
55 56 41 17
3 33 11 77
92 32 56 39
73 8 18 27
91 11 22 56
1 41 3 92
71 66 27 60
64 92 13 52
58 90 63 8
83 90 23 13
81 15 62 27
66 0 37 62
19 32 31 29
15 94 22 39
45 87 11 81
40 34 63 36
46 97 60 17
98 50 7 41
64 11 92 8
44 84 28 45
59 11 63 14
71 61 61 9
76 22 12 59
94 68 1 50
51 38 45 7
100 44 2 28
34 86 24 53
54 71 2 69
8 82 11 4
67 99 28 20
62 68 23 63
85 87 9 53
84 6 13 70
4 65 5 74
5 98 5 41
23 17 73 15
50 100 97 1
53 20 73 3
4 34 60 24
22 16 23 39
64 96 32 40
84 72 33 64
45 7 28 4
74 79 18 61
26 55 39 57
43 12 5 37
92 96 37 29
64 90 37 13
51 80 8 39
20 64 58 6
95 16 39 4
94 35 73 0
35 95 35 23
15 58 16 29
93 11 6 70
90 64 61 20
33 25 54 40
29 9 36 15
50 20 85 6
28 18 26 13
51 60 11 44
100 76 35 1
38 45 4 58
91 84 27 13
12 52 30 26
84 93 62 31
35 26 16 15
38 93 44 32
39 42 55 27
29 77 7 71
42 74 43 55
96 77 21 74
48 4 23 9
64 89 66 14
48 14 31 41
20 47 56 16
72 44 11 61
62 60 12 64
19 82 20 8
57 9 47 6
29 21 78 9
17 54 8 25
14 63 89 11
51 49 23 50
77 52 1 90
89 86 24 46
12 7 28 13
17 18 8 88
71 50 28 63
99 15 54 35
100 54 0 45
28 66 6 90
52 68 7 28
82 22 22 34
39 80 21 36
49 65 35 17
18 87 44 16
20 27 54 17
6 4 85 13
15 53 71 6
50 83 48 43
94 27 37 12
39 22 52 34
100 95 14 22
0 75 34 56
84 9 0 96
84 56 38 11
7 29 30 4
17 100 4 40
4 30 48 30
27 50 11 5
15 82 19 62
81 22 7 50
6 4 25 36
3 70 42 17
27 10 29 50
21 0 15 1
80 44 46 4
24 37 10 59
93 49 1 4
47 48 56 19
20 94 31 50
91 55 21 25
69 17 62 1
36 39 44 55
62 24 55 8
50 63 4 38
73 65 16 72
54 33 25 69
65 48 75 2
11 79 48 40
87 59 75 15
82 55 14 1
0 90 36 23
56 88 16 22
24 24 29 54
8 38 67 6
46 100 39 40
16 45 37 36
9 47 20 49
22 95 31 33
83 76 4 81
24 26 57 4
43 47 66 8
39 68 67 11
86 62 58 3
98 19 15 39
70 68 1 70
78 60 24 3
13 33 3 10
13 78 32 16
89 87 20 10
4 44 20 47
89 47 36 28
88 56 27 22
55 75 8 11
79 87 13 64
22 86 28 42
94 78 33 65
39 65 3 75
97 32 56 30
74 9 81 10
74 61 24 18
50 50 32 48
10 28 36 56
56 92 26 53
39 97 14 66
53 23 11 1
98 36 4 14
39 40 97 2
34 71 2 35
0 97 28 10
42 19 59 2
19 34 32 20
49 4 9 73
26 67 7 46
44 77 32 49
29 11 73 12
10 48 48 42
67 34 59 21
71 1 33 23
56 60 11 21
69 54 43 3
45 50 34 26
64 87 78 19
57 61 21 60
42 76 25 68
45 23 11 16
72 84 0 41
25 93 53 39
65 72 77 12
78 60 60 33
2 89 10 21
48 43 1 73
72 13 37 2
98 33 25 47
7 63 63 24
46 51 20 43
88 96 31 38
32 100 12 52
89 90 31 28
47 23 75 13
78 75 11 49
56 73 5 18
25 74 44 19
39 1 11 21
62 69 18 11
82 59 58 36
3 94 62 28
27 15 87 6
73 8 23 50
2 29 21 34
93 14 61 6
90 64 41 45
47 0 15 9
12 49 3 52
82 47 37 22
27 98 21 43
40 97 22 67
40 12 66 21
53 64 10 17
83 45 29 34
71 30 16 21
88 77 0 87
19 77 20 2
36 24 1 38
19 69 5 77
0 91 10 45
31 93 36 44
15 68 9 9
50 42 2 19
66 7 25 5
55 83 40 52
48 65 39 3
79 37 15 29
30 26 57 32
57 75 38 17
45 68 5 19
9 64 19 18
87 95 21 34
99 60 78 12
80 85 17 31
87 49 3 83
79 36 5 10
98 69 50 23
59 18 38 31
82 74 22 39
3 62 1 84
31 27 32 7
3 68 10 5
53 21 55 22
88 82 11 89
98 10 0 68
17 20 28 28
38 0 86 14
44 57 18 39
89 51 11 62
92 69 38 36
35 79 0 98
47 88 10 71
97 70 27 42
10 32 18 60
52 11 14 66
40 8 15 8
83 17 4 96
38 33 13 56
97 96 35 14
55 53 62 6
69 52 8 32
69 77 6 11
91 34 5 59
94 92 15 21
20 11 22 54
61 99 98 1
39 46 3 89
88 1 9 54
61 41 24 52
54 0 15 50
89 64 2 78
79 60 18 79
86 59 32 13
86 34 41 24
42 9 81 7
12 21 72 9
68 30 40 25
68 5 11 23
12 12 37 46
23 35 31 21
85 87 74 26
18 15 72 7
90 66 43 56
98 94 66 2
96 15 59 26
56 57 13 77
84 91 49 3
38 16 15 69
60 55 11 21
34 95 78 2
36 83 0 20
32 74 7 50
32 79 20 16
9 32 48 15
81 26 67 8
63 20 56 12
86 59 60 20
86 24 4 84
91 51 13 46
0 28 2 23
72 1 84 9
33 40 54 33
83 72 30 25
11 4 89 5
62 57 42 57
51 99 53 18
92 36 19 71
63 4 36 25
77 19 1 72
53 42 34 65
39 53 47 22
95 42 22 65
98 15 69 20
19 33 18 67
74 59 47 47
50 95 42 32
39 59 75 20
75 19 42 46
18 50 26 65
40 63 76 17
1 81 2 6
87 16 54 12
35 17 1 98
50 0 54 1
22 42 13 38
16 76 44 14
52 40 28 15
41 56 77 13
51 78 63 13
28 24 56 27
11 100 23 38
59 31 19 32
73 23 36 30
25 95 12 79
19 25 38 46
18 22 4 63
77 93 30 38
97 47 70 12
9 17 39 7
71 74 49 36
12 11 60 34
1 4 21 7
20 93 6 28
1 63 11 9
67 35 27 54
38 100 23 44
56 30 26 58
67 24 8 47
33 17 12 57
79 19 61 8
55 9 30 47
43 5 76 1
51 83 40 13
36 17 80 4
14 53 6 68
9 82 65 28
81 45 78 4
44 25 53 43
65 33 24 15
89 100 9 85
6 83 35 52
62 71 33 57
47 47 73 26
10 39 17 68
96 70 2 60
19 5 41 53
36 86 43 26
69 59 60 21
43 27 57 13
27 11 36 52
60 65 2 86
34 4 29 68
90 94 31 41
73 22 8 40
100 23 10 11
51 41 69 14
70 38 22 76
66 94 37 22
97 25 58 6
19 39 62 6
5 3 60 36
0 43 50 13
86 13 9 64
6 62 54 33
12 19 46 20
98 12 14 3
5 69 67 18
41 43 11 16
56 61 46 17
12 67 72 4
32 10 37 19
18 42 5 19
8 35 54 31
43 97 70 30
58 71 26 30
100 73 30 56
55 7 15 50
88 81 23 39
2 26 7 71
40 1 28 68
78 35 39 31
71 6 0 47
81 41 26 40
55 42 15 16
0 25 44 26
99 83 9 37
50 2 37 16
39 11 17 41
36 66 22 4
84 88 6 60
26 73 22 38
22 99 49 0
15 21 23 64
38 34 26 65
66 60 92 3
64 20 0 92
76 66 59 34
1 90 28 29
49 90 30 49
3 8 33 23
64 3 48 31
33 88 33 40
43 43 27 25
46 21 42 12
0 66 18 60
49 100 0 89
76 26 18 4
98 45 27 48
53 87 72 14
32 33 16 66
34 77 21 46
32 85 85 8
14 71 11 47
74 20 24 49
87 92 70 4
37 70 74 22
26 90 43 40
95 5 46 33
88 87 48 28
87 99 0 89
22 23 43 56
39 10 28 43
22 6 23 36
51 78 40 52
52 13 14 27
41 100 50 3
12 53 47 48
86 21 72 24
64 77 55 22
82 96 2 7
50 21 40 11
28 44 20 7
60 5 80 1
69 7 49 21
43 7 78 10
47 45 14 62
46 29 39 11
94 55 37 4
41 45 45 8
53 73 16 1
91 20 0 21
42 63 54 4
90 82 60 21
91 33 1 62
83 87 47 9
53 82 72 14
5 59 0 19
86 38 1 98
15 24 47 44
77 34 25 72
44 66 29 50
23 54 57 13
49 96 19 81
49 24 23 1
53 21 4 28
80 79 4 11
74 57 12 80
35 79 45 27
72 53 81 7
30 16 45 23
0 88 12 5
38 99 42 55
79 6 21 63
74 80 54 31
80 10 44 35
61 53 11 49
78 70 66 10
81 54 48 49
1 61 20 18
92 78 38 58
72 87 16 5
91 24 43 28
13 12 35 27
16 3 13 11
1 73 55 10
44 24 36 3
9 60 10 89
4 12 58 2
24 14 6 78
7 87 43 25
83 55 72 2
60 25 53 35
35 41 13 70
89 31 21 19
42 54 11 4
87 40 64 5
5 13 75 16
39 28 46 47
79 95 85 12
25 32 40 18
13 74 16 83
100 43 86 8
69 70 36 60
84 34 44 0
54 20 13 26
28 8 24 13
61 35 27 10
56 14 34 63
47 69 6 88
73 23 61 1
71 32 26 26
74 44 36 49
29 23 77 21
75 83 30 28
97 5 35 27
60 11 9 4
26 77 49 42
55 29 79 9
41 60 18 8
84 21 25 23
91 38 14 21
99 4 60 6
74 99 29 26
47 8 44 24
61 44 1 40
90 62 29 15
18 73 86 11
53 81 32 6
85 21 1 81
54 87 21 5
59 98 50 38
14 64 14 80
42 34 37 37
70 93 5 8
59 81 16 25
53 13 12 68
6 18 77 2
20 28 8 5
12 53 13 49
42 92 4 30
68 1 66 7
4 27 56 3
80 58 45 36
61 22 59 8
24 87 9 79
33 100 19 8
11 3 77 7
86 20 15 85
98 58 44 45
19 19 24 30
95 51 27 27
24 27 71 26
48 96 45 11
57 94 37 10
90 59 42 47
97 61 0 92
55 32 47 46
70 3 53 12
38 43 14 74
63 70 31 17
35 51 27 58
90 57 42 49
86 99 80 5
27 76 21 49
74 31 54 0
98 66 38 23
71 38 18 62
61 59 12 81
49 90 44 14
50 28 47 6
15 20 64 19
35 14 24 48
70 26 72 11
72 80 17 9
89 40 54 13
5 92 10 49
92 63 1 32
54 92 2 34
74 36 72 22
12 43 31 44
10 87 43 46
1 86 2 59
0 42 27 58
61 19 9 80
42 6 6 30
58 43 63 24
76 5 77 14
54 96 7 0
86 92 25 54
2 34 78 15
35 6 11 68
64 70 90 10
98 71 42 0
31 11 3 40
78 58 31 53
30 21 46 46
69 85 21 31
29 95 0 65
17 13 31 30
65 22 29 37
30 53 61 26
39 52 11 83
62 13 5 7
95 73 52 45
69 63 33 65
4 56 43 41
88 54 50 38
68 6 2 6
44 10 3 62
8 5 0 91
73 3 25 34
82 97 23 38
61 65 17 64
31 2 65 12
88 14 18 74
27 82 32 43
100 46 16 8
56 70 82 17
78 27 41 0
92 73 75 9
89 13 9 50
73 52 39 32
18 95 31 46
56 53 13 25
23 3 0 65
22 39 35 18
90 1 30 26
48 34 94 3
97 25 50 29
48 93 42 9
36 82 80 9
99 40 16 7
47 20 9 10
42 90 6 31
67 20 25 20
31 94 64 30
23 25 47 39
63 53 7 25
37 27 36 32
12 69 32 32
3 35 10 33
15 72 46 5
50 79 0 83
13 81 29 6
61 63 81 3
78 51 33 25
73 33 35 22
63 77 83 12
42 13 26 74
86 26 17 81
21 70 33 12
69 50 5 26
90 54 19 24
13 17 47 26
92 22 36 1
56 79 31 62
50 28 81 11
24 69 9 15
97 50 62 21
28 92 13 31
16 23 60 2
31 78 52 7
53 1 7 40
75 23 30 8
48 69 37 18
34 81 27 35
62 23 14 62
42 68 18 34
22 42 36 26
37 9 18 30
90 62 0 58
20 84 17 82
81 49 16 81
33 32 13 50
7 79 11 61
32 2 52 47
54 88 1 28
5 39 16 79
43 23 6 66
58 76 12 36
98 94 0 16
61 94 41 55
15 5 22 53
30 32 35 45
52 46 73 8
43 58 28 24
62 8 20 32
94 35 54 13
12 82 19 78
92 74 66 32
30 87 43 49
69 46 20 73
77 14 2 77
21 21 22 8
72 88 6 35
11 7 11 82
77 54 11 62
74 31 46 29
72 16 89 7
62 67 0 4
9 74 41 46
27 5 18 44
22 6 50 40
9 49 8 28
63 69 21 19
90 5 19 2
67 50 48 8
4 19 19 52
87 66 73 4
84 24 43 52
72 89 48 6
13 54 36 51
63 93 53 24
57 23 17 64
54 64 20 41
62 60 19 69
59 73 55 27
28 22 14 36
52 64 13 16
87 81 18 74
23 79 63 17
60 84 41 47
76 31 22 22
19 75 57 31
60 35 6 48
66 85 14 53
5 72 1 29
80 74 31 57
79 34 40 0
48 26 87 8
18 12 50 50
87 8 22 46
31 81 2 69
2 90 48 41
25 58 25 52
9 68 26 31
42 94 34 19
46 91 83 5
93 36 27 35
11 86 60 26
75 72 62 8
29 48 20 75
49 74 7 66
17 54 29 5
20 56 29 21
89 7 30 4
16 22 32 45
97 67 34 40
100 11 66 5
76 95 27 4
69 64 51 29
33 30 22 62
44 35 47 24
44 29 38 20
22 27 7 69
8 91 2 23
73 9 13 40
51 11 18 17
88 29 18 71
98 88 55 18
68 15 13 12
75 55 19 39
31 41 4 90
68 49 57 3
87 63 10 37
0 75 15 31
95 34 5 92
10 59 71 25
99 89 53 4
20 38 41 27
10 10 30 12
43 63 11 38
77 94 32 64
99 58 16 74
14 10 24 8
71 61 36 6
94 67 35 22
14 49 85 7
13 20 82 4
22 83 4 30
49 62 7 53
29 5 17 39
56 84 17 58
24 100 55 18
63 80 3 76
42 29 18 73
99 31 13 53
92 71 80 8
59 47 70 3
60 30 62 13
75 14 48 37
21 91 25 18
31 40 51 47
52 34 67 4
52 50 54 21
26 79 32 26
51 7 31 21
61 69 37 9
91 50 79 15
83 34 0 27
98 53 5 52
53 88 36 4
85 86 6 2
61 98 0 42
65 32 7 26
42 28 9 5
62 57 36 7
60 54 21 33
88 14 8 33
66 34 9 15
81 4 16 11
8 78 12 34
23 28 0 21
31 60 51 47
17 99 20 48
73 21 14 4
94 14 8 82
59 25 34 53
23 6 8 56
48 11 21 79
30 12 14 27
100 45 6 44
0 46 24 51
41 99 26 19
31 23 76 9
55 77 46 37
87 65 5 5
64 81 30 24
40 33 26 30
12 80 62 8
48 98 20 20
74 55 29 14
26 86 37 29
77 42 46 53
64 39 58 5
47 46 77 23
100 78 64 6
60 57 4 10
27 41 31 61
49 44 73 10
28 0 37 44
58 63 7 15
73 79 0 100
31 72 7 3
5 22 11 76
29 42 12 40
78 2 2 81
83 54 16 10
41 72 44 10
39 77 1 92
55 23 5 25
90 80 46 48
79 47 34 45
30 74 60 10
4 52 19 45
17 84 1 75
38 98 29 58
