1000
28 8 29 38
34 6 48 11
98 97 20 45
31 11 2 82
85 93 73 13
75 4 65 16
60 83 53 27
92 79 90 9
5 74 23 3
34 15 54 43
54 18 36 18
92 80 40 18
90 79 55 43
48 60 25 73
76 64 31 44
57 60 29 42
80 19 50 49
90 94 3 18
81 49 13 25
59 17 33 42
5 9 0 98
32 84 33 14
82 25 18 63
38 71 67 32
93 88 5 44
3 92 8 38
49 85 12 68
32 96 86 10
78 81 50 36
78 57 39 46
87 39 31 68
37 3 1 5
20 15 31 53
56 48 31 37
21 42 66 21
13 26 12 67
81 43 13 62
63 93 24 55
25 39 0 87
90 40 5 73
19 33 12 31
22 38 76 16
22 88 90 6
90 95 97 0
51 44 23 2
67 91 11 28
30 40 46 41
8 70 61 13
93 96 43 9
82 38 44 8
93 98 92 6
61 78 34 57
34 43 42 23
18 95 41 30
98 34 42 32
62 2 4 64
38 85 49 18
8 82 23 51
2 68 0 90
82 7 21 10
9 100 39 55
41 100 35 40
59 35 4 82
63 77 71 10
90 41 48 27
100 7 67 1
70 45 47 47
15 88 35 18
20 53 34 16
29 81 58 40
70 38 24 65
62 68 14 3
74 97 1 7
52 8 39 59
41 26 4 42
12 11 48 3
48 99 2 78
58 88 20 5
59 67 26 26
90 87 60 4
65 11 28 11
81 98 69 25
33 84 35 63
23 8 14 4
10 15 15 34
60 67 2 53
9 47 17 63
80 83 29 35
98 22 14 25
99 39 5 30
20 87 31 22
73 54 3 60
66 84 25 30
38 47 53 42
66 64 68 18
20 48 29 31
78 76 54 11
91 62 64 24
36 39 4 35
20 57 38 2
51 13 9 70
64 23 37 31
28 51 32 64
61 51 13 20
43 33 24 38
82 38 16 16
96 20 24 60
50 60 10 40
88 53 30 57
39 53 29 40
79 81 59 27
59 83 41 15
48 73 8 38
58 15 33 8
48 94 33 48
22 83 1 11
74 57 29 42
10 93 32 3
92 29 33 38
78 98 64 26
12 13 62 11
5 97 3 61
35 68 30 49
35 29 26 40
62 78 64 34
82 37 3 2
37 70 32 37
36 53 22 53
3 32 20 34
18 81 80 7
79 94 3 28
91 35 33 47
1 66 46 54
67 22 24 48
28 53 72 2
40 79 39 60
85 47 79 11
44 88 33 6
48 74 18 52
58 14 19 1
22 69 13 25
84 98 28 59
7 33 3 32
60 47 70 27
84 93 1 89
89 91 62 2
66 88 61 15
27 30 48 36
30 2 8 70
62 66 46 40
32 63 49 13
34 90 29 19
1 75 91 6
71 23 16 71
2 18 44 45
24 74 73 24
17 53 40 60
49 21 45 21
16 55 67 22
31 91 3 51
68 83 23 34
71 24 26 28
97 52 23 17
11 20 64 33
13 98 38 31
11 83 9 59
14 2 63 23
77 63 22 46
30 67 18 56
21 47 83 15
71 74 10 1
11 16 28 38
60 33 60 17
92 57 17 79
73 60 40 20
68 82 30 9
43 88 6 50
71 88 15 12
5 83 48 10
59 12 11 10
8 33 85 10
42 49 83 11
76 37 27 43
30 92 60 12
70 22 29 31
83 80 30 8
58 79 15 4
19 19 36 38
72 17 49 6
36 40 9 86
50 7 20 61
59 34 60 3
59 33 29 19
37 26 36 45
5 48 43 18
72 49 36 32
93 9 30 52
75 45 3 46
94 71 57 33
24 22 81 2
82 24 81 6
49 29 48 26
63 18 51 27
83 30 68 28
26 61 50 29
53 46 84 7
36 32 16 6
40 2 73 13
89 18 8 42
40 2 39 7
36 65 43 6
12 97 44 4
10 13 13 50
50 30 2 34
35 71 63 31
53 32 45 39
55 88 3 19
60 83 3 41
84 37 15 4
32 97 12 60
28 8 61 8
33 52 4 93
79 13 0 78
55 56 63 29
51 69 16 62
45 56 64 1
10 56 41 32
59 61 67 8
100 94 20 74
70 71 56 10
89 78 19 10
18 29 72 19
27 66 31 17
95 78 20 68
29 86 32 29
15 39 50 46
55 13 58 19
68 23 75 22
27 12 5 86
34 12 40 43
4 13 86 0
51 99 70 22
80 21 30 57
97 48 3 50
23 27 3 67
23 41 43 36
61 75 24 57
81 74 67 14
35 13 3 2
30 62 15 38
99 38 1 44
80 5 74 3
34 91 30 63
0 5 13 40
95 14 57 10
29 31 69 17
72 50 48 26
53 57 15 57
41 87 40 8
89 17 73 4
87 64 2 52
26 61 41 10
6 8 16 67
73 57 40 52
65 61 27 11
81 100 26 13
16 62 60 6
100 60 35 31
29 21 77 4
66 77 62 14
2 24 40 28
99 81 7 50
9 88 38 56
9 6 8 55
45 82 31 37
94 36 43 55
94 90 69 10
72 80 29 59
94 28 1 4
41 42 34 38
68 19 3 8
40 95 36 54
75 85 62 12
35 63 3 11
76 92 16 3
95 55 49 4
11 77 8 3
91 76 38 19
40 46 4 68
9 19 57 32
79 1 3 62
47 63 4 52
75 21 56 31
92 61 46 1
48 8 40 37
49 48 20 71
87 100 57 28
92 91 87 12
76 91 89 6
64 23 39 59
99 26 20 61
64 92 8 42
23 61 9 56
47 96 31 24
17 17 50 29
85 52 0 96
55 19 51 20
94 92 38 19
95 65 12 11
72 8 13 35
65 100 16 68
22 42 10 15
85 76 22 32
58 16 56 20
14 20 40 60
31 43 30 65
66 83 62 29
62 36 10 78
29 85 8 52
19 5 5 14
54 4 63 8
39 59 70 25
6 91 18 63
9 42 5 22
20 94 63 37
92 86 47 51
85 5 4 94
14 11 81 7
90 99 73 6
29 72 62 34
16 45 18 39
10 4 1 52
34 15 71 22
22 16 0 46
78 20 42 23
95 94 5 20
90 19 40 13
21 96 31 53
91 68 41 1
13 77 16 29
9 64 4 12
67 72 47 3
5 35 59 27
11 16 18 3
57 12 29 25
36 21 36 50
20 62 6 31
9 34 4 2
69 99 31 41
19 87 42 58
95 23 52 23
94 79 67 32
62 84 0 39
64 64 43 8
49 10 56 37
48 85 89 10
100 59 1 30
60 97 25 61
34 62 5 55
3 42 11 44
52 40 7 43
8 29 49 48
24 99 66 7
99 57 3 93
39 23 28 1
27 21 34 41
80 5 41 17
17 9 54 29
98 33 39 22
38 44 23 37
32 27 7 53
8 45 38 47
28 48 47 28
91 10 5 66
42 80 26 32
40 98 1 3
87 1 58 23
56 26 8 75
20 96 63 36
42 20 35 7
54 53 3 7
50 99 73 7
11 24 23 40
58 68 18 22
49 46 72 11
52 7 44 43
98 34 14 29
97 65 15 24
70 31 17 21
84 49 24 66
70 6 34 50
78 56 8 90
45 33 1 77
48 63 0 32
24 24 16 80
31 1 40 38
26 92 66 7
96 68 37 45
90 65 56 21
30 39 4 27
100 79 18 50
10 20 5 47
78 28 29 62
54 30 1 88
85 62 59 30
22 59 74 6
95 35 62 32
36 17 1 38
61 22 11 64
49 0 41 22
21 25 33 28
23 65 0 27
82 61 49 14
4 30 11 69
94 19 89 4
53 62 54 46
59 30 22 53
25 45 50 46
90 62 25 21
34 81 65 26
17 12 56 28
23 4 61 4
48 55 0 37
4 15 16 37
84 6 9 41
77 33 88 12
56 66 21 40
35 68 9 1
42 51 0 9
27 10 40 26
37 23 10 1
17 11 44 38
57 86 24 2
32 75 5 74
100 69 20 18
83 5 11 44
75 36 39 2
29 32 52 28
10 90 25 37
59 58 79 2
58 13 24 57
91 48 47 20
44 20 26 11
45 79 57 38
95 97 31 1
52 13 11 11
29 68 52 6
27 63 93 3
70 70 17 9
36 24 50 6
75 27 48 2
14 67 50 3
15 46 1 42
77 4 1 95
2 9 6 59
45 66 93 7
83 13 36 37
10 26 47 38
14 43 1 93
100 87 24 23
17 19 16 50
39 85 24 56
66 12 23 26
87 53 7 46
99 25 31 62
83 64 72 23
87 84 33 52
95 45 7 15
19 42 21 1
11 1 53 14
43 85 5 86
13 26 16 35
59 38 54 3
39 15 22 71
72 58 80 10
44 40 1 93
40 61 17 74
36 63 9 22
63 99 5 16
40 30 81 6
36 38 0 36
64 35 21 1
42 60 28 53
92 97 10 56
98 94 31 34
49 41 58 41
7 14 9 14
90 2 18 38
78 34 36 21
24 59 29 63
32 26 29 28
56 87 66 18
55 24 16 42
78 62 15 63
40 82 33 20
93 66 12 3
96 47 38 40
50 61 27 72
95 2 64 5
59 17 26 18
88 98 32 43
25 86 27 22
81 69 36 32
10 61 8 36
96 36 35 37
39 42 15 7
3 55 38 16
96 77 24 54
91 46 70 3
7 64 6 87
64 57 53 22
63 90 38 37
60 65 24 9
46 30 7 11
3 77 43 39
99 26 35 3
3 53 25 11
83 42 35 26
17 32 20 23
22 21 21 68
67 82 60 29
16 92 4 45
68 1 93 0
64 85 34 54
11 67 10 23
100 44 31 65
24 9 36 9
9 73 40 2
83 34 33 16
89 9 1 90
32 69 56 29
69 73 9 73
70 3 3 58
0 43 52 6
68 28 17 48
28 14 30 62
56 11 34 19
19 62 38 10
81 81 82 9
82 18 38 32
74 18 12 51
62 34 10 64
83 27 44 21
23 34 7 82
16 36 10 85
5 74 36 7
65 17 37 20
35 47 26 51
27 15 3 24
38 79 58 11
94 30 20 74
4 4 33 16
37 99 14 36
79 10 12 70
94 91 19 15
80 55 1 95
47 82 6 17
65 59 69 3
26 35 58 15
25 69 1 87
17 33 51 41
62 73 64 12
65 12 42 54
9 8 18 2
25 48 54 11
14 45 66 10
11 21 43 23
37 69 33 51
59 83 39 9
69 75 18 71
93 97 22 43
5 82 37 13
97 43 8 22
16 79 2 52
64 72 28 70
73 49 0 89
6 0 68 2
70 8 77 2
7 32 74 8
14 84 68 5
20 11 19 79
32 28 7 81
22 14 41 20
20 82 14 7
20 3 38 55
66 76 44 38
86 61 6 65
94 97 5 87
92 27 13 30
47 25 17 31
19 26 14 31
71 26 77 1
71 88 11 17
82 91 18 21
59 50 90 5
26 31 6 87
39 89 34 32
50 23 34 22
7 20 1 23
100 53 76 19
2 18 72 6
16 27 31 38
85 91 22 54
71 1 36 29
85 31 4 10
4 51 30 50
18 80 23 21
35 80 79 3
59 30 14 36
98 78 4 42
55 22 80 15
29 57 16 11
62 39 27 73
78 19 10 67
91 70 56 0
4 59 50 27
47 42 77 1
40 27 15 57
99 30 75 1
88 41 34 4
5 30 10 20
76 14 37 60
87 1 20 51
44 24 14 49
18 83 70 1
97 80 20 80
96 15 31 36
19 95 8 19
70 16 73 23
71 53 12 62
73 43 41 47
82 46 10 39
61 11 76 11
24 36 7 92
100 3 17 47
6 28 66 6
15 44 2 1
96 26 31 52
37 94 7 52
15 25 46 47
21 21 57 14
64 99 28 15
35 72 21 71
38 37 45 41
7 60 60 14
92 84 49 10
19 100 79 14
68 48 23 4
90 14 28 32
86 89 18 58
69 72 36 2
27 50 47 10
14 92 26 72
11 62 24 72
79 19 23 63
97 92 71 22
14 68 80 16
92 74 7 19
68 4 37 7
79 17 37 31
82 12 12 80
33 76 28 51
69 18 44 32
49 16 46 12
52 31 62 15
47 45 16 29
42 86 4 42
14 84 85 1
45 86 53 45
95 23 51 0
64 41 71 3
58 21 21 78
51 55 35 39
23 17 70 12
34 86 18 80
70 71 25 58
47 61 2 22
51 76 34 64
33 92 24 62
89 55 55 9
63 50 49 0
38 26 35 38
48 29 16 78
55 37 35 2
100 3 53 9
68 32 62 37
93 24 50 37
81 10 4 34
99 1 70 20
11 85 19 62
27 51 72 5
3 87 3 96
71 72 34 51
81 80 3 35
97 39 7 70
46 85 5 35
60 38 45 26
20 97 6 49
55 20 44 39
84 41 13 54
30 37 59 31
73 53 59 20
45 41 3 80
67 6 65 32
50 27 3 40
68 91 71 27
37 77 6 48
68 89 2 84
81 44 43 52
99 88 84 10
80 44 53 41
81 35 50 25
72 53 8 67
22 47 57 15
59 66 8 59
44 46 14 66
39 67 60 20
60 6 26 29
3 63 47 32
1 46 46 28
21 10 1 40
58 31 84 15
70 28 0 10
12 63 54 25
27 4 69 11
16 66 9 45
84 70 25 63
53 46 27 26
91 62 13 23
95 95 15 52
54 37 38 53
71 70 45 17
78 33 28 24
17 24 48 25
81 25 3 80
67 31 11 87
19 40 28 4
57 22 58 30
80 79 63 18
66 76 7 51
82 97 29 31
61 34 8 90
76 93 3 65
59 64 21 57
1 52 12 16
13 7 13 11
43 48 6 17
51 6 21 73
42 69 1 49
66 69 15 16
42 3 64 9
3 24 29 15
0 1 16 35
6 73 2 33
34 80 31 38
91 46 20 52
51 46 55 42
1 25 9 10
94 3 21 24
81 9 14 4
72 62 12 62
66 12 9 46
71 26 15 27
93 92 78 15
58 48 44 31
32 45 89 11
1 35 7 57
76 7 7 27
21 100 51 45
2 99 39 33
4 21 54 8
32 80 1 96
23 36 3 14
72 74 6 50
4 52 57 31
85 57 43 21
39 62 16 78
74 63 12 32
70 100 12 14
25 40 6 44
7 7 40 44
55 34 19 78
25 8 73 13
88 52 82 12
71 98 6 42
28 52 6 41
97 8 59 19
42 23 55 23
32 94 87 2
78 12 14 51
53 98 39 31
70 0 4 54
5 53 43 36
76 79 93 4
21 48 16 11
21 17 33 67
47 40 39 19
17 81 52 37
9 76 5 37
13 94 53 26
94 78 39 20
80 93 26 51
97 31 76 3
46 0 18 28
22 61 32 49
4 78 64 8
73 94 14 3
57 88 11 35
46 59 5 71
69 36 0 87
21 43 19 62
48 14 21 1
8 74 26 21
0 91 11 14
93 22 60 18
85 68 6 15
43 8 37 33
42 56 53 8
85 2 56 8
80 13 42 12
71 21 67 19
89 90 36 51
9 98 50 25
35 65 10 48
6 68 75 20
12 56 4 48
78 59 16 36
93 8 30 48
55 80 72 3
32 86 17 72
92 33 55 38
7 53 1 8
45 31 11 2
47 92 38 27
62 15 0 50
19 68 54 27
35 45 46 17
32 82 22 73
38 20 15 9
68 11 59 29
50 60 10 84
64 69 53 34
19 29 43 47
12 64 9 67
35 12 10 66
50 57 49 30
52 47 18 69
70 7 32 59
36 45 10 50
59 75 19 4
18 46 61 18
93 87 55 10
70 48 61 22
11 58 15 72
61 75 28 50
24 78 17 14
79 63 51 44
91 100 39 48
42 15 45 43
45 11 41 53
89 85 31 68
81 66 59 35
48 93 37 11
46 84 18 59
16 50 20 20
9 99 35 11
25 30 27 61
96 43 53 36
96 23 10 65
11 10 62 2
15 17 51 8
41 7 15 31
13 61 49 43
61 65 0 76
84 14 7 86
31 28 8 83
14 11 54 22
86 75 50 17
62 55 23 19
27 83 0 31
8 98 43 5
14 82 46 12
53 57 41 1
43 30 22 45
43 44 20 55
29 2 14 56
25 4 91 3
65 38 50 49
67 55 22 53
12 56 38 59
60 81 80 6
96 66 55 1
48 87 74 16
2 5 16 17
69 100 26 19
13 31 22 49
25 17 47 6
35 13 3 5
67 49 52 19
38 98 73 19
33 80 35 62
63 41 26 36
18 3 51 2
99 44 10 14
91 69 55 21
1 20 13 61
19 15 63 21
82 42 51 46
93 11 44 29
45 5 16 37
19 45 18 42
17 70 9 45
4 8 12 21
47 90 21 16
20 96 75 2
100 20 5 85
94 84 13 27
89 99 3 58
49 2 97 2
62 63 40 35
86 34 36 58
63 52 3 74
17 42 11 35
7 6 56 6
23 43 33 1
61 22 6 75
14 59 19 7
74 11 68 25
16 39 16 82
73 70 18 69
41 89 24 65
29 62 30 14
92 29 65 6
69 45 15 55
41 81 45 40
54 98 25 36
30 70 32 7
30 42 20 18
52 90 0 75
59 20 21 70
83 77 50 37
68 78 34 35
14 83 77 9
69 27 8 74
26 95 22 35
50 46 16 31
80 48 36 21
66 72 9 10
38 25 7 65
23 78 6 12
89 41 60 16
69 98 32 59
50 39 23 74
5 11 13 87
59 13 2 39
2 88 36 21
9 55 76 17
83 74 19 21
42 86 21 1
29 54 37 59
31 30 32 37
20 24 22 44
64 66 43 0
21 80 12 54
61 32 41 21
77 94 35 60
80 94 38 27
39 9 14 74
74 52 7 41
66 30 19 33
67 42 67 30
55 77 20 50
49 49 14 53
84 19 71 19
7 36 69 27
86 71 45 7
31 29 11 33
55 50 42 12
4 58 1 83
72 86 41 37
50 60 72 4
100 55 72 16
4 22 84 0
51 71 0 6
52 22 14 38
28 57 89 3
44 26 42 28
20 4 86 5
46 84 48 51
75 92 11 70
80 66 16 35
73 35 13 73
62 20 72 9
70 50 0 21
68 95 40 46
36 98 18 52
36 34 32 39
77 92 52 25
51 85 41 22
51 29 8 84
