1000
15 60 12 62
19 6 23 62
93 18 28 47
27 94 53 9
91 28 20 0
51 31 19 45
55 67 13 26
83 35 39 6
93 31 0 46
67 88 89 0
21 69 8 51
27 70 6 63
21 5 60 18
21 25 47 13
92 10 76 3
24 14 22 11
21 8 39 39
69 12 77 8
20 65 68 5
59 65 5 48
53 70 43 30
72 18 37 36
57 69 40 20
46 24 41 5
70 74 32 65
92 68 31 55
89 42 11 42
3 25 5 22
47 41 59 6
50 38 19 33
64 65 9 80
29 19 34 8
75 96 5 31
52 44 28 50
62 79 19 80
25 26 1 11
55 2 14 5
27 26 21 61
44 55 18 41
45 44 35 1
2 43 22 28
48 56 69 7
85 96 34 26
87 16 37 31
46 34 72 9
27 81 65 33
19 4 42 48
16 28 26 38
44 3 11 59
64 66 23 71
3 74 77 19
83 52 79 12
76 58 14 34
69 30 0 28
97 24 36 11
97 30 37 6
97 12 34 16
38 17 37 58
81 46 4 67
21 77 26 23
99 68 37 33
69 89 25 4
96 26 0 91
1 34 58 35
95 2 41 18
60 55 1 84
57 48 67 7
54 27 44 7
14 87 92 7
84 24 16 41
98 22 10 60
39 59 29 59
82 94 56 34
84 50 52 40
27 43 41 11
13 42 50 21
49 28 55 2
31 96 36 50
50 90 46 51
62 84 21 5
71 33 22 72
64 86 8 12
17 55 62 20
96 48 11 78
10 94 33 60
46 56 72 4
43 12 82 4
40 5 37 53
64 43 38 27
13 28 9 70
48 90 48 25
79 45 30 55
31 55 53 43
41 65 4 29
3 74 25 69
87 14 16 32
63 97 26 19
18 96 74 22
67 26 22 24
28 44 56 9
90 2 48 38
77 74 34 13
89 84 38 29
53 62 14 67
40 100 59 28
2 46 56 3
30 28 32 59
23 21 25 49
2 18 60 29
10 15 1 29
97 50 17 82
66 74 34 15
60 60 3 68
10 72 34 48
57 59 26 50
26 40 1 94
21 95 32 32
77 70 48 45
0 31 40 59
35 23 42 16
13 8 11 40
99 30 66 11
53 24 68 3
18 34 70 28
88 0 22 26
89 24 15 48
27 63 3 87
59 22 13 44
67 7 22 4
78 39 6 43
60 3 6 51
37 62 42 21
14 60 11 89
6 46 27 66
35 71 89 6
48 62 70 12
16 34 63 26
63 9 15 82
43 64 2 61
73 17 73 12
84 5 5 82
4 55 51 21
36 8 18 63
69 68 7 72
83 67 13 87
22 41 58 17
58 65 1 33
92 26 47 2
78 19 75 4
61 13 10 58
29 57 0 17
39 100 11 79
20 80 41 50
99 84 44 28
81 46 6 65
72 73 31 47
28 56 45 9
11 11 61 1
0 39 32 1
19 57 10 75
92 79 52 10
78 42 32 28
29 40 72 13
24 85 2 43
98 78 2 90
23 87 20 46
25 15 36 38
52 58 29 17
65 71 0 66
23 78 23 32
7 40 54 1
8 97 42 6
89 21 24 58
7 29 1 69
82 15 6 21
36 69 48 26
75 44 27 27
88 23 32 14
76 40 31 31
35 41 47 29
69 42 77 1
28 18 22 76
15 14 98 1
95 66 29 10
73 33 61 33
16 45 19 40
7 15 52 44
11 65 19 23
93 18 0 44
69 28 62 28
97 48 28 70
56 50 20 75
99 57 20 48
70 99 74 6
90 50 44 35
76 56 35 15
60 70 76 11
23 84 39 15
100 59 28 12
86 5 18 39
44 82 4 75
19 34 77 7
87 84 9 46
16 10 81 18
51 97 28 51
28 43 43 23
7 50 55 13
21 48 51 44
17 92 29 67
48 18 41 9
83 8 46 14
59 54 24 42
23 33 41 51
39 100 23 76
90 70 11 1
94 82 48 18
72 99 23 53
81 21 28 10
58 79 13 78
24 23 5 56
31 59 79 17
92 33 56 7
33 34 31 26
26 44 41 10
29 58 12 67
91 61 6 46
27 4 7 25
51 66 10 47
1 71 64 30
23 34 43 1
52 33 28 51
0 97 43 3
29 96 12 65
18 25 21 7
35 63 48 33
85 13 0 48
44 32 8 69
4 65 6 87
72 84 3 31
100 82 25 30
45 99 12 80
92 3 48 11
58 62 10 68
65 13 5 40
87 11 55 25
23 49 21 26
83 74 33 64
37 59 37 43
35 19 37 35
37 96 44 9
99 19 11 30
13 96 34 61
74 56 62 24
26 58 32 52
21 100 4 22
48 85 91 4
63 40 40 29
38 6 18 62
0 21 20 55
8 55 34 45
25 79 18 50
13 33 35 19
35 98 83 6
61 47 61 35
48 92 14 72
22 51 76 21
42 11 23 46
29 80 7 39
41 16 23 7
59 59 79 9
49 76 4 18
1 42 15 81
45 67 21 36
20 21 62 31
97 71 18 11
86 16 68 4
49 91 31 18
98 65 27 35
22 66 37 13
9 33 37 62
91 25 35 11
70 58 12 37
54 88 12 39
51 69 59 6
47 40 54 0
12 74 54 43
22 42 19 17
93 17 7 72
6 93 4 65
0 35 27 45
55 17 2 59
54 55 9 6
14 41 50 49
94 75 15 12
70 81 28 67
41 57 73 1
76 36 59 1
23 1 28 6
67 7 47 51
67 26 52 12
86 94 62 29
55 83 1 62
12 28 8 33
27 88 63 4
32 42 69 31
96 59 51 44
48 22 40 50
61 38 8 78
64 89 10 35
18 62 82 18
70 26 3 21
58 3 23 13
57 5 42 28
14 48 25 53
27 97 5 82
83 58 25 36
41 36 41 37
40 43 44 1
26 27 30 64
95 31 77 16
42 86 10 85
97 94 60 6
23 83 49 51
27 13 43 3
23 86 29 67
94 68 32 32
26 1 46 3
22 11 83 13
13 76 49 10
76 33 49 47
85 81 61 12
71 26 51 49
81 95 6 66
53 78 34 29
92 57 28 41
68 78 80 20
8 51 93 4
74 33 55 35
10 36 2 62
98 99 20 37
68 64 7 73
80 28 45 37
55 31 22 50
68 16 38 58
62 32 19 69
12 90 81 11
50 46 46 14
81 37 0 58
86 92 27 55
70 50 41 34
46 37 55 44
50 79 25 56
40 96 12 83
7 38 9 23
17 40 11 4
89 84 32 64
44 30 33 5
91 81 11 1
63 31 80 16
12 60 35 16
52 88 45 11
56 6 14 0
51 92 51 48
40 37 61 28
97 47 19 59
10 36 17 73
74 59 52 9
61 98 42 54
89 13 30 44
30 87 63 10
60 96 14 6
34 94 4 38
0 60 85 8
17 70 6 44
95 83 12 37
43 54 21 69
95 24 34 18
96 36 7 52
95 70 61 32
18 6 38 55
98 81 45 54
31 0 14 41
43 48 50 49
20 97 0 34
99 49 10 2
55 73 13 21
100 13 15 56
84 59 32 65
10 90 51 33
68 1 15 55
27 28 47 48
95 61 81 1
16 54 1 37
36 51 9 91
39 97 19 70
23 91 78 20
53 39 29 5
82 86 28 11
90 0 90 10
1 83 35 10
21 43 2 51
50 23 47 34
8 78 9 61
50 28 27 15
22 38 65 8
25 98 11 5
6 97 21 38
28 52 56 17
26 8 1 93
35 46 43 3
64 41 15 66
69 39 49 11
20 18 67 32
24 1 54 23
72 4 18 4
10 43 70 14
9 35 42 33
41 23 20 74
99 86 63 18
14 10 28 11
82 81 68 17
68 5 24 36
46 69 15 75
33 97 16 84
68 36 40 28
1 40 63 16
65 42 3 89
36 88 19 55
50 18 51 2
75 28 5 35
27 10 58 28
60 15 72 22
48 99 18 62
48 77 68 2
35 52 42 1
17 47 22 25
23 53 41 47
60 46 54 11
45 88 12 74
11 56 37 26
61 88 40 59
94 82 42 25
86 74 30 18
48 83 55 28
57 66 17 60
22 35 19 17
23 35 1 14
17 47 35 25
88 73 71 7
64 84 12 27
30 74 44 19
97 9 15 15
16 5 1 61
72 24 8 11
39 21 22 58
97 46 50 46
65 81 28 44
13 34 19 25
20 72 38 61
22 31 7 21
47 43 30 11
33 79 38 35
88 44 22 75
38 86 41 34
83 25 65 7
73 56 9 74
96 79 50 4
66 68 58 4
87 83 76 15
95 86 23 45
1 58 47 49
90 92 20 7
100 5 6 46
82 2 77 13
80 26 12 84
31 22 5 52
6 50 35 20
59 89 16 36
14 85 37 24
2 51 50 39
92 17 62 27
99 80 22 59
70 24 1 30
60 87 21 58
16 38 69 23
76 39 18 79
94 8 27 26
28 38 17 2
9 0 15 53
30 19 61 14
88 76 3 68
51 35 41 56
59 57 90 10
26 56 10 21
0 64 13 1
23 49 33 34
77 12 17 11
26 7 94 2
92 4 35 26
22 30 34 25
89 14 34 64
2 18 33 4
15 69 61 10
58 91 17 2
17 95 16 73
92 91 17 60
14 33 0 43
17 32 3 38
31 90 58 31
47 87 10 75
31 56 22 18
37 3 85 2
80 59 50 40
33 73 47 52
73 20 47 44
61 2 18 22
69 63 43 6
9 42 31 48
23 81 21 46
94 28 42 31
46 12 54 5
54 83 43 52
29 94 17 45
15 33 56 25
48 31 61 2
31 0 75 6
70 27 63 10
3 85 26 45
68 77 18 40
63 80 5 85
39 73 56 37
49 24 13 83
87 73 22 63
44 76 82 4
37 33 44 25
27 73 42 1
56 26 0 66
66 10 6 28
69 47 56 32
97 15 9 72
60 99 9 11
47 78 5 15
4 78 70 23
12 47 69 28
12 94 33 36
67 5 27 69
15 12 50 16
93 43 3 30
64 85 33 52
94 21 77 19
60 78 35 39
60 96 9 61
36 19 83 17
73 54 31 26
57 32 76 15
87 98 6 89
68 71 61 24
48 79 11 4
26 94 15 31
80 78 21 40
48 14 87 6
75 1 13 64
40 40 58 24
48 68 23 26
84 22 15 39
32 56 12 44
67 70 65 18
42 37 63 3
3 3 54 26
94 62 15 49
82 45 13 15
25 43 9 9
66 38 16 31
32 77 17 77
21 69 10 30
69 68 34 63
61 2 57 34
32 55 37 52
12 14 12 87
80 57 3 25
14 17 0 23
24 5 11 37
61 50 18 28
18 96 76 6
37 7 4 15
45 23 53 43
94 75 8 83
68 55 5 62
25 77 16 22
80 85 9 10
41 77 70 2
53 98 8 82
76 59 23 68
60 100 52 31
54 71 13 0
35 32 42 44
9 7 60 19
58 11 21 79
79 64 33 5
49 97 33 67
18 100 34 28
90 44 38 38
2 61 14 30
19 100 46 28
9 36 32 30
76 59 66 6
40 57 28 0
38 86 23 15
87 54 12 81
31 30 9 70
80 68 17 21
45 28 20 28
24 79 15 43
66 39 12 29
100 33 29 53
97 58 9 51
3 35 69 13
29 91 6 88
34 55 18 17
15 39 9 29
90 36 27 43
70 36 69 14
15 83 20 54
58 66 34 15
48 87 0 27
67 68 95 0
69 90 33 35
40 35 19 43
50 100 56 2
80 36 41 5
0 3 8 5
93 73 4 31
5 44 70 28
12 92 61 26
29 30 4 44
54 63 36 57
20 94 53 6
91 22 60 1
48 4 4 90
38 15 41 58
75 23 49 10
52 69 80 20
90 20 53 42
72 71 21 24
19 27 62 33
87 23 15 21
9 43 19 9
39 59 24 70
0 21 9 68
71 73 67 30
85 87 19 77
76 95 13 6
82 51 22 45
35 24 59 41
22 67 75 24
89 25 60 0
73 52 12 24
94 89 13 14
27 44 1 93
67 33 84 7
98 73 60 1
95 66 15 37
77 91 85 11
17 8 35 65
32 10 47 2
33 77 15 84
11 7 54 44
62 50 28 68
11 75 43 12
42 59 71 27
49 9 0 22
99 73 25 8
0 70 36 31
9 71 2 5
34 72 77 18
73 49 24 13
37 77 61 12
51 49 12 19
48 35 96 2
81 97 17 40
13 80 13 44
69 83 61 31
47 1 26 68
48 22 30 44
41 92 7 37
62 77 20 9
96 18 41 9
40 49 34 19
92 31 19 9
60 49 71 12
62 78 47 33
40 100 22 56
64 85 49 17
53 55 44 3
81 57 97 0
64 59 46 25
50 58 42 32
88 13 19 18
14 28 85 11
83 30 15 84
47 4 60 34
54 23 61 1
73 60 1 16
20 13 13 40
92 6 22 46
62 62 18 31
96 12 0 88
98 90 13 13
74 18 3 41
82 71 1 34
30 41 18 10
44 47 68 11
13 57 40 19
42 71 22 57
3 74 35 37
51 67 12 38
14 80 24 37
37 39 72 28
48 96 17 9
25 49 12 19
93 94 17 25
78 43 17 49
44 20 68 4
39 69 13 10
49 23 27 1
11 22 18 3
76 74 77 12
27 73 23 9
30 89 80 9
17 48 31 48
64 30 8 80
63 8 25 39
97 17 38 53
61 95 17 41
76 32 15 51
75 2 63 34
67 10 66 13
81 23 33 56
6 42 2 59
48 95 2 42
63 67 4 84
46 7 33 51
30 23 57 38
41 22 36 39
36 66 2 84
62 64 5 42
6 87 71 29
30 18 42 44
75 43 33 60
81 66 9 70
41 13 48 14
32 4 22 50
21 3 70 30
22 80 22 40
20 5 91 1
19 35 77 13
3 77 22 63
87 96 86 1
72 44 63 26
75 53 28 18
14 88 56 14
67 37 21 22
82 39 63 22
89 86 4 56
77 84 82 15
90 23 17 14
93 82 21 45
40 9 53 14
40 7 20 23
45 47 14 12
38 34 33 52
97 95 55 22
61 23 72 9
54 30 24 13
61 66 31 67
66 14 3 86
18 39 39 33
64 20 52 35
95 91 12 68
29 16 63 34
26 39 9 42
6 9 61 10
2 47 18 29
18 88 13 48
22 86 45 22
25 63 42 9
32 73 20 77
54 94 46 4
40 5 21 43
8 36 43 6
20 97 1 29
11 85 9 52
91 89 70 10
82 58 53 0
74 59 16 29
65 33 47 36
61 35 24 53
3 88 7 78
21 67 27 53
70 20 73 17
46 88 2 78
9 44 0 20
10 5 9 45
100 63 11 17
41 18 58 5
38 18 25 67
43 99 23 70
93 83 44 15
11 79 50 1
86 86 43 25
13 38 61 27
4 39 30 57
82 42 34 24
13 81 6 91
50 12 46 9
28 54 23 63
94 19 48 32
28 96 42 11
42 73 19 80
20 84 8 82
46 51 69 13
64 62 8 70
72 67 36 51
24 97 90 3
78 35 26 14
64 40 63 30
2 7 0 62
7 54 15 40
83 100 34 50
59 35 94 3
9 36 74 24
56 11 96 3
66 96 40 22
90 24 58 28
35 86 32 43
91 60 23 27
80 10 51 45
29 22 21 71
46 97 26 59
39 40 42 28
87 0 36 2
76 36 77 2
8 67 12 47
45 27 11 42
71 10 11 18
79 42 75 25
84 38 25 34
53 22 40 55
13 87 21 20
80 21 73 10
79 45 39 4
13 12 22 36
81 88 10 29
12 57 82 12
65 49 58 14
99 38 21 64
91 100 56 37
83 67 75 20
63 69 14 65
100 65 17 21
21 41 15 85
43 74 43 3
40 75 38 48
83 24 40 28
48 64 52 11
75 7 68 14
48 92 14 15
25 73 26 73
75 3 46 7
44 4 30 24
48 76 12 64
33 2 41 43
73 17 69 17
76 24 49 8
56 73 2 24
26 29 19 21
14 18 63 7
90 4 17 9
50 87 9 20
91 21 16 36
52 51 31 40
78 13 53 7
28 80 36 10
86 64 13 20
31 16 5 22
58 84 22 3
52 5 28 20
38 35 4 47
87 70 58 37
3 1 55 37
88 4 13 72
92 67 17 63
43 41 5 89
72 29 20 63
64 84 34 47
10 21 41 15
7 76 36 59
23 77 49 49
88 80 59 3
96 87 35 8
32 25 25 22
25 9 49 51
3 94 31 27
40 45 3 37
58 36 6 94
21 0 26 41
37 73 33 10
64 58 11 2
24 97 23 19
45 87 4 86
93 12 34 31
15 27 30 29
11 39 23 38
41 89 13 41
96 6 17 48
76 66 13 70
0 86 42 58
40 97 31 42
10 42 0 7
43 34 57 10
13 32 40 38
7 14 7 78
92 10 6 49
79 48 61 23
77 91 16 38
76 39 5 53
78 69 6 48
28 89 26 51
19 21 79 8
94 26 6 86
60 27 60 34
0 49 12 5
79 7 41 10
33 100 53 28
43 56 3 86
26 67 75 14
47 0 19 62
97 92 28 8
62 30 3 4
58 43 2 25
32 43 40 32
49 50 76 20
15 64 3 84
18 82 26 27
40 54 32 31
14 50 5 90
36 56 32 44
17 97 93 6
76 49 17 44
22 27 28 25
98 81 32 23
75 80 6 40
69 50 11 65
3 25 30 18
68 98 15 30
70 66 67 23
68 64 14 19
45 79 19 36
57 99 26 51
19 14 58 23
99 61 15 12
34 82 36 42
94 48 19 65
57 16 57 34
61 7 17 18
68 42 28 20
71 74 84 5
94 74 72 23
8 66 12 82
74 0 42 53
95 55 2 6
95 63 27 53
24 93 88 9
18 5 50 23
3 83 25 11
81 17 3 83
76 38 46 28
40 38 3 43
13 59 57 16
23 12 18 75
87 85 9 47
4 78 13 70
1 30 2 52
17 1 54 9
15 90 7 22
29 17 23 65
100 45 50 5
91 98 14 62
73 76 31 4
49 6 14 1
32 76 0 23
31 85 53 9
29 76 47 0
26 30 42 45
91 57 0 26
51 5 15 82
35 73 44 12
19 42 45 3
29 66 16 41
50 51 23 13
