10
88 84
10 20 30 32 11 73 58 74 3 20 63 68 84 71 25 79 17 17 60 57 76 10 3 27 27 56 44 20 6 43 67 55 18 52 2 29 80 59 58 82 34 36 21 74 63 45 24 79 18 83 8 9 9 10 75 75 65 74 10 70 33 76 81 6 83 82 74 78 13 4 31 46 39 52 75 57 52 15 8 25 13 15 33 61 64 24 51 44
85 56
13 1 36 37 19 35 47 36 12 43 11 43 44 34 50 7 46 29 21 37 54 17 7 42 50 42 21 44 41 18 32 54 18 12 18 20 30 48 40 25 34 34 51 22 51 44 12 41 1 32 5 54 32 12 39 25 53 4 53 38 5 12 19 6 7 20 26 36 12 9 45 29 42 39 50 21 27 45 5 11 4 9 8 36 4
67 27
8 5 3 27 20 15 3 4 26 9 26 9 2 22 17 15 12 4 16 7 10 12 2 26 26 27 3 24 8 8 5 4 1 7 19 21 10 21 13 25 3 27 6 20 21 11 7 21 3 12 17 13 12 7 27 26 22 19 23 3 15 27 22 15 22 14 24
57 37
3 32 26 13 19 9 11 21 10 29 5 14 3 34 33 36 21 31 9 25 17 21 25 13 15 13 10 21 10 19 28 27 13 31 3 9 2 28 29 12 19 12 3 36 23 36 35 6 29 21 8 23 4 32 35 18 23
65 14
13 2 1 8 5 9 3 8 6 13 3 9 2 1 12 14 7 12 10 14 14 6 3 10 4 5 4 4 7 2 1 5 1 13 11 3 8 13 10 11 9 13 5 11 11 14 10 3 10 5 3 9 8 3 3 11 5 4 12 12 5 13 14 5 9
19 85
44 42 46 46 1 43 55 15 59 76 32 68 35 64 17 40 82 70 30
30 73
65 34 42 2 73 11 39 26 67 70 12 71 20 17 3 43 4 37 53 18 40 36 13 49 36 38 66 55 50 62
70 51
50 7 42 27 5 40 19 45 41 20 24 37 25 11 7 24 4 34 30 12 26 27 15 35 3 48 37 26 32 3 24 4 10 15 30 39 28 23 6 18 42 29 3 40 13 34 12 17 16 15 2 15 41 16 50 44 12 9 43 18 11 16 21 45 4 25 32 31 21 37
69 83
48 48 9 64 14 46 20 58 49 46 76 15 58 60 36 3 49 64 48 16 37 24 6 3 39 23 72 56 63 70 35 30 37 46 13 51 9 32 28 60 80 23 74 57 2 30 63 50 13 27 69 52 53 77 57 8 19 45 66 1 34 21 31 74 66 43 41 77 78
30 100
6 60 18 19 46 84 74 59 74 38 90 84 8 79 58 15 72 30 1 60 19 39 26 89 75 34 58 82 94 59
