10
91 29
4 5 23 23 12 15 21 19 18 20 17 12 27 7 11 9 21 20 1 18 25 7 7 26 11 4 13 24 7 19 10 11 15 24 25 27 9 16 8 19 27 25 1 16 2 3 24 14 22 17 2 17 15 29 6 25 3 18 12 2 7 13 4 14 8 28 11 8 6 10 26 24 5 19 2 7 21 17 12 6 4 14 14 19 5 19 6 8 8 17 9
32 47
45 30 41 45 22 15 36 41 10 5 14 1 7 6 26 38 2 27 4 26 36 12 39 8 14 47 42 30 23 23 4 20
93 20
6 10 14 5 12 6 11 9 4 6 7 16 20 10 1 8 7 4 18 17 2 6 1 17 16 11 19 12 3 13 17 20 2 11 5 13 8 15 1 4 13 19 11 4 8 11 11 14 15 20 3 8 5 3 16 13 5 15 4 19 7 1 19 20 3 3 4 2 9 4 5 13 3 15 16 2 18 6 8 12 17 10 19 2 4 14 14 8 20 9 7 18 1
17 21
1 5 7 10 10 3 19 9 7 21 12 19 5 8 5 10 4
54 32
30 10 27 11 6 3 4 28 24 20 8 21 27 18 4 19 4 15 15 23 28 22 18 23 14 2 12 9 18 15 6 16 24 1 26 29 3 29 24 26 17 31 14 11 16 18 29 20 32 11 10 28 1 27
41 68
4 53 27 50 11 4 1 7 12 34 23 22 11 55 40 55 13 21 21 1 2 25 12 46 7 17 29 39 56 2 33 67 62 59 56 5 2 56 11 14 30
75 35
24 16 3 33 33 22 5 22 2 15 1 29 30 24 34 31 29 33 6 2 35 13 32 13 33 20 23 27 8 23 2 31 4 4 5 1 2 21 22 4 35 34 9 29 34 8 1 28 5 6 6 16 18 14 28 28 33 27 19 5 15 20 12 30 1 28 30 2 13 28 17 12 3 26 18
43 61
46 25 29 33 32 56 32 47 40 35 4 50 49 38 53 29 29 24 40 31 40 53 50 46 2 15 6 43 57 23 5 41 48 36 14 20 30 46 5 10 21 11 59
27 48
42 29 27 21 29 25 42 47 18 43 7 15 24 40 26 32 25 14 26 31 42 30 32 2 9 40 5
100 61
60 18 2 37 36 14 55 24 7 6 61 46 17 55 30 13 42 37 14 10 32 50 53 47 54 23 5 9 12 36 20 12 55 23 48 31 38 43 54 45 48 55 29 5 48 60 20 30 36 33 40 6 24 33 52 18 56 58 26 8 32 47 19 27 9 7 58 46 51 52 31 38 48 61 44 36 60 2 5 34 37 46 41 60 17 32 18 13 28 44 20 1 31 40 27 41 48 23 26 38
