10
97 84
4 7 45 42 43 66 56 19 71 82 64 70 48 37 40 64 44 29 13 79 19 54 61 66 47 18 55 30 48 44 40 51 6 84 48 48 21 19 23 47 56 42 32 19 34 28 39 34 12 51 28 30 60 4 11 23 61 21 8 64 20 47 30 25 2 78 29 22 52 51 68 24 48 56 82 38 39 36 71 50 43 14 79 18 57 45 80 74 66 44 53 1 6 39 26 48 72
47 48
3 16 13 30 3 44 4 16 14 27 2 3 21 43 45 43 20 45 26 33 2 21 1 7 43 19 12 6 6 45 46 9 12 10 6 30 21 9 14 34 36 15 36 24 26 48 18
99 81
6 11 5 45 39 53 1 1 26 43 1 52 47 57 46 17 34 70 50 33 44 35 72 56 39 18 13 47 9 9 11 30 35 16 75 74 3 75 9 29 37 9 15 2 1 77 18 34 65 2 66 43 37 73 33 75 9 46 56 33 54 2 63 8 17 56 16 35 65 24 79 20 48 29 37 48 24 71 81 23 72 1 65 27 73 16 36 16 61 27 48 34 28 45 57 60 35 72 13
100 19
11 6 4 6 12 13 11 19 13 1 10 13 15 11 12 10 15 13 11 1 11 13 19 15 5 15 10 15 8 17 4 15 3 4 17 14 16 8 10 7 8 1 16 19 8 9 6 3 2 16 4 12 9 19 5 10 15 14 5 19 11 5 14 10 9 11 2 5 18 11 8 3 8 5 18 15 13 1 15 11 17 18 1 3 17 5 13 9 15 17 8 3 19 2 12 8 9 10 9 4
68 78
41 33 66 70 54 27 9 53 37 43 38 38 19 78 11 8 58 52 29 67 40 40 39 41 43 11 64 16 5 5 58 45 66 45 65 41 21 23 43 8 15 30 45 33 29 6 41 8 57 19 25 19 8 13 59 50 23 72 15 27 77 73 22 14 67 36 4 10
93 81
80 18 48 77 21 80 76 53 25 76 26 29 25 48 12 35 35 64 34 63 65 69 31 78 8 34 38 56 5 17 5 19 50 52 15 5 51 9 58 10 3 2 54 43 66 65 12 35 63 62 32 46 49 62 42 73 31 14 47 35 46 68 70 14 54 3 19 39 27 11 48 46 28 36 7 12 35 19 63 17 80 13 78 63 10 55 70 40 68 36 9 33 38
39 23
15 13 7 20 9 8 23 18 4 8 12 13 17 15 14 17 9 13 10 19 13 3 4 9 1 13 11 21 10 19 19 2 8 19 15 10 4 14 4
60 45
34 39 44 3 44 41 14 41 24 22 20 34 9 38 20 39 28 37 4 40 42 35 13 26 38 35 41 18 5 27 25 45 27 23 9 32 19 22 34 4 5 8 45 21 7 26 21 42 24 24 36 21 21 3 8 13 45 3 30 4
67 85
18 34 42 16 61 67 50 14 53 46 34 2 21 75 14 11 18 37 60 54 44 57 58 6 19 42 20 4 2 67 40 19 16 81 77 76 20 83 46 72 43 79 30 21 26 43 73 43 79 47 53 38 60 68 85 79 24 20 39 26 1 78 1 58 30 34 48
99 34
17 26 14 27 21 17 9 3 4 26 14 8 1 25 33 34 32 17 7 25 21 23 17 13 23 23 26 31 11 31 27 27 23 14 27 9 4 2 12 8 1 33 23 1 31 29 9 28 12 23 27 32 11 9 19 7 31 10 11 7 6 4 33 28 25 26 11 29 1 30 10 9 28 32 17 32 34 25 33 11 13 25 17 31 33 1 12 30 10 22 10 23 33 9 25 24 8 1 26
