74 0 7 0 0 0 0 0 136 0 44 0 0 0 0 0 150 0 0 0 0 0 0 0 0 0 0 0 83 0 90 0 0 0 0 60 0 0 0 0 0 102 0 0 71 0 0 15 0 0 0 61 0 0 0 0 0 0 0 0 0 0 0 0 0 0 87 104 0 0 0 0 0 0 0 0 0 0 0 0 0 0 0 0 0 0 0 0 0 0 0 0 0 0 0 0 0 0 
0 0 0 114 161 0 120 0 102 100 0 177 140 37 0 0 169 159 0 149 0 0 0 143 0 146 132 125 176 19 0 179 0 0 0 111 136 0 148 75 0 0 147 0 147 0 25 0 0 68 0 67 25 134 132 0 0 51 102 119 171 0 0 146 0 105 123 0 0 125 137 113 0 45 0 31 0 74 0 25 0 34 111 105 100 0 0 0 4 0 0 131 169 65 0 0 0 93 0 0 77 0 0 0 0 30 84 0 0 0 130 146 0 0 52 0 0 94 0 0 0 0 0 0 0 0 91 0 0 0 0 0 86 26 0 0 99 29 0 0 0 0 60 77 0 0 0 0 0 0 0 23 0 0 0 0 0 19 0 0 0 36 54 0 0 0 0 0 0 0 0 0 0 0 0 0 0 0 0 0 5 0 0 0 0 0 0 
82 0 0 0 0 104 0 1 152 83 0 0 0 148 116 0 0 0 77 0 0 128 0 0 0 0 0 0 0 0 175 0 87 0 105 0 7 0 0 0 0 0 0 0 29 0 0 0 0 0 0 0 0 0 0 120 0 0 0 0 0 0 0 0 0 0 0 17 0 0 0 0 0 0 0 0 31 0 0 0 0 0 0 0 0 0 0 0 0 0 0 0 0 0 
147 103 141 0 0 139 55 53 129 0 31 0 0 124 0 147 85 137 0 0 104 93 105 64 79 41 121 0 118 27 79 152 108 0 31 0 27 93 16 40 0 125 0 108 94 0 80 90 0 0 0 45 107 69 143 146 139 86 117 83 105 180 0 71 0 0 55 170 0 0 11 0 0 5 0 0 130 140 0 0 92 0 0 0 0 83 0 48 0 0 148 143 0 16 0 0 0 0 0 45 0 138 0 0 138 119 112 0 23 61 0 0 0 0 12 38 25 0 0 91 0 113 0 0 39 24 0 0 4 0 0 0 0 0 0 0 28 0 35 77 0 37 0 0 0 45 0 0 0 0 0 53 11 0 0 0 0 0 0 0 0 0 0 0 0 0 0 0 0 0 0 0 0 0 0 0 0 0 0 0 0 0 0 0 
87 49 102 12 0 0 0 0 171 0 105 0 0 106 0 120 122 0 0 0 17 0 0 0 0 0 0 0 143 0 0 0 0 0 0 137 0 0 0 132 0 0 0 0 0 0 20 0 0 0 0 0 32 0 0 0 0 0 0 0 0 0 0 0 75 0 0 0 0 0 0 0 0 0 0 0 0 0 23 0 50 0 0 0 0 0 0 0 0 3 0 0 0 0 0 0 0 0 0 0 0 
154 0 0 121 0 141 120 17 0 40 107 60 0 0 77 155 80 86 70 55 57 0 0 113 0 0 0 97 113 136 59 0 148 119 0 143 0 148 0 0 0 0 36 0 89 169 187 115 0 0 5 155 0 142 0 84 0 140 144 0 0 0 136 94 0 29 110 114 42 0 0 43 133 46 146 106 61 0 1 20 0 163 58 101 112 118 122 0 0 0 135 145 0 0 71 167 142 0 9 0 0 0 123 0 145 0 0 0 51 0 0 0 0 0 13 0 0 31 0 0 0 0 39 0 0 0 0 0 0 0 0 0 0 0 37 0 0 0 51 0 0 34 46 0 0 77 0 9 0 0 0 61 0 0 0 43 0 0 53 0 0 0 0 0 0 0 0 0 0 0 33 0 0 0 0 0 0 0 0 0 0 0 0 0 
52 0 0 98 117 55 27 90 108 0 11 133 106 183 0 144 128 0 35 60 93 0 134 0 168 86 0 133 0 94 150 0 77 0 0 65 0 0 157 179 173 0 0 23 0 191 108 0 20 0 0 162 0 0 0 0 48 180 65 130 115 178 0 96 0 0 73 0 79 0 117 126 0 178 0 0 0 0 0 0 0 93 174 0 20 0 0 132 68 0 0 101 0 88 0 0 126 24 81 57 16 130 63 68 121 4 0 0 126 0 100 0 133 0 0 51 0 0 86 0 0 1 123 0 67 123 23 0 0 0 0 24 0 9 0 0 0 83 0 66 0 0 80 39 0 0 0 0 69 0 58 0 0 0 0 0 47 0 0 0 0 0 0 0 43 0 29 0 0 0 21 0 0 0 0 0 0 0 0 0 0 
124 157 0 0 0 0 0 0 0 0 126 79 55 135 185 168 128 165 0 29 9 95 0 0 135 0 0 170 0 181 0 0 0 139 93 134 0 15 0 0 74 102 154 43 0 114 155 33 83 154 139 112 117 108 0 100 0 0 1 98 0 139 0 173 0 103 0 0 106 0 0 0 0 0 0 0 0 185 0 93 0 0 10 0 0 120 40 0 108 104 18 0 125 95 0 0 0 154 0 51 0 47 150 0 119 0 69 65 0 0 114 0 110 86 8 0 119 0 0 0 0 0 0 112 24 0 0 0 0 0 0 47 0 0 0 0 0 0 0 0 0 0 58 0 0 0 0 0 17 0 59 0 13 0 0 11 0 0 0 0 0 0 0 10 17 0 0 0 0 0 0 0 0 0 
0 1 36 32 0 0 0 77 35 127 121 5 120 56 175 0 187 65 143 82 0 111 144 139 79 0 128 140 91 0 114 94 0 176 0 46 126 0 0 62 113 116 0 0 81 0 0 0 70 0 171 0 127 134 94 0 0 116 140 153 108 0 0 21 0 108 0 0 40 0 0 0 27 0 0 0 0 178 53 0 0 47 0 101 169 0 112 117 139 128 0 0 23 0 93 0 96 0 144 0 20 0 75 56 0 83 121 0 41 0 32 0 0 68 141 0 0 132 2 0 0 37 80 99 0 99 0 66 0 0 0 0 0 0 0 0 0 0 28 0 0 0 60 34 0 0 0 0 0 0 0 19 0 4 0 0 0 0 0 23 0 0 0 38 30 0 1 0 0 0 0 0 0 
78 0 72 55 0 0 76 0 0 0 0 0 0 88 123 0 100 0 0 0 0 0 34 31 0 0 0 0 0 94 46 0 0 0 0 0 0 0 0 150 0 0 0 101 0 0 137 0 0 0 0 0 0 0 0 0 0 0 0 0 0 0 0 0 0 0 0 0 0 0 0 0 0 0 0 0 0 0 0 0 0 0 0 0 0 0 0 0 0 0 0 0 0 0 
53 87 0 0 113 79 0 0 101 0 0 0 17 92 136 0 0 0 0 0 0 0 0 16 54 126 0 93 0 17 0 105 27 0 128 0 0 0 0 0 0 0 0 0 0 0 0 0 0 0 0 0 0 0 106 0 0 12 0 0 0 0 0 0 0 0 0 0 0 0 0 0 0 0 0 0 0 0 
83 0 0 123 0 134 0 0 149 64 0 143 33 16 0 53 103 0 112 0 0 0 67 5 0 113 0 107 120 0 0 0 79 128 71 135 0 0 124 0 0 0 111 0 130 57 0 111 0 72 75 0 140 139 96 192 0 12 0 0 0 0 140 0 0 132 0 0 133 124 111 0 67 0 15 91 114 95 0 0 0 0 131 0 0 0 132 143 171 0 105 8 105 0 0 94 0 0 140 47 129 50 10 109 33 37 0 0 95 74 0 142 0 23 47 107 0 0 119 0 72 0 127 121 0 0 115 14 117 81 24 56 111 0 33 0 14 25 0 0 0 0 0 0 0 0 0 0 0 0 0 0 0 0 0 0 0 0 0 0 0 0 0 0 0 0 0 0 0 0 0 0 0 0 0 2 0 0 0 0 0 0 
0 0 130 131 36 0 0 23 148 101 75 169 140 176 188 0 89 176 0 100 91 0 6 137 122 0 0 0 0 0 97 0 0 141 80 0 78 21 114 0 101 1 0 34 0 0 131 70 0 0 0 0 118 0 9 52 144 0 121 129 138 0 0 157 0 61 196 0 0 0 112 46 133 103 0 76 0 0 52 0 71 0 99 109 0 0 0 0 0 47 0 0 0 132 0 0 140 91 0 128 122 0 0 28 130 65 0 13 0 0 89 0 0 0 39 116 0 15 0 125 0 0 77 0 114 0 0 30 0 31 52 0 82 0 0 0 6 70 70 40 0 0 0 25 0 59 0 65 0 0 0 0 0 15 0 0 0 25 0 8 0 0 0 0 0 0 0 0 0 0 0 0 0 0 0 0 0 0 
33 122 0 40 97 0 174 0 0 166 94 0 116 131 0 0 134 68 117 114 42 0 0 93 0 0 27 30 0 117 0 66 0 0 53 0 137 0 94 77 113 87 0 91 0 0 48 0 113 59 107 134 56 100 70 148 107 0 0 113 0 8 0 55 132 54 0 0 163 6 0 156 0 36 30 138 1 129 108 0 0 134 127 155 0 125 148 0 161 0 0 0 0 0 88 0 0 0 67 0 125 0 0 121 126 110 77 0 2 59 0 0 0 0 0 41 72 0 0 0 20 0 65 0 0 16 0 96 74 25 98 0 15 0 0 2 0 0 0 0 64 0 0 0 9 37 0 0 0 0 0 0 0 0 0 0 0 50 0 0 0 25 0 0 0 0 0 0 0 0 0 0 0 
0 171 37 0 146 76 43 74 145 184 0 0 124 0 53 36 132 0 0 0 161 0 34 0 136 0 83 64 0 0 100 122 0 0 150 74 129 80 0 0 27 0 0 79 109 80 0 132 0 0 0 97 59 0 0 129 0 12 75 129 92 165 80 0 116 149 0 0 52 0 0 74 98 0 102 143 97 141 0 0 109 66 0 17 0 56 48 0 29 7 0 0 54 0 0 0 0 114 0 0 0 0 78 73 0 0 60 21 0 80 0 28 0 0 0 0 0 68 79 1 0 0 0 0 0 0 0 79 0 81 0 0 0 0 0 0 0 61 0 0 0 20 0 0 0 0 0 33 0 60 15 0 43 52 0 0 0 42 0 0 5 0 0 0 0 0 0 0 0 0 0 0 0 0 0 0 1 0 0 0 
145 0 0 43 144 54 175 106 111 70 0 87 0 128 0 119 0 191 0 0 22 54 190 41 105 122 0 40 0 68 0 0 57 0 0 0 0 0 61 171 0 0 0 11 0 0 107 88 62 0 124 178 0 129 0 0 131 133 0 55 0 0 114 89 0 76 0 105 0 0 85 0 0 0 141 122 0 0 0 0 0 0 0 0 0 0 0 112 117 0 0 120 0 0 0 0 128 1 32 85 72 0 131 139 0 0 0 0 0 0 103 0 0 0 0 0 0 0 0 0 43 127 0 0 99 9 0 0 113 27 0 0 89 0 0 0 51 46 0 0 0 72 92 0 0 14 0 0 0 0 62 0 64 0 0 0 0 8 0 0 0 0 0 0 0 0 17 0 0 0 0 0 0 20 22 0 0 0 0 0 0 0 0 0 0 
70 0 0 0 0 0 0 174 0 0 0 0 110 19 50 0 0 0 0 0 0 0 0 0 0 0 0 0 0 112 0 0 0 0 0 0 6 0 128 94 0 0 0 0 0 0 0 136 0 0 0 0 45 0 0 0 0 0 0 15 0 0 0 0 0 0 0 0 0 0 0 0 0 0 0 0 0 15 0 0 0 0 0 0 0 0 0 
62 0 0 0 0 0 0 0 0 0 122 0 0 12 0 0 0 0 144 0 0 0 0 0 0 0 0 0 25 0 0 55 0 0 70 0 0 0 0 0 0 0 51 5 0 0 0 0 120 0 62 0 7 0 29 0 0 0 45 0 0 0 0 0 0 0 0 0 0 0 13 0 0 0 0 0 0 0 0 0 0 0 0 
75 70 0 70 0 0 0 0 0 82 44 74 0 1 0 63 13 47 0 0 0 76 0 0 0 13 0 0 0 102 88 0 0 0 0 0 0 0 0 0 29 0 0 0 0 108 44 0 0 0 0 0 72 0 0 0 0 20 91 0 0 0 0 68 0 0 0 0 0 0 0 0 0 0 0 0 0 0 0 0 0 0 0 0 0 0 0 0 0 0 
103 152 0 24 71 144 0 0 0 0 86 123 50 0 0 55 0 0 0 149 0 98 122 0 0 128 0 0 149 0 0 51 0 122 107 37 48 0 0 0 117 68 113 0 2 120 0 0 0 113 24 0 166 91 0 0 26 0 50 0 0 119 0 0 0 114 0 17 55 23 0 0 92 0 0 109 0 122 155 100 0 110 0 88 0 2 24 57 0 125 90 0 29 0 6 0 137 0 0 106 0 133 19 0 132 0 0 4 0 0 118 22 0 0 0 0 48 1 91 0 0 0 0 0 0 0 90 0 0 0 72 0 55 0 19 0 0 0 0 0 65 0 22 0 0 0 42 0 58 8 0 0 0 0 2 0 0 0 33 0 0 0 31 0 0 0 13 0 0 0 0 17 0 0 0 0 0 0 
69 138 0 62 0 0 0 0 118 89 0 0 123 0 0 0 0 0 0 0 0 89 0 0 0 0 130 0 0 0 133 0 0 0 97 82 0 0 0 0 0 0 0 0 0 0 0 0 0 0 0 0 130 0 0 0 0 0 0 0 0 0 0 0 0 0 0 0 0 0 0 17 0 59 0 0 0 0 0 0 0 0 0 0 0 0 
72 111 0 0 45 0 0 0 0 0 0 0 0 6 58 0 0 0 116 84 0 0 0 0 0 0 0 0 120 0 0 84 87 52 0 119 0 0 0 0 0 0 0 0 68 84 99 76 0 0 0 0 0 0 0 0 0 0 0 0 0 84 0 0 0 12 0 0 0 0 0 0 0 0 0 0 4 0 0 0 0 0 0 0 0 0 0 
80 0 0 39 0 0 0 0 0 0 0 25 0 0 0 0 0 0 0 0 0 0 0 0 0 81 0 0 119 0 0 0 0 0 0 0 0 0 0 0 133 121 100 0 0 0 0 0 0 0 133 0 0 0 0 0 0 0 0 0 0 0 0 0 0 0 0 0 0 0 0 0 53 0 0 0 51 0 0 0 0 4 0 0 0 0 19 0 0 0 0 0 0 0 0 0 0 0 
76 0 107 125 0 0 0 0 0 133 0 0 0 0 0 0 0 136 0 0 0 0 0 0 0 0 0 111 0 0 0 0 0 0 0 0 0 0 0 38 0 0 0 0 0 0 0 0 89 0 0 0 0 118 10 120 0 0 0 5 0 0 0 0 0 0 0 0 0 0 0 0 0 0 0 0 0 0 20 0 44 0 0 0 0 0 0 0 0 0 0 0 
79 24 0 0 0 6 0 0 108 42 144 0 134 0 0 0 103 0 0 124 0 0 0 4 0 0 83 0 0 0 0 0 0 0 0 0 0 0 0 0 0 0 0 0 0 0 0 0 0 0 0 0 0 0 0 0 0 0 0 0 0 0 0 0 0 0 0 0 0 0 57 0 0 0 0 0 0 0 0 0 0 0 0 0 0 0 0 2 0 0 0 0 0 0 0 0 0 
96 0 89 0 0 0 0 31 0 30 0 0 0 136 0 0 153 110 0 0 86 0 0 0 88 0 0 0 63 132 160 127 110 3 0 76 0 0 94 0 0 0 0 127 0 0 0 0 0 0 0 0 0 3 0 0 0 0 30 0 0 0 0 0 0 0 77 0 0 21 0 0 0 0 0 0 0 42 0 0 0 0 0 0 0 0 0 0 0 0 0 0 
90 0 0 37 71 0 0 0 0 0 0 0 114 0 53 0 32 0 0 0 0 61 0 0 0 121 0 7 31 52 134 0 0 0 0 0 15 15 0 0 0 0 0 0 0 0 0 0 0 81 0 0 0 9 0 0 0 0 0 0 0 0 0 0 43 0 0 0 0 0 0 59 0 0 0 0 0 0 0 7 0 0 1 0 0 0 0 0 0 0 0 0 0 0 0 0 
43 81 18 0 116 64 0 127 2 0 0 89 0 0 0 90 137 70 119 78 18 0 0 0 0 79 67 101 69 76 44 15 31 129 0 0 0 172 102 0 0 130 0 64 126 0 0 127 90 0 110 80 0 0 101 169 63 84 3 0 0 124 0 88 167 0 47 117 85 0 0 0 45 71 0 0 93 138 0 0 0 0 2 0 0 69 135 107 0 0 138 109 133 123 0 0 107 127 29 0 30 0 0 39 0 114 0 16 0 0 0 0 0 0 0 0 0 0 0 0 0 0 0 0 0 65 0 0 89 0 0 0 0 0 0 0 0 0 0 0 0 0 0 0 0 19 0 0 0 0 61 0 0 0 0 8 0 28 0 0 0 0 0 0 0 0 16 0 0 0 8 0 0 0 0 0 0 0 0 
22 0 54 0 36 145 0 154 45 71 0 134 0 0 44 92 88 0 40 84 0 0 113 0 131 60 0 133 118 0 87 0 0 0 88 19 74 0 112 82 0 0 0 0 0 0 57 31 36 0 0 81 114 33 144 102 155 0 0 84 0 0 0 0 99 104 0 0 0 0 56 0 157 95 97 0 0 71 41 0 0 126 0 154 118 131 108 0 0 0 14 0 0 122 0 87 130 0 0 0 0 0 0 85 0 0 95 38 0 0 0 45 47 0 0 0 0 0 68 0 94 0 0 0 0 0 0 0 0 0 9 77 20 73 0 0 0 0 0 36 0 53 0 0 0 0 0 0 0 0 0 0 38 0 9 0 0 0 0 9 0 10 0 0 0 0 0 0 0 0 0 0 
0 143 133 92 46 51 126 0 167 71 0 0 131 0 105 0 133 0 117 0 109 31 85 101 117 0 138 156 0 0 0 125 65 0 0 112 137 166 0 0 157 0 118 60 104 0 84 131 164 0 141 97 0 89 132 27 0 0 0 14 95 37 0 41 147 64 79 109 125 0 0 0 0 158 0 0 126 0 0 0 0 0 0 124 0 130 79 0 108 0 0 55 0 0 0 0 72 0 0 60 82 0 0 47 0 2 0 125 0 0 0 0 4 0 0 0 0 0 0 0 0 0 0 0 0 0 0 0 0 0 0 0 0 0 0 58 0 0 0 0 24 35 0 0 0 0 4 0 0 0 0 0 0 0 0 0 0 13 14 0 0 0 0 0 0 0 0 0 0 0 
68 0 0 51 40 0 0 0 0 86 0 0 0 0 0 0 101 0 21 0 0 35 0 0 143 0 0 0 37 0 0 0 0 0 0 102 0 0 0 0 0 0 0 0 0 67 0 0 0 0 0 0 33 0 0 0 0 0 10 35 0 0 0 0 0 0 0 0 0 0 0 0 0 0 0 0 0 0 0 0 0 0 0 0 0 0 
0 116 95 5 8 0 0 145 81 101 161 13 166 66 0 28 112 0 0 0 0 112 0 0 11 54 0 0 0 88 0 112 106 86 146 6 54 99 108 120 123 75 0 0 0 107 64 0 92 0 72 171 78 31 0 91 8 116 0 133 89 128 0 0 78 0 0 64 0 56 26 69 146 133 110 0 0 102 0 126 100 0 10 119 0 0 51 0 0 116 0 0 125 0 0 0 0 90 127 21 0 33 92 0 50 0 96 0 31 0 0 0 4 0 0 0 55 0 0 0 0 51 0 0 0 0 0 23 9 0 0 0 84 0 0 0 21 0 0 0 0 20 0 0 40 0 0 0 0 0 0 0 0 0 0 0 0 0 0 0 0 0 0 0 
88 31 0 0 0 0 0 0 108 0 0 0 0 0 49 0 0 0 114 0 5 105 53 127 0 0 161 0 0 0 30 0 1 0 0 109 0 104 0 0 0 68 105 0 43 0 19 0 0 0 0 0 0 0 0 0 0 0 77 0 65 41 0 0 0 0 0 0 0 0 0 0 0 0 26 19 0 0 0 0 0 0 0 0 0 0 0 0 0 0 0 
0 0 0 105 131 162 29 0 126 110 49 86 143 103 69 73 117 0 69 0 0 0 68 0 0 106 157 72 0 47 37 86 9 44 152 15 50 71 0 89 0 96 113 112 102 39 16 113 0 66 0 127 0 73 92 0 0 0 0 122 46 0 0 0 0 0 0 124 91 114 80 107 0 0 0 0 15 102 109 0 41 0 127 0 0 108 88 97 0 26 12 56 92 0 101 0 86 0 0 0 113 0 0 0 0 0 0 16 0 35 105 114 0 0 0 0 0 0 0 0 20 0 59 10 0 0 0 11 0 0 0 67 12 0 0 0 0 46 58 0 0 0 0 0 46 0 0 0 0 0 0 0 0 0 0 0 0 0 0 0 0 0 0 0 0 0 0 0 0 0 0 0 
69 0 0 31 0 0 0 0 0 0 0 0 119 69 108 107 0 96 69 131 0 0 0 0 0 0 0 0 55 0 0 0 0 0 0 0 0 0 0 0 0 0 107 0 0 30 0 94 0 0 0 0 0 0 57 0 0 9 0 0 0 0 0 0 0 0 0 0 0 0 0 0 0 0 0 0 0 43 0 0 0 0 0 0 0 0 0 
66 73 0 0 0 0 0 0 0 0 0 109 0 0 0 0 0 0 131 0 69 0 0 0 0 0 0 106 9 0 0 0 32 0 123 0 0 0 36 0 0 0 57 0 0 0 112 0 0 0 0 68 0 0 0 0 0 0 65 0 0 0 0 0 0 0 0 0 0 0 0 0 0 0 23 0 24 0 0 0 0 0 0 0 
69 0 0 101 108 0 0 91 0 0 0 57 0 0 0 0 0 0 0 0 0 0 0 69 0 0 126 0 0 27 111 0 0 0 0 0 0 0 0 110 0 0 129 107 0 89 0 0 124 0 0 0 39 0 0 0 0 0 0 0 0 0 0 0 0 0 0 0 0 0 0 51 62 0 0 0 0 0 0 0 0 0 0 0 0 0 0 0 0 0 
96 8 0 0 0 125 16 0 94 0 47 0 0 0 0 0 89 109 0 0 0 95 0 0 0 0 0 108 0 9 0 102 0 0 12 166 0 0 0 0 0 0 0 112 0 0 0 0 0 0 0 0 0 0 0 53 0 0 0 0 68 0 0 0 0 0 0 0 0 0 9 0 0 0 0 0 0 0 0 0 0 0 0 0 0 0 0 0 0 0 0 0 0 0 0 0 0 0 
0 1 125 0 0 180 62 70 0 0 0 53 107 100 0 92 146 92 0 145 9 115 109 126 49 109 0 82 132 112 0 29 0 0 123 55 127 0 0 0 72 80 115 6 0 35 0 115 90 0 0 90 0 16 0 111 0 0 0 96 120 69 0 149 35 0 161 134 91 0 0 82 135 3 67 0 76 0 96 0 0 0 0 103 0 0 11 0 0 13 0 41 0 0 0 112 0 0 0 0 0 27 0 0 0 0 0 41 77 0 0 17 0 0 0 0 0 0 0 14 0 0 0 74 0 0 0 0 0 45 0 12 0 0 0 7 0 0 0 0 0 0 0 0 0 20 0 0 0 0 24 0 0 0 17 0 0 0 0 0 0 0 
0 0 98 112 124 172 21 63 126 106 80 159 100 142 146 0 105 0 0 109 0 4 102 62 29 97 0 131 43 42 0 0 78 0 42 0 48 161 0 106 0 0 119 150 0 0 63 0 0 97 158 50 0 0 120 0 0 0 0 0 0 30 126 0 110 0 13 90 53 0 55 0 0 0 100 0 0 42 92 18 98 116 0 0 3 115 0 114 98 0 0 63 115 0 0 0 0 0 0 99 28 32 98 0 97 0 0 0 0 13 0 0 90 0 0 11 47 0 0 0 0 82 0 0 11 0 0 35 59 31 9 0 0 0 0 0 0 18 25 0 0 30 0 0 0 0 0 0 0 0 0 0 0 0 0 0 0 0 
44 0 88 0 0 30 128 88 156 0 153 115 42 38 0 0 132 0 0 139 153 0 12 0 35 100 130 0 60 106 0 85 128 0 168 146 115 0 5 112 109 99 0 0 167 0 57 0 38 0 0 63 80 99 98 98 0 91 0 121 0 0 0 0 135 0 106 100 42 114 74 100 0 0 0 0 0 30 0 78 0 0 56 31 0 0 0 0 117 0 0 18 0 94 0 86 110 100 38 0 0 0 0 0 0 0 0 0 3 13 0 71 71 0 56 0 77 0 0 0 0 65 0 10 0 0 0 0 0 0 0 0 0 52 0 34 32 15 0 0 0 0 0 0 21 0 0 0 0 0 0 0 0 
75 0 63 112 0 0 0 0 75 0 0 0 0 0 0 0 0 0 0 0 125 0 0 0 0 0 0 120 0 4 0 0 42 0 37 0 0 2 27 0 0 0 65 0 0 0 0 0 0 0 0 0 0 0 0 74 40 0 0 0 0 0 0 0 14 0 0 0 0 0 0 0 5 0 0 0 0 0 0 0 0 0 0 0 
0 0 150 0 18 87 73 58 0 142 87 136 109 0 102 0 0 88 0 28 120 0 0 36 0 144 93 80 103 18 0 59 0 0 0 66 1 0 160 11 0 114 112 0 86 0 106 0 47 37 0 71 138 96 104 0 0 73 80 23 0 119 0 140 1 89 20 0 0 0 0 0 98 61 0 96 0 0 119 90 116 119 123 0 23 106 86 0 83 0 0 0 58 59 0 0 129 40 0 0 9 0 0 0 0 0 0 0 29 0 0 93 0 0 96 71 0 0 78 61 0 41 73 0 0 0 0 0 0 0 34 0 65 0 0 28 0 0 0 54 0 0 0 0 0 17 0 0 0 0 0 0 10 0 0 0 0 0 0 
101 106 90 0 0 0 0 101 0 0 0 62 0 105 0 0 48 0 0 0 0 119 102 0 87 0 99 0 0 143 0 0 0 114 0 0 0 0 0 0 99 90 0 0 0 0 0 0 0 78 0 0 0 0 0 0 0 0 0 0 0 0 0 0 0 0 0 0 0 0 0 0 39 0 0 0 64 0 0 5 0 45 0 0 18 0 0 0 0 0 0 0 0 0 0 0 0 
79 0 0 81 136 92 45 63 139 106 0 21 0 132 70 88 0 137 0 112 100 124 0 0 0 0 94 135 38 0 105 88 114 112 120 110 18 37 0 0 111 0 0 6 0 124 0 119 64 0 78 119 0 0 80 65 112 0 0 0 68 0 134 75 142 86 0 5 97 82 122 16 0 0 105 100 0 4 133 0 0 0 0 0 0 0 125 0 107 126 118 97 68 0 16 0 0 0 56 14 0 0 14 0 0 0 0 0 14 0 0 0 0 29 82 0 0 0 0 0 0 0 69 0 52 0 37 0 0 0 0 0 7 0 0 0 0 0 0 0 27 0 0 0 2 0 0 0 0 0 0 0 0 0 0 0 
0 106 39 0 17 125 0 67 0 0 0 0 90 0 0 0 52 114 0 118 68 0 23 0 0 0 113 0 0 0 0 95 3 0 117 115 115 80 113 0 0 106 92 30 114 13 53 103 100 93 0 41 108 0 0 23 0 168 26 0 94 26 0 124 53 121 0 0 0 0 96 0 105 0 128 115 113 0 139 0 17 91 97 0 0 32 0 106 0 32 0 114 0 0 0 0 0 46 125 0 0 0 0 56 0 0 100 108 0 0 87 0 0 0 0 0 71 0 0 0 71 0 0 0 0 0 0 0 18 22 0 0 0 0 0 0 0 0 48 0 32 0 0 0 0 0 0 0 0 0 0 0 0 0 0 0 0 0 0 0 0 0 
58 63 9 90 135 31 0 0 0 64 68 70 82 25 108 129 100 0 84 123 0 140 86 46 1 0 0 0 142 0 89 83 21 118 115 0 0 0 25 19 98 81 0 0 0 80 0 0 57 90 0 0 0 38 81 82 0 0 0 103 0 31 0 115 109 113 0 123 0 0 0 129 0 0 55 85 0 105 56 0 134 0 0 106 122 50 14 0 0 133 121 0 0 0 0 0 41 0 0 33 0 0 0 33 33 0 108 0 9 0 106 0 23 0 0 0 0 0 0 0 0 0 0 36 52 0 34 0 0 0 0 56 42 0 47 0 0 0 0 0 0 3 0 0 3 0 0 0 0 0 0 0 0 0 0 0 0 0 0 
112 142 0 0 0 0 123 113 0 37 0 13 78 0 0 97 0 0 184 0 35 0 90 104 124 0 0 0 42 87 66 53 14 106 84 115 0 59 0 149 69 96 0 0 0 0 22 0 0 100 100 99 0 69 129 47 0 0 0 5 92 0 90 84 0 95 0 120 125 93 61 109 0 0 3 0 0 0 0 98 114 112 0 88 39 0 45 0 0 36 0 76 0 0 0 0 0 0 0 0 0 5 70 0 0 110 0 58 0 0 0 28 0 0 0 0 0 0 0 0 0 62 0 81 0 20 0 0 0 0 0 0 51 0 0 0 0 0 0 0 0 0 0 0 0 0 0 0 0 0 0 0 0 14 0 0 0 0 0 0 0 0 0 0 0 0 0 
18 60 0 59 72 0 124 0 51 29 72 0 123 0 66 116 38 79 0 0 57 56 121 0 86 0 33 84 124 75 10 0 0 32 0 0 0 103 110 109 0 0 0 145 0 65 68 112 0 119 121 75 103 97 0 132 23 60 146 110 87 121 0 24 147 80 76 84 103 95 68 86 0 0 0 0 11 115 102 0 0 0 0 81 0 0 17 118 10 0 117 0 0 51 122 0 0 0 51 0 32 94 7 0 66 0 0 0 0 0 0 55 0 24 11 20 0 0 87 0 0 0 0 0 0 0 0 0 0 0 0 0 0 0 0 0 0 0 15 0 0 19 0 35 0 0 0 0 0 0 0 12 0 0 0 0 
16594 7396 6064 5712 0 0 17301 0 0 0 0 29497 0 0 19818 29683 18529 0 0 22292 5691 13626 0 0 12929 10186 28316 0 26735 0 14302 0 0 0 15462 0 0 0 14044 233 0 2960 24929 0 0 15575 0 20185 0 22261 0 0 0 0 0 0 22020 0 19377 14197 0 0 0 0 0 13762 0 0 0 0 5406 0 1610 12236 0 22139 23913 9660 0 0 0 0 0 22290 0 0 0 0 21463 20126 0 2213 0 0 0 14036 0 17094 4759 21898 0 0 0 4531 21212 0 0 0 0 0 0 0 0 0 0 595 0 0 32357 8093 0 0 0 0 23707 23019 0 0 0 0 0 0 0 23084 11479 0 0 13492 10639 0 0 21935 0 0 0 0 0 0 24069 0 6209 0 0 0 9573 0 0 0 21200 0 7839 15007 0 0 4148 0 20696 0 13333 0 0 0 0 0 28007 22110 0 22166 0 0 4544 0 5559 17969 0 21328 0 3345 3935 24335 13313 13276 0 0 0 23484 1379 0 0 0 0 0 3405 0 0 0 0 0 0 20065 0 0 0 0 0 0 0 0 20497 0 0 0 20793 14750 15879 8174 18180 0 0 6183 0 0 0 0 0 0 0 15246 13856 0 0 0 0 0 0 0 11766 0 0 0 0 19036 10755 0 0 0 0 3182 2010 0 0 4682 0 9333 0 16749 0 15500 0 14798 21527 0 22009 0 15902 20440 19344 0 0 19078 0 0 11366 22272 0 0 0 16110 15519 7803 0 0 0 2367 10023 0 0 19974 0 0 24808 0 0 0 9387 19355 0 0 0 13650 9808 0 23803 0 0 1567 14032 9545 0 18600 0 27739 0 0 11728 0 12168 0 0 24328 0 0 0 0 16511 19982 0 0 0 0 14588 8652 16009 0 0 0 0 0 0 0 0 6889 23223 0 0 0 0 20840 0 0 0 0 0 14008 0 0 0 0 0 0 15776 0 0 0 0 0 0 0 0 0 0 0 0 0 0 9445 0 0 0 0 0 7941 0 0 0 0 16659 0 0 0 0 0 0 0 23185 8990 0 0 0 24191 23792 0 0 0 0 14531 0 0 0 0 0 17968 16645 22300 19241 18677 16932 15055 7797 0 22137 0 0 0 0 17899 0 0 0 11664 0 14238 0 0 0 4768 0 0 2703 28778 9458 0 0 23690 0 0 0 17720 14907 0 21593 5628 0 0 0 0 0 0 0 0 0 14614 3272 0 0 8496 0 0 0 11390 0 0 0 0 0 0 0 0 0 0 3064 0 0 0 11909 0 0 0 0 3809 0 0 0 16823 0 0 0 0 0 0 30828 20457 10116 0 7558 0 0 7271 0 20505 0 0 10230 0 4475 0 0 11129 0 11376 0 17695 0 7394 0 0 0 0 0 3061 0 0 0 0 0 0 0 19297 0 0 11386 0 25351 24337 0 0 0 15863 0 0 0 0 4285 6963 0 0 31270 0 0 0 0 0 0 0 0 6561 0 0 0 0 10136 16585 0 0 0 23747 0 0 20880 0 17482 0 0 0 0 0 6397 26742 0 0 0 0 0 0 0 0 0 0 3742 1872 12198 0 5502 0 11194 0 0 24207 11473 0 4422 0 0 23919 10914 0 18305 0 0 23880 0 28876 2480 0 0 0 0 0 0 0 0 1708 0 0 0 0 0 21271 0 17498 11034 0 0 2266 0 24708 0 23218 0 0 0 0 0 0 0 0 0 0 0 24393 0 0 0 0 0 0 0 0 0 0 0 0 0 0 0 0 0 0 9660 0 5768 0 0 0 0 0 0 0 20932 0 0 0 0 21322 1218 0 0 0 21793 0 0 0 22456 0 0 8222 0 361 540 17704 0 0 0 16703 0 0 0 0 0 0 7664 0 0 0 0 0 0 0 0 18083 1236 29725 0 13794 0 22644 0 0 0 0 0 0 0 19705 17656 0 0 0 2107 24330 0 8463 13290 0 0 0 0 0 24253 0 29092 0 19850 0 0 16969 0 15114 0 0 15034 0 0 0 0 0 0 0 0 0 22258 0 0 15184 13025 0 34 0 0 0 0 0 0 0 0 0 35052 0 0 0 18796 0 14506 0 0 0 0 2787 0 7419 14920 0 0 0 0 4986 0 0 0 0 31969 0 0 0 0 0 0 0 24423 0 21550 0 9478 0 0 0 0 0 0 0 5765 0 0 0 21052 0 0 0 14392 0 0 433 0 0 13252 0 4743 0 15704 0 0 20571 19705 0 0 19770 5295 0 18139 0 0 0 0 0 0 0 0 0 8598 0 0 0 0 0 0 0 0 0 0 5034 0 0 8346 11170 20284 0 0 26337 2984 14984 0 0 0 0 0 0 0 0 0 8026 0 23615 0 3108 0 0 15472 0 0 18469 0 9353 8037 0 0 0 0 17549 0 0 24387 0 7921 0 4238 0 0 0 0 22957 20072 0 0 0 15365 0 0 0 0 0 15975 0 16787 0 0 0 0 0 0 0 0 0 0 19457 0 0 0 0 11841 0 5010 0 0 15659 0 0 0 3966 0 0 0 0 0 0 0 0 0 0 11648 14192 0 15130 0 0 12377 0 13979 0 3123 0 0 0 8084 0 0 0 0 0 23548 0 12715 1591 19718 3786 7941 22994 24788 0 5980 0 0 0 0 0 0 0 23528 6710 0 0 21357 0 0 0 8760 0 18008 0 22127 23674 0 0 6126 0 0 17482 0 0 0 16859 20113 0 17486 22915 0 2898 20974 16512 0 0 0 0 0 0 13261 0 0 0 0 0 0 0 5080 0 0 0 12628 16608 0 0 0 1562 15551 0 0 0 12518 6398 0 7745 0 0 0 20318 9457 0 0 0 0 0 0 0 0 0 0 15678 0 0 0 0 19710 0 0 10378 0 16375 12461 0 0 23529 0 17958 0 0 0 0 0 0 24284 0 0 13337 0 0 0 0 0 0 0 0 0 0 7359 0 0 0 0 21277 0 0 13560 0 0 12115 16523 0 0 0 19196 0 0 4711 15170 5137 25232 0 0 0 15866 0 15941 19515 28771 0 10260 30521 0 0 0 7490 23261 0 24134 16287 0 0 3624 0 0 0 0 0 0 0 0 3202 19558 0 0 0 11389 10400 9632 0 0 21528 0 0 0 0 0 1425 0 0 0 7772 0 0 0 0 0 0 0 0 0 10546 30314 0 0 0 0 0 13407 0 0 6948 0 0 0 0 0 0 21106 0 12945 0 0 7255 0 0 5109 0 0 17613 0 20891 0 0 0 0 0 25613 7448 0 22109 0 0 0 0 0 0 16829 0 0 0 11306 0 8138 0 23044 4795 0 12191 0 0 0 0 0 0 0 0 25743 0 6281 0 0 0 0 0 0 18380 0 0 0 0 0 12608 0 12175 0 0 0 0 11477 0 11698 0 0 0 22752 0 0 23955 0 0 0 0 0 20222 3863 13095 10463 0 0 0 0 18290 23814 0 5303 0 0 0 19288 0 0 0 0 0 1336 0 0 0 18768 0 0 0 0 0 0 0 0 0 0 0 0 8624 0 23620 0 0 7204 0 0 4054 0 0 0 0 0 0 7953 0 0 0 23908 14495 0 0 0 0 17192 0 0 0 0 0 0 0 0 0 0 0 0 0 0 0 0 6579 8352 0 0 0 0 17334 11998 23492 0 20453 0 0 0 0 6653 0 0 0 0 2768 0 0 0 0 0 14491 14711 0 2364 0 12597 0 0 0 0 0 9261 0 0 0 0 0 0 0 0 0 0 0 20458 0 0 0 11268 0 22632 0 0 0 0 0 0 13793 0 0 10223 8376 0 22290 0 0 0 708 15647 12356 0 0 0 0 0 0 0 0 23763 0 11326 0 17950 0 20572 0 0 0 0 18522 935 11776 0 0 0 0 0 15635 0 0 0 12603 0 0 0 7642 0 577 0 0 0 0 0 24380 0 0 0 0 29807 18268 0 0 0 0 0 0 0 0 0 0 0 21126 0 0 21392 0 14177 0 3366 0 0 0 6936 0 0 12928 0 0 21626 23271 14161 0 0 15598 0 8261 0 5548 0 0 0 19123 0 13326 17259 0 0 0 0 19637 20547 0 0 10966 0 0 11781 13411 0 0 0 0 26071 0 16545 14929 0 0 0 0 8405 0 0 0 0 0 14419 12845 0 0 0 0 23142 15080 0 0 0 0 0 0 0 20181 7504 0 16133 10555 28580 14887 17485 0 0 0 10195 0 24580 0 0 19239 0 0 14820 10752 0 0 4932 0 0 27399 0 0 0 0 0 0 19529 16730 26263 0 0 15415 0 0 0 0 0 7093 27798 0 0 17697 0 9059 0 0 0 0 0 0 0 0 22873 0 15509 3841 0 8091 0 0 0 0 0 12746 23777 9231 0 0 0 0 17716 0 0 0 13223 24692 0 0 0 0 0 0 4279 0 21584 0 7665 0 18897 0 0 20300 0 16172 0 12567 0 0 0 0 0 0 0 0 5718 0 16656 0 0 0 0 0 12832 16311 0 0 0 0 0 14664 0 0 14783 13905 21927 0 0 0 0 0 0 0 0 0 0 0 23908 0 20568 17054 0 0 0 0 17544 0 0 0 28289 0 0 7395 22297 0 0 13409 10825 0 0 17708 0 16909 18758 0 0 10139 0 21167 11167 0 0 6304 0 0 5161 0 0 0 0 0 0 0 0 10263 0 0 23728 0 0 22615 11633 0 0 0 0 0 0 17791 0 16729 0 0 0 11061 0 0 0 0 21357 0 22298 24479 0 0 0 10877 0 0 0 0 0 8342 3873 0 0 0 0 24884 0 0 0 22139 10989 13200 22103 0 0 14050 19898 15548 0 5473 0 0 0 0 0 0 0 0 22866 14006 0 0 0 20338 0 0 4094 0 6405 0 0 0 0 125 4930 0 0 13574 3935 0 0 0 0 2397 0 0 0 10407 0 0 26569 12487 9252 0 0 1093 9278 0 0 0 0 0 0 0 0 24606 0 0 0 0 0 19959 0 12830 0 0 0 15944 7706 0 0 0 0 0 8653 0 0 0 11999 0 19132 0 0 0 0 0 0 0 0 19193 0 0 0 21270 0 0 0 0 0 0 0 0 0 0 22043 0 0 0 0 0 20737 0 0 0 0 0 0 7920 0 0 15618 21149 0 6420 0 0 0 0 0 0 3218 17829 0 29960 0 0 0 0 0 0 0 0 0 0 0 0 7878 0 0 16732 14411 0 0 0 15782 0 0 17363 0 0 0 0 19763 0 0 0 0 0 20394 0 0 13939 0 14159 30599 0 29069 0 0 13223 0 0 0 8231 0 13968 15236 0 19701 21590 0 0 0 0 19083 0 0 0 30022 0 33947 19338 0 0 0 18806 0 0 0 8949 7113 19149 0 0 16098 0 0 0 0 20280 0 0 13347 14667 0 0 9441 20708 0 21924 0 0 14430 7158 0 5768 0 24829 0 6252 0 16469 0 0 0 20638 0 5246 0 7566 0 0 0 0 0 0 0 0 0 5558 0 0 0 0 8992 22844 0 6733 0 0 0 0 0 1466 0 0 2359 16751 22702 4942 0 19898 0 0 0 0 0 0 0 0 0 0 0 24338 13353 7076 0 24182 0 0 0 0 0 0 18989 0 0 16258 0 0 9101 0 10863 0 0 0 0 22938 0 0 0 0 21846 10556 18112 16028 7739 6633 0 0 0 0 21573 0 0 0 0 0 0 0 0 0 0 15788 0 0 16280 0 0 0 0 0 0 6673 0 0 0 0 0 0 20384 0 19509 21776 5858 0 0 0 23474 21222 0 0 0 23105 0 0 0 0 0 0 24284 0 0 16735 0 24229 4840 0 20651 0 6420 14736 18313 6717 0 0 0 0 0 0 19871 0 0 0 19313 0 0 0 20090 0 0 11505 0 3575 18074 0 0 11446 0 14628 0 0 0 0 0 11024 0 0 8561 0 20767 0 0 0 24885 0 0 0 0 0 0 19013 0 11949 0 18442 0 0 0 23766 0 8301 0 0 0 0 0 0 0 0 0 0 4067 0 0 0 0 0 16860 24366 0 0 0 0 0 12547 0 0 24202 17883 0 0 0 0 0 0 24181 7045 0 0 10123 0 0 0 0 7647 1443 0 0 0 0 0 0 0 1528 0 0 3113 0 33 0 23071 0 0 0 19961 115 0 0 0 13406 0 6003 0 0 17418 0 17664 23303 0 0 0 18620 0 0 0 0 24313 0 0 0 0 0 0 0 0 7004 0 0 15191 0 0 0 0 0 0 0 0 0 0 8143 0 0 0 15066 0 0 18438 17783 0 0 0 0 0 0 0 18422 0 9095 0 24540 0 0 14120 0 0 12102 0 0 23249 0 0 0 0 0 0 24154 0 7533 0 13022 8491 0 0 0 20310 0 0 0 0 0 0 0 0 0 0 11247 0 18626 0 0 0 0 0 2811 23714 24146 0 0 0 0 0 20012 15296 0 13272 0 24607 19625 9631 10086 0 0 0 0 0 0 0 0 19238 14189 0 0 9024 0 0 0 5813 0 23888 12417 0 0 0 0 0 0 0 0 0 11055 0 0 0 0 11320 0 0 0 4733 0 0 0 0 0 24221 0 0 0 0 8322 0 0 0 0 11380 14977 0 0 0 0 0 8274 10546 0 0 0 0 0 0 0 0 0 0 0 0 0 9521 0 0 0 0 23209 15057 0 0 20335 0 0 0 21207 0 0 24314 5720 0 0 0 0 0 0 0 0 0 16410 280 0 5734 0 0 0 0 22176 0 9366 0 0 0 0 5040 9337 21844 0 20008 1382 19384 11722 0 0 0 0 8919 0 0 2510 0 0 0 0 0 0 0 0 0 29071 14769 0 18771 9028 14630 11849 0 0 26904 0 0 0 2545 0 0 7252 0 18782 0 0 0 0 16081 0 20400 0 18672 0 16133 0 0 0 0 0 11989 0 0 0 0 5452 15548 13599 8736 0 0 0 10375 17969 0 0 12512 0 12086 0 0 0 0 10090 0 0 0 0 0 0 3306 24832 0 0 0 0 0 0 0 0 0 0 0 0 0 23100 23941 0 0 0 0 0 0 0 0 0 0 0 0 0 0 0 0 0 14613 20757 17548 2364 24106 0 0 0 0 0 0 0 0 9866 16657 0 0 0 0 0 21448 13393 0 0 0 0 0 0 0 0 4907 0 0 16229 0 30859 0 0 0 0 0 0 0 0 0 14638 0 0 0 0 0 21479 18068 0 0 0 27665 0 0 0 13641 0 8913 0 10197 0 0 0 4530 21820 0 0 0 0 6621 2365 0 0 0 0 23574 8786 0 20557 0 31734 0 0 0 0 14005 0 0 0 0 0 0 19735 0 17576 0 0 0 0 0 0 0 10043 13798 22859 0 0 0 1876 0 18240 0 0 0 19921 16540 0 16820 0 0 0 0 0 0 0 0 0 0 0 0 15560 0 0 6542 31742 0 0 0 0 0 0 13289 20453 0 0 0 0 20593 0 0 0 0 0 0 0 23030 0 0 0 0 0 0 0 0 24118 0 0 10953 998 0 0 0 16292 0 0 0 11596 0 0 7415 0 24660 0 0 0 15185 0 8132 8135 12950 23185 0 0 0 0 0 0 11460 0 16478 0 0 0 0 9306 13179 0 20459 0 0 9943 0 0 18306 0 0 0 0 0 15451 20488 0 9129 0 30585 0 0 11197 3062 0 0 0 0 20145 0 0 17342 10259 17661 23352 0 20031 0 0 24130 0 13307 11616 0 0 0 12335 10786 0 0 0 1227 3145 14459 16034 0 11704 7987 0 0 2174 0 0 0 0 0 0 22042 0 0 0 8205 0 15644 22391 19628 0 0 0 0 0 0 20743 0 21084 0 0 0 0 0 0 15019 794 0 0 0 0 0 19316 13627 11913 0 11390 0 0 0 0 0 24114 0 10 2684 0 0 0 27497 0 0 0 0 0 0 12781 0 7754 8681 0 19907 0 0 0 0 0 0 0 0 0 0 5927 0 19452 23417 0 0 0 12624 0 0 0 0 0 0 0 0 0 0 0 0 0 0 0 0 4983 8842 18333 0 11665 17918 5676 0 0 0 0 18206 0 5082 0 0 0 4873 0 0 0 2453 0 0 0 0 7165 21084 6977 0 0 21155 0 21904 2633 0 18457 0 3701 9733 19777 0 0 0 10825 15277 14283 4775 0 0 0 23534 0 0 0 0 0 0 0 0 0 0 0 0 0 0 0 29934 0 0 0 0 12715 19711 0 0 22219 0 0 0 1774 8111 0 10170 0 0 12022 0 0 0 0 0 0 0 0 0 23232 0 0 0 0 4275 16854 0 0 0 0 0 9278 17606 0 0 0 0 0 0 24522 0 0 0 0 0 0 0 0 22700 0 0 12018 20709 0 0 0 0 0 0 0 0 0 0 0 23056 0 22680 0 0 0 0 0 10462 22682 3314 6011 0 0 0 0 0 0 9808 0 23454 0 18301 0 0 4751 0 12038 0 0 0 0 0 22661 24867 0 15792 0 18578 0 0 13268 0 0 0 0 18184 16438 884 0 23340 0 0 24153 0 0 0 0 2872 4106 0 10141 0 0 0 0 20291 0 0 15197 0 17300 0 0 0 24859 0 0 23943 17994 0 0 0 0 0 0 0 1899 12206 0 0 0 0 0 21354 10546 24325 0 0 0 5141 15065 20540 0 0 0 0 0 0 0 0 0 0 4363 11891 0 0 0 0 0 13467 10121 0 7418 0 13672 16889 0 0 0 0 0 0 2330 23085 0 0 0 0 15747 0 0 19618 10415 0 3912 0 11986 20995 0 9203 0 0 0 0 0 24586 0 13098 0 0 7984 0 0 0 0 17262 12545 21539 0 0 0 0 0 0 0 0 0 0 0 24491 22748 0 13439 15290 17462 12473 16618 0 7565 0 19245 0 24532 0 0 0 0 0 22751 12788 0 18448 0 5572 0 0 20428 0 0 9716 0 0 15875 15237 0 0 0 0 16451 0 0 0 0 0 0 0 0 0 23571 0 0 0 0 0 0 0 15157 0 0 0 5663 0 0 22754 0 0 20244 0 10681 15090 0 0 0 2688 0 16173 0 0 0 0 0 1437 0 0 0 0 0 0 15221 20281 0 1282 0 0 0 0 0 0 0 0 0 17314 0 0 0 17239 16816 0 0 10572 3355 0 0 0 0 0 0 0 0 0 0 0 0 0 13698 5330 0 0 0 0 0 0 10566 0 0 7878 0 16411 0 15704 28744 0 0 0 9704 0 0 15623 0 20576 0 0 11913 18094 0 0 10395 0 0 0 0 16952 0 4645 19760 9051 0 0 0 0 0 13581 0 0 12713 0 0 0 0 0 24042 27917 17326 23645 0 0 0 0 0 0 0 19208 20574 0 0 0 0 410 0 17228 0 0 28121 0 0 0 10715 5675 25562 19528 0 16636 0 0 0 0 0 0 18816 0 0 0 8070 0 0 11813 27990 0 0 0 10086 0 0 14699 23034 0 0 8981 0 0 0 0 0 0 0 0 0 0 0 21555 0 0 24445 13640 0 23008 0 24159 0 0 0 0 10206 0 0 16258 16263 0 0 11386 10475 13609 18658 0 18695 23233 15339 12185 21765 21891 0 0 0 17176 0 0 0 0 0 0 12838 0 0 0 0 0 0 0 4738 0 0 0 0 0 0 15196 22234 0 0 0 0 0 22481 0 0 0 9197 0 0 0 0 0 0 0 0 0 0 0 0 8022 8705 0 21009 0 0 0 0 0 7877 0 0 0 0 0 0 23955 17202 0 0 3639 0 0 0 0 0 0 0 6437 0 9070 0 0 0 9329 0 8142 0 13844 0 16984 0 0 6460 0 0 0 0 0 0 0 0 0 0 7478 0 0 0 0 0 0 0 19422 0 0 13765 0 0 223 0 0 0 0 0 19744 0 0 0 0 4264 0 0 0 510 0 5260 0 0 3228 0 19647 0 344 0 18525 0 0 6751 0 0 0 0 0 0 0 21189 19371 0 0 0 0 0 8010 10517 0 0 0 0 0 0 0 0 0 0 24293 0 18450 15134 0 0 0 0 0 2700 2520 0 0 0 0 0 2839 0 0 0 10349 0 24938 15986 0 0 14364 0 0 0 0 0 0 0 0 0 0 0 0 22029 0 0 18708 0 20602 0 0 0 0 0 0 0 0 0 0 0 0 18933 24950 23110 0 0 0 0 12056 0 22035 0 0 0 0 0 0 0 0 0 1110 23845 0 0 0 0 0 0 0 0 24374 18242 0 0 16490 0 21605 0 0 0 0 0 0 0 0 0 0 6102 8768 0 22917 22474 18002 9236 0 0 0 0 0 0 0 0 0 0 0 0 0 161 12371 27510 11811 0 0 0 26901 21271 0 0 0 0 0 0 19659 0 0 0 0 0 0 0 0 7360 21971 0 0 0 0 0 23537 0 0 8640 0 12921 0 0 0 0 19631 0 0 23787 19204 0 0 7194 0 0 0 14721 23095 0 23518 19231 0 0 15905 0 0 0 0 0 0 0 0 0 0 0 6559 0 24713 0 0 0 0 0 0 0 0 0 0 0 0 0 0 0 0 0 0 0 0 22661 14051 0 19546 0 0 19387 0 17766 0 1455 0 16478 0 0 0 0 21765 0 0 0 2403 0 6742 0 0 0 13469 0 0 0 0 0 0 14938 0 20274 22164 18544 0 0 0 839 0 0 0 21071 27225 20168 0 0 0 0 0 0 0 0 19235 0 15844 0 0 0 0 0 0 14198 0 19437 0 0 0 7297 0 0 0 23531 0 10526 0 0 0 0 0 0 0 0 22609 0 0 0 18023 0 0 0 0 0 0 0 21333 0 23072 3920 186 0 0 0 0 0 0 0 0 0 16047 0 0 0 2038 15652 0 0 0 22652 6931 0 0 0 0 0 17674 0 0 19608 0 0 0 0 14344 0 23767 24744 2491 0 19949 11503 0 5151 0 0 0 0 22874 0 13564 0 10053 0 0 0 0 0 0 0 0 11339 16663 0 14211 0 14912 0 0 14465 0 0 19438 17206 0 7634 24685 0 0 0 0 4358 0 0 0 0 0 17520 0 0 15271 29688 0 0 0 0 0 15465 0 23576 0 0 0 0 16076 22001 0 24331 21344 16785 0 0 0 0 0 0 0 0 0 22660 19036 0 15608 0 0 0 0 5531 0 0 0 0 0 0 0 15489 0 0 18304 0 11152 0 0 0 0 0 0 0 0 0 0 0 11825 0 5326 13906 0 0 0 0 0 0 0 24157 0 0 13997 0 0 9298 0 0 0 0 0 0 22295 21910 0 0 0 14714 0 0 0 0 296 0 0 0 24320 0 0 0 0 0 0 18883 0 0 0 0 19511 0 0 0 1301 0 0 0 0 0 0 0 0 0 0 0 0 0 0 0 0 0 0 0 0 0 16242 22484 0 0 0 0 0 14142 14920 5166 0 0 0 0 0 0 0 0 0 21220 0 0 0 0 0 12251 11756 0 0 0 0 0 0 0 13579 0 0 0 0 17253 5483 0 14890 0 0 0 0 14274 0 21906 0 0 0 14308 0 0 22113 0 0 0 0 0 0 0 0 13015 0 0 0 13897 13959 11356 0 0 0 0 0 0 0 0 16976 20930 0 20012 8260 0 20848 0 0 0 0 0 18562 0 0 0 0 9158 0 0 0 17282 0 20688 20014 0 23691 0 0 0 0 0 21897 0 0 16493 0 27179 0 22151 0 5691 0 0 0 0 0 0 0 0 0 0 0 0 15108 0 0 0 0 0 11841 0 12339 0 0 0 19370 0 14692 0 0 0 0 0 0 0 0 5667 0 0 0 16313 21323 20452 0 0 0 0 0 0 0 0 0 0 0 0 24068 0 0 0 0 0 0 0 0 0 0 1619 0 0 6556 16238 0 12662 19670 23146 0 0 11446 0 0 0 0 0 24208 0 0 13780 21921 0 0 1768 0 0 0 0 0 0 7460 0 0 0 0 0 0 24891 0 0 0 10984 1658 14346 0 0 0 9572 0 0 0 0 0 23003 0 0 7886 0 0 0 25014 0 0 21786 0 0 0 0 0 0 0 13424 0 9898 15929 0 0 22598 17797 0 0 0 0 24993 0 0 0 7673 0 18263 24078 0 0 0 0 1085 0 0 14725 0 22258 19831 0 0 0 5751 0 0 0 0 23990 0 23708 0 0 0 23034 19792 0 0 0 0 0 0 12890 24335 0 22529 0 0 0 0 0 0 23211 0 21031 20967 18432 0 0 0 0 0 0 0 0 0 28714 0 0 15953 0 0 5677 0 0 0 24490 23850 0 0 0 0 22200 0 0 0 0 0 0 16649 22616 0 0 0 0 0 0 0 0 0 0 0 0 0 13831 0 0 17555 0 22819 3262 0 0 26625 19362 0 8453 0 13718 0 19354 0 0 0 0 0 0 0 0 0 0 9016 0 0 0 25140 0 22698 0 0 0 0 0 0 0 0 0 13765 0 0 18751 0 8731 0 0 21497 21420 0 0 0 0 17138 0 0 22342 0 0 0 0 0 0 15817 0 0 18968 14939 0 0 23273 14929 0 0 20984 0 0 0 0 0 19462 0 25656 14826 0 15859 18000 15508 23772 0 0 0 0 0 0 12223 20358 0 0 0 0 11332 0 0 27804 24935 0 0 0 0 0 0 0 0 0 0 0 2189 0 0 0 0 0 11647 23628 0 0 0 17744 0 0 0 12012 0 18183 14848 0 0 9662 14202 0 15159 0 0 10540 0 0 0 0 0 0 0 16240 0 0 2175 0 0 0 14025 0 15433 0 0 24138 0 15874 0 0 0 0 24086 22346 0 0 0 0 0 0 23257 0 0 0 0 0 0 0 15764 1451 0 0 14977 0 13587 0 0 0 0 0 0 0 0 0 0 0 0 0 0 0 0 0 0 0 24967 0 0 0 0 0 0 0 0 0 0 0 0 12284 0 6724 0 0 0 0 0 0 22970 18375 0 0 0 0 17231 0 0 6450 0 0 6622 22543 0 0 0 16638 11383 0 0 0 0 0 0 0 0 0 0 0 0 0 0 15278 0 0 5636 0 0 0 0 0 0 0 0 0 22620 0 0 12492 0 0 4223 0 0 20170 0 0 0 0 0 22701 10379 0 0 0 0 0 0 0 20636 0 0 4009 0 0 22238 0 0 0 0 0 15597 7266 0 0 21424 0 0 0 15339 8183 18258 0 0 0 0 0 0 0 0 17840 0 0 0 0 0 22836 0 0 0 0 0 0 0 0 0 0 23867 0 0 0 0 21294 0 0 0 0 14977 0 0 0 4895 7805 0 0 0 23971 0 0 19812 0 0 0 0 0 0 0 1880 8919 0 0 0 0 19446 18172 0 0 7393 0 0 0 20570 0 0 0 0 0 24860 0 1431 0 17228 0 0 0 0 0 0 0 0 0 0 5685 0 0 0 0 0 0 0 0 8932 0 0 0 17775 0 21268 7039 2417 0 0 11196 0 11622 6974 3999 0 16627 0 0 7200 22274 14337 0 0 0 0 0 0 0 0 10213 8003 0 0 0 0 0 0 0 0 0 0 0 0 18780 0 0 0 0 22801 21665 0 0 0 0 0 21806 0 16437 8761 0 0 24206 0 0 2032 0 0 22410 0 0 0 0 0 6427 0 23035 0 16861 7277 0 0 0 0 0 5700 0 0 0 24739 0 0 0 2441 0 0 0 0 0 5797 0 0 14541 0 0 1193 0 1797 0 0 0 0 0 12886 6283 0 19410 0 0 3615 695 29486 0 0 11681 0 0 0 0 0 0 0 18723 0 0 0 20651 0 0 22472 0 0 1713 11818 20032 18491 0 0 23413 0 0 0 0 19526 0 19696 0 20236 0 8391 0 0 0 0 0 0 0 0 0 0 0 0 0 0 0 18397 0 0 10025 19605 0 0 0 0 0 3712 0 0 0 17847 0 0 0 0 23342 0 0 0 0 0 16292 0 0 0 20447 0 3888 20045 0 0 0 0 0 0 0 20306 11024 10591 0 0 20489 0 0 0 0 0 24020 25323 0 0 0 0 23790 18360 1319 0 17548 0 0 23054 0 0 4247 0 0 1531 1096 0 0 0 0 0 0 18635 0 24923 0 0 0 0 0 0 0 21325 0 11500 0 0 0 21598 0 4796 0 0 2879 0 0 0 20972 0 0 0 13258 0 19415 15886 0 0 21588 0 0 0 0 0 9607 0 10443 0 0 0 0 0 0 0 17098 0 0 0 0 0 0 2102 0 0 17971 0 0 17261 7396 28540 0 0 0 0 424 0 0 5973 0 0 17496 0 0 22195 0 0 0 0 0 0 0 0 0 0 0 0 22320 0 0 0 0 0 0 0 0 0 0 0 0 0 0 0 0 0 0 0 0 0 0 21918 0 18056 0 0 0 0 0 0 0 32722 0 0 9686 0 0 0 0 0 0 0 0 0 0 0 72 0 19033 0 0 0 19542 0 17606 0 0 23974 15668 4351 0 0 0 0 0 0 0 0 0 0 24684 17351 0 0 0 24276 0 0 0 0 0 0 26342 0 14260 0 0 0 0 0 0 0 2852 0 4933 0 0 0 0 0 0 0 0 20782 0 0 0 0 0 1453 11702 0 0 0 0 10093 0 0 0 0 0 0 0 3692 0 18730 16086 14093 0 0 8959 0 0 0 0 0 0 0 0 0 0 0 0 0 0 0 0 0 0 0 0 0 4408 0 0 0 0 0 0 0 0 0 0 8902 0 0 0 0 0 4376 0 0 2904 0 2469 0 0 0 0 2488 0 0 0 0 8847 0 0 430 14128 29654 0 12727 0 0 0 5194 22225 0 0 0 0 6424 0 0 0 0 0 21185 14478 0 0 0 0 15872 0 0 0 13985 0 0 24061 2998 4250 0 0 0 0 24090 8562 0 20150 23907 0 0 0 18521 0 0 0 0 5615 0 15953 0 16857 0 0 0 0 19621 0 0 17558 28621 0 0 0 0 0 0 3480 0 0 0 0 0 0 0 0 0 0 20526 0 0 0 0 21332 0 0 0 0 24743 0 16263 0 0 0 22479 0 0 0 16936 0 0 0 0 0 23213 0 0 0 0 0 23522 0 0 0 0 0 0 0 0 0 8217 0 0 16849 0 0 0 0 0 0 0 0 0 0 0 0 0 0 0 6868 0 0 0 0 0 17221 0 0 15187 0 0 0 1112 0 0 0 0 0 26176 0 2862 0 0 0 0 0 14396 22726 13756 0 0 0 0 0 0 0 0 0 873 0 18811 17394 5221 24572 0 0 0 0 16872 0 0 0 0 0 0 11537 0 15558 0 0 20487 0 16845 0 0 0 0 0 0 0 0 0 0 2628 0 20271 0 0 0 20815 0 0 14723 23845 14310 0 0 0 0 0 0 0 0 0 0 0 0 0 18850 0 0 0 9047 0 0 0 0 0 0 23526 0 11667 0 0 0 0 0 24601 0 17201 0 0 0 0 10903 0 0 0 0 0 0 13636 10607 0 0 10108 0 4842 0 0 0 0 1074 0 0 0 0 21288 0 20437 0 0 0 18394 19928 0 18613 0 0 10197 0 0 0 0 0 0 0 17718 19608 0 0 16181 0 0 0 22920 12295 0 5233 0 0 24519 0 20577 0 0 0 0 0 0 15972 0 0 0 0 19969 21240 0 0 0 0 22730 0 0 0 0 0 0 0 0 0 23901 0 0 0 0 0 0 24127 0 0 0 19628 0 0 17602 0 0 0 16198 0 0 6786 0 22587 23933 0 0 0 0 0 0 14759 16864 10243 9920 0 0 0 0 0 0 0 22677 0 0 711 0 0 0 0 15472 0 0 17879 0 479 0 0 0 31178 0 0 21292 0 0 21632 0 0 0 0 0 0 0 7417 0 0 0 0 0 0 0 0 11988 0 0 0 0 0 0 6589 0 0 0 0 0 0 0 0 0 0 13999 21456 1563 9844 0 0 0 0 0 0 0 0 22308 0 0 0 0 0 5104 0 0 14989 0 0 18651 0 243 5176 25752 0 0 0 19346 0 0 0 0 0 0 0 0 0 25137 4251 20663 0 0 0 0 0 20571 31424 15975 6953 0 0 0 0 0 0 0 0 18207 0 0 0 0 0 0 0 0 0 0 3211 0 0 0 0 0 6411 0 0 0 0 1208 0 0 18726 0 0 0 0 0 0 0 0 0 0 0 1746 0 21327 0 0 4790 0 0 0 0 0 0 0 0 0 0 14744 0 12107 0 0 0 12425 0 19701 13080 0 0 15814 0 13892 0 0 0 0 0 0 0 0 0 0 0 0 0 0 18049 0 0 0 0 0 2755 6022 0 0 24437 0 0 18074 1258 0 1043 0 8045 0 0 28364 0 6699 0 0 0 0 0 0 0 0 12054 12290 0 0 0 0 3713 0 0 0 7621 0 0 0 0 0 0 0 0 12581 0 0 0 0 0 0 0 0 29048 0 1396 0 522 0 0 31668 0 0 0 0 0 17790 2128 0 0 0 0 0 0 0 0 899 24647 0 0 0 0 0 21628 0 0 0 0 0 0 0 0 0 0 0 0 0 0 19223 0 0 9884 24440 0 0 0 0 0 0 8159 2094 27003 0 0 0 0 0 0 0 0 0 0 0 0 26 0 0 0 0 3254 0 0 0 0 0 0 0 7400 0 0 0 0 0 0 3614 0 0 0 0 0 0 19906 29241 24481 0 0 13673 19110 0 0 0 0 0 0 0 0 16143 23850 0 0 0 17571 19638 0 0 0 0 0 0 0 22667 0 0 0 0 0 0 0 0 0 0 0 0 19057 1246 0 0 592 0 0 0 0 0 0 0 0 0 0 0 0 20963 0 0 21064 20077 0 23874 9255 0 4214 0 0 0 0 8395 0 0 0 0 0 16971 0 14439 0 0 0 12966 0 0 0 0 0 0 0 0 0 0 0 0 0 0 18685 0 0 0 17393 0 0 0 0 0 0 0 0 0 0 0 0 20274 0 0 0 0 11682 0 21537 0 0 0 6100 0 0 0 4332 0 10622 18061 16803 0 0 0 0 0 0 0 0 19832 0 12899 0 3782 59 0 0 0 0 18931 0 0 11015 0 0 0 0 23239 22569 0 0 0 18219 8871 21483 0 0 0 488 8823 0 0 0 0 0 0 0 0 12886 17734 0 0 0 0 0 0 0 0 0 25291 2922 0 0 0 0 0 20722 0 13973 9696 0 0 2045 0 0 0 0 0 0 0 19055 0 23444 0 0 0 0 0 5074 0 0 19057 0 0 14428 23280 23000 0 0 0 0 0 0 0 0 0 22018 0 0 22896 0 0 0 0 0 0 0 0 0 0 0 0 1896 0 0 0 11012 25827 0 0 0 0 12257 0 0 0 0 21152 22308 0 20961 22351 0 0 15786 0 29787 0 0 0 0 10237 21302 0 10163 0 23682 18849 0 0 0 0 0 0 21451 6650 0 0 0 22581 0 0 0 24436 0 0 0 0 0 0 19523 12421 0 0 0 0 19808 0 0 12554 0 0 7438 11051 0 0 0 0 28309 0 0 0 0 0 22638 0 0 0 0 0 0 0 0 0 0 0 0 0 0 0 24969 0 10347 23641 0 4376 0 0 0 28541 7764 2084 0 0 0 0 23512 0 0 21171 20505 0 0 16050 0 0 8362 0 0 0 0 0 0 0 0 0 0 0 0 16278 0 8303 0 20186 0 0 0 0 0 0 0 21216 0 0 0 0 0 0 0 0 0 0 13202 0 0 25772 0 8497 27662 0 0 0 0 0 0 22585 0 0 0 0 0 0 0 23900 0 11557 0 0 0 0 9763 0 0 0 0 0 0 0 0 0 20703 0 0 0 0 0 19074 0 0 0 0 0 0 0 0 0 16200 0 0 10217 0 0 15997 0 0 0 22844 0 0 0 0 0 0 5195 11112 0 0 0 7914 0 0 0 0 0 0 0 22961 23453 18055 0 0 966 0 0 0 0 22630 0 0 0 0 12024 0 0 0 0 0 0 6444 0 0 0 0 24421 0 0 0 0 0 0 0 0 0 0 0 0 0 0 0 0 0 0 0 0 0 0 0 0 0 0 0 0 0 9070 0 0 21665 0 0 0 0 0 0 0 0 0 19988 0 0 2281 8665 0 0 0 0 0 8102 0 0 0 0 0 0 0 0 0 0 0 21636 0 0 6250 0 0 22320 0 0 0 0 24309 3326 0 1627 0 9085 0 0 19335 24638 0 0 0 0 0 0 0 22537 24271 0 0 0 23635 0 0 2882 19078 22965 0 0 0 0 0 0 0 0 0 7671 21895 0 0 0 0 0 0 0 0 0 0 0 0 0 0 0 20169 0 0 0 0 0 20738 0 0 0 0 0 0 0 0 5544 0 0 0 0 0 0 0 0 0 0 24622 0 0 0 0 0 0 0 0 0 0 0 0 24272 0 0 0 0 0 0 0 0 0 0 0 0 0 0 0 2387 0 0 0 0 0 0 0 0 0 18071 0 7557 0 0 23462 0 0 0 0 16910 0 0 7 0 0 0 0 0 0 6117 0 0 6316 0 0 15893 0 0 0 0 0 0 0 0 0 0 0 0 0 0 0 0 0 0 0 0 0 0 0 0 0 19356 194 0 11508 0 0 0 0 0 25860 0 0 0 0 0 0 0 0 0 16544 0 8292 24442 0 0 0 0 0 0 0 19517 0 0 0 0 0 0 0 0 0 0 0 0 0 0 0 0 0 0 0 0 0 0 0 0 0 19913 0 0 0 22205 0 0 0 0 0 17877 5683 0 16958 0 6330 15431 0 0 0 8104 0 0 0 0 0 0 0 0 23308 2857 0 0 15879 0 0 18830 20516 0 0 0 0 5471 0 0 0 4278 0 0 0 0 0 0 0 0 2937 0 0 22136 0 0 0 0 0 11911 0 0 24832 9695 0 0 0 0 0 0 740 7018 0 0 0 6061 13976 0 41 0 0 0 23738 20462 0 0 9816 0 0 0 0 24842 0 0 0 0 0 0 0 4749 0 0 0 0 0 0 0 0 0 0 0 0 0 11673 3990 0 0 8516 0 1501 0 0 0 0 0 21348 0 9319 0 0 0 10828 0 0 0 0 0 0 0 0 0 0 0 0 14794 0 14277 0 0 0 0 0 21877 20908 0 17703 0 0 12481 0 0 0 0 0 0 23321 0 0 15235 0 0 0 11804 16371 0 0 16190 0 5570 0 0 0 0 0 0 0 3124 16748 8649 0 916 0 24395 0 0 0 0 0 0 0 0 23132 0 14506 0 0 0 0 0 0 0 0 0 0 17169 0 15151 0 0 0 0 5646 17252 0 14835 0 0 4775 23478 0 0 0 0 0 0 9966 0 0 0 0 0 0 0 0 0 0 0 22112 9818 24063 0 0 0 0 0 7122 770 0 0 0 0 0 21243 0 0 0 0 12653 0 0 0 0 0 0 0 0 0 0 0 0 0 0 0 0 16538 0 8402 0 8620 0 0 0 0 0 0 0 0 0 0 0 0 0 0 0 0 0 0 0 0 0 0 0 23262 0 0 0 0 0 0 0 0 0 4467 0 0 0 0 0 0 0 0 0 0 0 0 23233 0 0 0 0 0 0 13997 0 0 0 0 0 22477 24591 0 15256 0 0 22522 0 0 0 0 5714 17903 0 0 0 0 0 24075 22011 0 0 0 0 0 0 0 0 0 0 21526 0 0 0 0 9331 0 0 0 0 0 0 0 0 0 0 0 0 11201 0 0 0 0 0 2672 0 0 0 0 0 0 0 0 0 0 3654 0 19855 0 0 0 10098 0 0 0 0 23813 0 8580 0 0 0 0 18449 0 0 0 0 0 0 0 0 4785 0 0 0 0 0 0 0 20493 0 0 14216 0 4613 0 0 15983 0 680 0 0 0 0 10616 1959 0 0 11512 0 1215 0 0 8378 0 0 0 0 0 0 0 0 0 1643 0 0 4254 0 261 0 0 1480 0 0 0 0 0 0 0 0 1187 0 0 0 0 19566 0 0 0 0 0 0 0 0 0 0 0 0 0 0 0 0 0 0 0 0 0 0 0 0 0 0 0 0 19016 0 0 0 0 0 24540 0 0 7219 0 0 12049 0 0 0 22929 0 0 0 0 3483 0 0 0 0 0 0 0 0 0 0 0 22656 0 0 0 5683 0 0 20528 0 0 24855 0 0 0 0 19097 23230 0 15709 10920 0 23904 0 0 0 0 20557 0 9402 0 0 14034 0 0 0 19492 0 0 0 0 0 0 23339 0 0 0 0 0 22481 0 0 0 19566 0 0 12001 0 0 0 0 0 0 0 5300 0 0 0 0 0 0 0 0 0 0 0 0 16459 0 0 0 0 12676 0 0 0 0 5505 22636 0 11963 1969 0 7974 0 0 0 0 2844 0 0 0 0 19812 0 17075 0 0 14514 0 0 0 0 0 11842 0 18189 0 0 0 5971 0 0 0 0 0 0 0 0 0 0 0 0 17462 0 0 0 0 1360 0 0 0 0 0 0 0 0 0 1918 0 0 0 0 0 0 0 0 0 0 0 0 9779 0 0 0 0 10232 0 0 0 0 1108 0 0 0 0 0 0 12076 0 0 0 0 0 0 0 0 0 0 0 0 0 23990 0 0 0 0 0 0 0 0 13363 22248 0 0 0 0 0 0 0 0 23924 0 0 0 0 0 0 0 0 0 0 0 0 0 0 0 7393 0 18430 0 0 0 0 0 0 0 0 0 0 0 20593 0 0 0 4505 0 6220 0 0 0 0 14407 0 0 23122 0 0 2997 0 0 0 0 20695 0 0 0 0 14171 0 0 0 0 0 0 0 0 0 24051 0 0 20892 0 0 0 0 24675 24152 0 0 0 0 0 0 16531 0 0 0 0 0 0 24404 0 0 0 0 0 0 0 0 0 0 0 0 0 0 0 0 0 0 0 0 0 0 0 0 17425 13751 0 0 16353 12121 0 0 0 16378 0 0 0 7375 19742 0 0 0 0 23050 0 0 0 0 4919 0 0 0 0 0 0 0 0 0 0 0 0 0 0 0 0 4574 0 0 18422 0 0 0 0 0 24643 7636 0 0 9073 0 0 0 0 0 0 0 0 0 0 0 2410 3161 0 0 0 0 0 21763 0 0 0 23210 0 0 0 0 0 0 16932 1780 12571 13575 0 0 0 0 0 0 0 22020 0 0 0 0 0 0 24730 0 0 22725 0 0 18344 10820 0 0 0 0 0 0 0 11398 0 0 0 0 0 3483 23230 22018 0 0 0 0 0 0 0 0 22917 24520 0 0 0 0 0 0 0 0 0 0 5286 0 0 4717 0 0 20625 0 0 0 19398 0 0 0 0 0 0 0 0 0 0 24059 0 0 0 0 12263 0 0 0 0 0 0 0 0 0 0 0 0 6707 1479 0 20944 24493 0 0 0 0 0 0 0 0 0 0 0 0 0 0 0 24851 0 0 0 0 0 0 0 0 0 0 19214 8653 0 5630 0 0 0 0 0 0 0 0 0 16222 0 0 0 0 0 0 0 0 0 0 0 9273 19740 249 0 0 0 0 18651 0 0 0 24515 0 21700 18634 0 21666 0 8335 0 0 0 0 0 0 0 0 19263 0 0 0 0 0 0 5359 0 0 0 0 24360 0 0 15323 0 17344 0 0 0 0 0 0 15198 17180 0 0 0 0 0 0 0 0 23722 0 0 22052 0 0 0 0 23141 0 0 0 0 0 0 0 17479 0 0 0 0 0 0 24369 0 0 0 0 0 0 0 21620 0 0 0 0 0 0 0 0 0 0 0 3847 0 0 0 0 6734 0 12684 0 0 0 0 3089 11392 7770 199 0 0 8243 13241 0 0 24891 0 18904 0 2694 0 0 0 7881 22114 2534 10629 0 0 0 0 0 7881 0 0 21165 0 0 10682 0 4514 0 0 5112 0 0 0 0 15755 0 0 14920 0 0 0 0 0 20290 0 0 0 0 0 4251 0 0 21182 0 0 12677 0 4445 8197 0 24194 0 0 23579 0 0 0 7951 0 0 0 0 0 0 0 19307 6104 0 13590 0 0 0 0 0 0 0 0 23317 0 0 0 0 0 0 0 0 0 0 0 0 0 0 0 0 23810 0 0 0 0 0 0 0 0 0 0 6085 4573 16281 0 22312 381 14417 0 0 19911 0 0 24960 0 0 0 0 0 0 0 18908 0 0 0 0 0 0 0 0 3599 156 0 0 0 0 0 0 0 0 0 0 0 0 0 0 13429 0 0 0 0 0 0 0 0 0 0 0 0 0 0 0 0 0 0 0 3677 12670 0 0 0 0 0 15604 0 0 0 23980 0 0 0 0 10959 0 0 11240 0 0 0 0 11147 0 17282 0 0 0 0 0 0 0 11059 0 0 0 0 0 17962 0 0 0 0 0 0 0 0 24113 0 18222 0 0 0 0 0 0 0 0 0 22005 4019 1388 0 4910 15401 0 0 0 0 0 0 0 0 0 0 0 0 0 0 0 0 0 0 0 0 0 14726 0 0 0 0 0 0 0 0 17533 0 0 20799 0 0 0 0 0 0 0 0 0 0 0 0 0 20729 0 0 0 0 0 0 0 19039 0 21373 0 0 0 12009 0 0 18153 0 0 14080 0 0 0 0 0 0 0 15143 0 0 0 0 0 0 0 0 20083 0 0 0 0 0 0 0 0 22246 0 0 0 0 0 0 7247 0 0 0 0 0 0 9746 0 0 0 0 0 0 1862 0 14222 0 0 0 0 0 0 0 0 0 0 0 0 0 0 0 21499 0 0 0 0 0 0 0 8475 0 134 15461 0 0 0 11655 1639 0 8766 0 0 0 20702 21380 0 2599 0 0 0 0 0 0 0 2264 4864 16655 0 0 1792 0 0 11286 0 0 6555 0 0 0 0 0 0 0 0 0 14865 0 0 0 0 0 0 0 0 0 0 0 0 0 0 0 0 0 0 0 0 19370 0 0 0 0 13220 0 0 0 0 0 0 0 0 0 0 0 0 0 0 0 4733 0 5047 0 0 2477 0 0 0 0 0 20990 16469 0 0 0 0 0 0 0 2358 0 0 0 0 0 17291 0 20141 0 0 24588 4969 0 0 0 0 22052 17121 0 0 0 0 0 0 12039 0 0 0 0 0 0 2937 0 0 0 0 0 0 0 0 0 0 0 0 0 0 0 15795 1950 0 22534 0 21695 0 0 0 0 0 0 0 0 0 15885 0 0 0 0 13280 0 0 0 0 0 0 0 0 0 0 0 0 0 4006 0 0 0 0 0 0 0 0 0 0 0 0 0 0 0 0 7717 0 0 0 0 0 0 0 0 0 11721 0 0 0 21908 0 0 0 0 0 0 0 0 3371 0 0 13352 0 0 17289 0 0 0 0 0 0 0 0 0 0 23500 0 0 0 0 17820 0 0 0 0 0 0 0 0 16632 0 0 0 0 0 0 0 0 0 0 0 0 15358 9613 0 0 0 0 0 0 0 0 0 0 0 19025 0 0 0 0 0 22872 0 0 0 0 0 0 17317 0 0 0 0 0 0 0 0 0 0 0 0 9457 0 0 0 0 0 14450 0 11439 0 21922 0 14179 0 0 0 0 16195 0 0 0 0 5782 0 0 0 0 0 0 0 1665 0 0 0 0 0 0 0 0 0 0 0 0 0 0 0 0 0 0 0 0 0 0 0 0 0 20009 0 0 7610 18245 0 15150 0 23467 286 0 0 0 17968 0 0 0 0 3691 7185 0 0 0 0 0 0 0 0 0 0 0 0 0 0 0 13918 0 0 0 0 0 8600 0 0 0 3629 0 0 0 17037 0 0 0 0 0 1064 0 0 8992 0 0 0 0 0 0 0 0 0 0 0 0 0 0 0 0 0 0 0 0 0 14203 0 0 0 0 0 22422 0 11877 0 0 0 0 0 0 0 16789 0 0 0 0 16751 0 0 0 0 0 0 0 0 0 2714 0 0 0 0 0 0 0 12570 0 2935 0 0 0 13588 0 0 0 0 23129 21307 0 1733 0 0 0 3903 0 0 0 0 0 0 0 6808 0 0 7320 0 0 0 0 0 0 1654 0 0 0 0 0 0 20095 0 0 0 0 0 9765 0 0 0 0 0 0 0 0 0 0 0 0 2244 0 0 0 0 0 0 0 0 0 0 0 4791 0 0 0 11540 0 4880 0 814 0 16680 17483 0 0 9858 0 0 0 0 0 0 0 0 0 0 0 11127 0 0 11971 0 0 0 0 0 0 0 0 0 22955 0 0 0 0 0 6414 0 5406 0 5024 0 0 0 0 0 0 0 0 0 0 0 19086 0 0 0 0 0 0 4931 0 0 0 0 6013 0 0 0 0 0 0 0 0 0 12419 0 0 0 1036 0 0 0 0 0 0 0 10015 0 0 0 0 0 0 22164 0 0 0 12872 0 16014 0 0 0 17282 7017 0 0 12991 21561 0 0 0 0 0 0 0 0 19820 0 0 0 0 0 0 0 0 0 13584 4946 0 0 0 0 0 15431 4970 10399 20396 0 0 0 0 0 0 0 0 0 0 7271 0 0 0 0 0 0 0 0 0 0 0 0 0 0 0 22477 0 0 0 0 0 1721 0 0 0 0 0 0 0 0 15033 0 0 9880 0 11657 0 0 0 4905 0 0 0 0 0 0 0 0 0 0 0 0 0 0 0 0 0 0 12747 0 0 0 0 0 0 0 0 0 0 0 0 0 0 0 0 0 19191 21634 0 0 0 0 0 0 0 0 0 0 0 0 0 0 0 10761 0 0 0 0 0 0 0 0 0 0 0 0 0 0 9798 3155 0 0 0 0 0 0 0 0 0 0 0 0 0 0 0 0 0 0 0 0 0 0 0 0 0 11952 0 21074 0 0 9337 0 0 0 0 0 0 0 0 0 0 0 21323 0 2606 0 0 0 0 0 0 0 0 0 0 0 0 0 0 0 0 0 0 0 13329 0 0 0 0 0 0 0 16243 0 0 0 0 11592 0 0 6239 0 0 12928 0 0 0 0 0 0 0 0 0 0 0 0 0 0 1215 0 0 0 0 12058 0 11910 0 20351 0 0 0 0 0 0 0 0 0 0 0 0 0 0 0 19083 0 0 0 0 0 0 18043 0 0 11157 0 0 0 20724 0 0 0 0 0 0 13034 0 0 0 0 0 0 0 0 9877 0 16646 11377 6768 0 0 0 0 0 0 0 12955 0 21412 0 0 0 0 0 0 0 0 0 0 0 0 0 19451 0 0 0 0 0 0 0 0 0 0 0 0 0 0 6764 0 6833 0 0 0 0 0 5754 0 0 0 0 0 0 10962 0 0 0 0 5787 0 0 0 0 0 0 0 849 0 0 0 0 0 0 0 20659 13323 0 0 0 0 0 15113 4989 2620 0 0 0 0 0 0 0 0 0 13315 0 13121 587 0 0 0 17766 0 0 0 0 0 0 0 0 0 0 0 15307 0 0 0 0 8307 0 0 2262 0 0 15403 0 0 11773 0 0 9916 0 0 0 0 0 0 0 0 0 19288 0 0 0 0 0 0 0 0 0 0 0 0 0 0 0 0 0 0 0 0 0 0 0 0 0 0 0 0 0 0 0 14300 0 0 0 0 0 0 0 0 0 21402 0 0 0 0 0 10982 0 0 0 0 0 0 13231 0 0 2687 0 0 0 0 0 0 0 0 0 0 0 0 0 0 0 0 0 0 0 3302 0 0 0 8933 8935 0 0 0 0 0 0 0 0 0 0 0 0 15017 0 0 0 0 0 0 0 2443 0 0 1829 0 0 0 0 0 0 0 0 0 0 13727 21149 0 5022 0 0 0 0 0 0 0 0 0 0 0 0 10361 0 0 0 0 0 0 0 0 0 0 0 0 0 0 0 0 0 0 8330 0 0 0 0 0 0 0 0 0 0 11339 0 0 18840 0 0 0 0 0 0 816 0 0 10629 0 0 0 0 0 0 0 0 5124 0 0 0 16264 0 0 0 0 0 0 0 0 5129 0 0 0 20106 1687 0 0 8395 0 0 0 0 0 0 0 0 0 0 0 0 14084 0 0 0 0 15237 0 0 0 0 0 1765 0 0 0 10751 0 20088 0 0 0 0 0 0 0 0 0 0 0 0 0 0 0 0 0 0 0 0 0 0 0 0 0 0 0 2910 0 1418 0 0 13222 0 0 0 11631 0 0 0 0 0 0 0 0 0 0 0 0 0 0 0 0 15500 0 6041 0 0 0 0 0 0 0 0 0 0 20138 0 0 0 0 5161 8999 0 0 0 0 0 8017 1059 0 0 0 20023 0 0 19054 0 0 0 0 0 0 0 0 0 1786 0 5603 0 0 13400 0 20588 0 0 0 0 0 0 7284 0 0 0 0 0 0 0 19723 0 6348 16416 0 0 0 0 0 0 0 12522 18417 0 0 18035 0 1313 0 0 0 0 0 0 0 8096 0 16007 0 0 0 0 0 8629 0 0 0 0 0 0 0 0 0 0 0 0 0 0 0 0 14067 0 0 0 0 6582 0 0 0 0 0 0 0 0 0 4668 0 0 0 0 0 0 18285 0 0 0 0 0 0 0 0 0 15644 0 20117 0 0 0 0 3886 0 0 0 0 0 0 0 0 0 0 5513 0 0 5931 0 0 0 0 0 0 0 0 0 0 18137 0 0 0 0 0 0 0 0 0 0 0 0 0 0 0 4362 0 0 0 13940 4283 0 0 0 0 0 0 0 0 0 0 0 14038 0 0 0 0 0 0 0 0 0 0 0 0 0 0 0 0 0 0 0 0 0 0 17464 0 0 0 0 0 0 0 6837 0 3731 0 0 943 0 19825 0 0 0 0 0 0 0 0 0 0 0 0 0 0 0 12687 0 0 0 0 0 3904 0 4685 0 0 0 0 0 0 0 0 0 0 4295 9443 0 0 14854 0 10786 0 0 1222 0 0 4670 0 0 0 0 0 0 0 0 0 0 0 0 0 0 0 0 17644 0 19099 0 0 0 0 14807 0 0 0 0 0 0 0 0 0 0 0 6678 0 0 5716 0 1442 0 186 0 0 5038 0 0 1005 0 9493 0 0 0 0 0 0 0 0 0 0 0 0 0 0 0 0 0 0 0 0 0 0 0 0 24 0 0 0 0 18715 0 0 0 0 8444 0 0 0 7556 0 0 0 0 0 0 0 0 7604 0 0 10251 0 0 0 0 0 0 8058 0 0 0 0 0 0 0 0 11496 0 17071 0 0 0 0 0 11671 0 0 0 0 0 8854 0 0 0 0 0 0 0 2664 7981 0 0 13275 0 0 0 0 0 0 0 0 0 0 0 0 0 0 0 4668 0 0 0 0 13311 3067 0 0 0 11249 0 0 0 0 0 0 0 0 0 0 0 0 0 0 0 0 0 0 0 0 0 0 0 0 9918 0 0 1895 12410 0 0 0 2729 0 0 0 0 0 0 0 0 0 0 0 0 0 0 0 0 0 0 0 4869 0 0 0 0 0 0 0 0 0 9596 0 0 1482 0 13913 0 0 0 0 0 0 0 0 0 0 0 0 15889 0 0 0 0 0 16853 12926 0 0 9830 0 0 0 0 9394 0 0 0 0 4997 0 0 5890 2785 0 1056 0 0 1854 0 0 12597 0 0 0 0 0 0 0 0 0 0 0 0 0 0 0 0 0 0 0 0 0 0 0 0 0 0 0 0 0 0 0 0 0 0 0 0 7056 0 0 0 0 0 0 0 0 0 0 0 3728 0 0 0 0 0 0 0 0 0 9346 15670 0 0 0 0 0 13106 0 0 0 0 0 0 0 0 10012 0 0 1567 0 0 2323 8696 0 0 0 0 0 0 0 5116 0 8235 17308 0 0 0 0 0 0 0 0 0 0 0 0 0 0 0 0 0 0 0 4267 0 0 10138 0 0 0 0 0 0 0 0 0 0 0 0 0 10534 0 0 0 0 0 4384 0 0 18286 0 0 0 0 0 0 7972 0 0 0 0 0 0 0 0 10045 0 0 0 0 0 10400 9749 0 0 0 0 0 0 0 0 0 0 0 0 0 0 0 0 0 8153 0 0 0 0 0 14137 0 0 0 0 0 0 0 0 0 0 10293 0 0 0 0 0 0 0 0 0 0 0 0 0 14289 0 0 17810 0 0 0 0 0 0 7108 0 0 14402 0 0 0 0 0 0 0 0 3092 0 0 0 0 0 0 0 0 0 0 0 0 0 0 11754 0 0 0 0 0 0 0 0 0 0 0 0 0 0 2636 0 0 0 1444 0 0 0 0 0 18007 0 0 0 0 0 0 0 0 0 0 0 0 0 0 0 0 0 0 0 0 0 11777 0 0 0 0 0 0 0 3140 0 6158 0 0 0 0 0 0 0 0 1654 983 11172 0 0 0 0 0 14493 0 11778 0 0 0 0 0 0 0 0 0 0 0 0 7740 0 0 0 4853 0 0 0 0 0 0 0 0 0 0 5681 0 0 0 0 0 0 0 0 0 11177 0 0 0 0 1420 0 0 0 0 0 1409 0 0 0 0 0 0 0 0 0 0 0 0 0 16736 3683 0 0 0 17513 0 0 0 0 0 0 0 4660 0 0 0 0 0 0 787 0 0 0 0 5736 0 0 0 10638 0 0 0 0 0 0 0 0 0 0 0 0 0 0 0 0 0 0 0 7681 0 0 0 0 0 0 0 6335 0 0 0 0 0 0 0 0 0 0 0 0 7788 0 0 9717 0 0 0 0 0 0 0 0 8911 0 0 0 0 8284 0 0 5940 0 3350 0 0 9916 0 0 0 0 472 7126 0 2921 0 0 0 0 0 0 0 6152 0 0 0 0 0 0 0 0 13970 0 11026 0 0 0 0 0 0 0 0 0 0 0 0 0 0 0 0 0 0 0 0 12986 0 0 0 0 7637 0 0 0 0 0 0 0 0 0 0 0 0 0 0 5737 7624 0 0 5819 0 0 17075 0 0 0 0 0 0 0 0 6282 0 0 0 0 0 0 0 0 0 0 0 0 0 1073 0 0 0 0 16169 0 0 0 3460 0 0 0 0 0 0 0 0 0 0 0 0 0 12296 0 0 0 0 0 9522 0 0 0 0 0 0 0 0 0 0 0 0 0 10740 0 0 0 0 0 0 0 0 0 0 0 0 0 0 0 0 12482 0 0 0 0 0 0 0 0 0 0 0 13500 0 0 5411 9776 0 14808 0 15558 822 0 0 0 0 14034 0 0 0 0 0 0 0 0 0 0 0 0 0 0 0 0 0 0 0 0 0 0 0 0 0 0 0 0 6240 0 0 0 13541 0 0 0 0 0 0 0 0 0 0 0 0 0 0 0 0 0 0 0 0 0 0 0 0 0 0 0 0 0 0 0 0 0 11119 0 0 0 4503 0 0 0 708 0 0 0 0 0 12946 0 0 0 0 0 0 0 0 0 0 0 0 0 0 15083 0 0 0 0 5633 0 0 0 0 0 0 0 0 14346 0 0 0 0 0 0 0 0 0 0 0 0 0 0 0 0 0 0 0 0 0 0 0 0 5338 0 0 0 0 0 0 0 0 0 0 0 0 0 0 0 0 0 0 0 0 0 0 0 0 0 0 0 0 0 0 0 0 0 0 0 0 4785 0 0 0 0 0 0 0 0 0 0 0 0 0 0 0 0 0 0 0 0 0 0 0 0 0 0 0 0 0 0 0 0 0 0 5550 5723 0 0 0 0 0 15951 12781 0 0 0 0 0 0 0 0 6894 0 0 0 0 0 0 0 0 1739 0 0 0 0 0 0 0 0 0 0 0 0 0 0 0 0 0 0 13376 0 0 5790 0 0 0 0 0 0 5967 6089 0 0 0 0 0 0 0 10727 0 0 0 8708 0 0 0 0 0 0 0 0 11147 0 0 0 0 0 0 0 0 0 0 0 0 0 0 0 0 0 0 0 0 0 0 0 0 0 0 0 0 0 0 0 0 0 0 2212 0 5742 0 0 0 0 0 0 0 0 0 0 0 0 0 0 0 0 0 0 0 7074 0 0 0 0 0 0 0 0 0 0 0 0 0 0 0 0 2389 0 2402 0 0 10562 5148 0 14580 0 0 0 0 0 0 0 0 0 0 0 0 0 0 0 0 12710 0 0 0 0 0 0 0 0 0 0 0 0 0 0 0 0 0 0 0 8272 8917 0 0 8668 11959 0 0 0 0 0 0 0 0 0 0 0 0 0 0 0 0 0 13490 0 0 0 0 0 0 0 14566 0 0 0 0 0 0 6260 0 0 0 0 0 15262 404 0 0 0 0 1382 0 5115 0 0 0 0 10173 0 0 0 0 0 0 0 0 0 0 0 8886 0 13545 0 0 0 0 0 0 0 0 0 0 0 0 0 0 0 0 0 0 0 0 0 6340 0 0 0 0 0 0 0 4933 0 0 0 0 0 0 0 0 0 0 0 0 0 0 0 0 0 0 0 0 0 0 14252 0 0 0 0 0 0 0 0 0 10612 0 0 0 0 0 0 0 0 0 8784 0 0 5444 0 0 0 0 0 0 0 0 0 0 0 0 0 2911 0 0 0 0 0 0 0 0 2713 0 0 0 0 0 0 0 0 0 0 0 0 0 0 0 0 0 0 0 0 0 0 0 0 0 0 0 0 0 0 0 0 0 0 0 0 0 0 0 0 0 0 0 0 0 0 0 0 0 0 0 0 0 10301 0 0 0 0 0 14383 0 0 0 0 0 0 0 0 0 0 0 0 0 0 0 0 0 0 0 0 0 0 0 0 0 0 0 0 0 0 2688 0 0 1596 0 0 0 0 0 12079 10754 0 0 0 0 0 0 0 0 0 0 5999 0 0 5062 0 0 0 7719 0 0 0 0 0 0 0 0 0 0 0 9208 0 0 0 0 0 0 0 0 0 0 0 0 0 0 0 0 0 4826 0 0 0 0 0 0 0 0 0 0 0 0 0 0 0 0 0 0 0 0 0 0 0 0 0 0 6846 0 1278 0 0 0 0 0 0 0 6152 0 0 0 0 0 0 0 0 0 0 0 0 0 0 0 0 0 0 0 0 0 0 0 0 0 0 0 14031 0 0 0 0 0 0 0 0 0 0 0 0 0 0 0 0 0 0 0 1882 0 0 0 0 0 0 0 0 0 0 0 0 0 0 0 0 0 0 10630 0 0 0 0 0 0 0 0 0 0 0 0 0 0 0 0 0 0 0 0 2511 0 0 0 0 0 0 0 0 0 0 0 0 7528 0 0 0 0 0 0 0 0 0 0 0 0 0 0 0 0 0 0 0 0 0 0 0 0 0 0 0 0 0 0 0 0 0 0 0 0 0 0 0 0 0 0 0 0 0 0 0 0 0 0 611 0 0 11565 0 0 0 0 0 0 0 0 0 0 0 0 0 0 0 0 0 0 0 0 9186 6520 0 0 0 0 0 0 9655 10324 0 0 0 0 0 0 8003 0 0 0 0 0 486 0 0 0 10208 0 0 0 0 0 0 0 0 0 0 0 0 0 0 5440 5044 0 0 0 0 0 0 0 0 0 0 0 0 0 0 0 0 0 0 12894 0 0 0 0 0 0 0 0 0 13096 0 0 0 0 0 0 0 0 0 0 0 0 12209 0 0 0 0 0 0 0 0 0 0 0 0 0 0 0 0 0 0 0 0 0 0 0 0 0 0 0 0 0 0 0 0 0 0 0 0 0 0 0 0 0 0 0 6598 0 0 0 0 0 10451 0 0 0 0 0 0 0 0 0 0 0 0 0 0 0 0 0 0 0 0 0 0 0 0 0 0 0 0 0 0 0 0 4731 0 0 0 0 0 0 0 0 0 12219 0 0 0 8279 0 0 0 0 0 0 0 0 0 0 0 5386 0 0 0 0 0 0 0 0 0 0 0 0 4313 0 0 0 0 0 0 0 1823 0 0 0 0 0 0 0 2247 0 0 0 5604 0 0 0 0 5775 0 0 0 0 0 0 0 6000 0 0 0 0 0 7526 6462 0 0 0 0 0 0 0 0 0 0 0 0 0 0 0 0 0 4247 0 4785 0 0 0 0 0 0 0 4297 6212 0 0 0 0 9147 0 0 0 0 0 0 2219 0 0 0 0 0 0 0 0 0 0 0 0 0 0 2177 0 0 1962 0 0 0 0 0 0 0 0 0 3747 0 0 0 0 0 0 0 0 0 0 0 0 0 0 0 0 0 0 0 0 0 0 0 0 0 0 0 0 0 0 5140 0 0 0 0 4910 2708 0 0 0 0 0 7676 0 0 0 0 0 0 0 0 0 0 0 4591 0 0 12172 0 0 0 0 0 0 0 0 0 8988 0 0 0 7089 0 0 0 0 0 0 0 0 10497 0 0 0 0 0 0 0 0 0 324 0 0 0 0 12129 0 0 0 0 0 0 0 0 0 0 0 0 0 0 0 0 0 0 0 0 0 0 0 0 0 0 0 0 0 0 0 8840 0 0 5649 0 0 0 0 0 0 0 0 0 2819 0 0 0 0 0 0 0 0 0 0 0 0 0 0 0 0 0 0 0 0 0 0 0 0 0 0 0 0 0 0 0 8984 0 2880 0 0 0 0 0 0 0 0 0 0 0 0 0 0 0 0 0 0 0 0 0 0 0 0 0 0 0 0 0 0 0 0 0 0 0 0 0 0 0 0 115 0 0 0 0 0 0 0 0 0 0 0 0 0 0 0 0 0 0 9084 6706 0 0 0 0 0 0 0 0 0 0 0 0 0 0 0 0 0 0 0 0 0 3774 0 0 0 5356 0 0 0 0 0 0 0 0 0 0 0 0 0 0 0 0 0 0 0 0 5664 0 6013 0 0 0 0 0 0 0 0 0 0 0 0 0 0 0 0 0 0 1565 0 0 0 0 7428 0 0 9540 3479 0 0 0 0 0 0 0 0 0 0 0 0 0 10474 0 3662 0 0 0 0 0 0 0 0 0 725 0 0 0 0 0 3484 0 0 0 0 0 0 4396 2257 0 0 0 0 0 0 0 0 0 0 0 0 0 0 3821 0 0 0 0 0 0 0 0 413 0 9927 3101 0 0 0 0 0 0 0 0 0 0 0 0 0 0 5771 0 0 0 0 0 0 0 0 1468 0 0 0 0 0 0 0 0 0 5332 0 0 8626 0 4157 0 0 0 0 0 0 0 0 0 0 0 0 0 0 0 0 0 0 1933 0 0 0 0 0 0 0 3074 0 0 0 0 0 0 0 0 0 0 0 0 0 0 0 9656 0 1721 0 0 5961 0 0 0 0 0 0 0 0 5716 0 0 0 0 0 0 0 0 0 0 0 0 0 0 0 0 2795 0 0 0 0 0 8787 0 0 3219 0 0 0 0 0 0 0 0 0 0 0 0 0 0 0 0 0 0 0 0 0 0 0 0 0 0 0 0 0 0 0 0 0 0 0 545 5379 0 0 0 0 0 0 0 0 0 0 0 0 0 0 0 0 0 866 0 0 0 8234 3870 0 0 0 0 0 0 0 0 0 0 0 6106 0 0 0 0 0 0 0 0 0 0 0 0 0 0 0 0 0 0 0 0 0 0 0 0 0 0 0 0 0 0 0 0 0 0 0 0 0 0 0 0 0 0 0 0 0 0 0 0 0 0 0 0 0 0 0 0 0 0 0 8938 0 0 0 0 0 0 0 0 0 0 0 0 0 0 0 0 0 0 0 0 0 0 0 0 0 0 0 0 0 0 0 1561 0 0 0 0 0 573 0 0 0 0 0 5986 0 0 0 0 0 0 0 0 0 0 0 0 0 0 0 0 0 2641 0 0 0 0 6424 0 0 0 0 0 0 0 6344 0 0 0 0 6730 0 0 0 0 0 0 6623 0 0 0 0 8715 0 0 0 0 0 0 0 0 0 0 0 0 0 0 9904 0 0 0 0 0 0 0 0 0 0 0 0 0 0 0 0 2419 0 0 0 5910 0 0 0 0 0 0 0 0 0 0 0 0 0 0 0 0 0 5310 0 0 0 0 0 0 0 0 0 0 0 0 0 0 0 0 0 0 0 6228 5137 0 0 0 0 0 0 0 0 0 0 0 0 0 0 0 0 0 0 0 0 0 896 0 0 0 0 0 0 0 9180 0 0 0 0 0 0 0 0 0 0 0 0 0 5001 0 810 7327 0 0 0 0 0 0 8689 0 0 0 0 0 0 0 0 0 0 0 0 7620 0 0 0 0 0 0 309 0 0 0 0 0 0 0 0 0 0 0 0 0 0 0 0 0 0 0 0 0 0 0 0 0 0 0 0 0 0 0 0 0 0 0 0 0 0 0 0 0 0 0 0 0 0 0 1447 0 0 0 0 0 0 0 0 0 0 0 0 0 0 0 0 0 0 0 0 0 0 0 0 0 0 0 0 0 0 0 0 0 0 0 0 0 0 0 0 0 0 0 0 0 0 0 0 0 0 0 0 0 0 0 0 0 0 0 3390 0 0 2280 0 0 0 4156 0 0 0 0 0 0 0 0 0 0 0 0 0 0 0 0 0 0 0 0 0 0 0 0 0 0 0 7564 0 0 0 0 0 0 0 0 0 0 0 0 0 0 0 0 0 0 0 0 0 0 0 0 0 7400 0 0 0 0 0 0 0 0 0 0 0 0 0 0 0 0 0 0 0 0 0 0 0 0 0 0 0 0 0 0 0 0 0 0 0 0 0 0 0 0 0 0 0 0 0 0 0 0 0 0 0 0 4773 0 0 0 0 7047 0 0 0 0 0 0 0 0 0 0 268 0 7048 0 2063 1020 0 0 0 0 0 0 0 0 0 0 0 0 0 0 0 0 0 0 0 0 0 0 0 0 0 0 0 0 0 0 0 0 0 0 0 0 0 0 0 0 0 0 0 0 0 0 0 0 0 0 0 0 6129 0 0 0 0 0 0 0 0 0 0 0 0 0 0 0 0 0 0 0 0 0 0 0 4491 0 0 0 0 0 601 0 0 0 0 0 0 0 0 0 0 0 0 1013 0 0 0 0 0 0 0 0 0 0 0 0 0 0 0 0 0 0 0 0 0 0 0 0 0 0 0 0 0 0 0 0 3992 0 0 0 0 0 0 0 5053 0 0 0 0 0 0 0 0 0 0 0 0 0 0 0 0 0 0 0 0 0 0 0 0 0 0 0 0 0 0 0 0 0 0 0 0 0 1983 0 0 0 0 0 0 7832 0 0 0 0 0 0 0 0 0 0 0 0 0 0 0 0 0 0 0 0 0 0 0 0 6075 0 0 306 0 0 0 0 0 0 0 0 0 0 792 0 0 0 0 401 0 0 0 0 0 0 0 2105 0 0 0 0 0 4967 0 0 0 0 0 0 0 0 0 0 0 0 0 0 7868 0 0 0 0 0 0 0 0 0 0 0 0 0 0 0 0 0 0 0 0 0 0 0 0 0 0 0 0 0 0 0 0 0 0 0 0 0 0 0 0 0 0 0 0 0 0 0 0 0 0 0 0 0 0 0 2030 0 0 0 0 0 0 0 0 0 0 0 0 0 0 2666 0 0 5344 0 6831 242 0 0 0 0 0 0 0 0 0 0 0 0 0 0 0 0 0 0 0 0 0 0 0 0 0 0 0 0 0 2063 0 0 0 0 0 0 0 0 0 0 0 1246 1593 0 0 0 0 0 0 0 0 0 0 0 0 0 0 0 0 0 0 0 0 0 0 0 5536 0 0 3571 0 0 0 0 0 0 0 0 1591 0 0 0 0 0 0 0 0 0 0 0 0 0 0 0 0 0 0 0 0 0 0 0 0 0 0 0 0 0 0 0 0 0 0 0 0 0 0 0 1584 0 2095 0 0 0 0 0 0 0 0 0 0 0 0 0 0 0 0 0 0 0 0 0 0 0 0 0 0 1858 0 0 0 0 0 0 0 0 0 0 0 0 0 0 0 0 0 0 0 0 0 0 0 0 0 0 0 0 0 0 0 0 0 0 0 0 0 0 0 0 0 0 0 0 0 0 0 0 0 0 0 0 0 0 0 0 0 0 0 0 0 0 0 0 0 3168 0 0 0 0 0 0 4774 0 0 0 0 0 0 0 0 0 0 0 2896 3476 0 0 0 0 0 0 0 0 0 0 0 0 0 0 0 5869 0 0 0 0 0 630 0 0 0 0 0 0 0 0 0 157 0 0 0 0 0 0 0 0 0 0 0 0 0 0 0 0 0 0 0 0 0 0 0 0 0 0 0 0 0 0 0 0 0 0 0 0 0 0 0 0 2229 0 0 0 0 0 0 0 0 0 0 0 0 0 0 0 0 0 0 0 0 0 0 0 0 0 0 0 0 0 0 0 0 0 0 0 0 0 0 0 0 0 0 0 0 0 0 0 0 0 0 0 0 0 0 0 0 0 5857 0 0 0 0 0 0 0 0 0 0 0 3918 0 0 0 0 0 0 0 0 0 0 0 0 5000 0 0 0 0 0 0 0 0 0 0 0 0 0 0 0 0 0 0 0 0 0 0 0 0 0 0 0 0 4745 0 0 0 0 0 0 0 0 0 0 0 4044 0 0 0 0 0 0 0 0 0 0 0 0 0 0 1108 0 0 0 0 0 0 0 0 0 0 0 0 0 0 0 0 0 0 0 0 673 0 0 0 0 0 0 0 0 3256 2540 0 0 0 0 0 0 0 0 0 0 0 0 0 0 0 0 0 0 0 0 0 0 0 0 0 5013 0 0 0 0 0 0 0 0 0 0 0 0 0 0 0 0 0 0 0 0 0 0 0 0 0 0 0 1876 0 2635 0 0 0 0 0 0 0 0 0 0 0 0 0 0 0 914 0 0 0 0 0 0 0 0 0 0 0 0 0 0 0 0 0 0 0 0 0 0 0 0 0 0 0 0 0 0 1612 0 0 0 0 0 2755 0 0 0 0 0 0 0 0 0 0 0 0 0 0 0 0 0 0 0 0 0 0 0 0 0 0 0 0 0 0 0 0 0 0 0 0 0 0 0 0 0 0 0 0 0 0 0 0 0 0 0 0 0 0 0 0 0 0 0 0 0 0 0 0 0 0 0 0 0 0 0 0 0 0 0 0 0 0 0 0 0 0 0 0 0 0 0 0 0 0 0 0 0 0 0 0 0 0 0 0 0 0 3262 0 0 0 0 0 0 0 0 0 0 0 0 0 0 0 0 0 0 0 0 0 0 0 0 0 0 0 0 0 0 0 0 0 3509 0 0 0 0 0 0 0 0 0 0 0 0 0 0 0 0 0 0 0 0 0 0 0 0 0 0 0 0 0 0 0 0 0 0 0 0 0 0 0 0 0 0 0 0 0 0 0 0 0 0 0 1434 0 0 0 0 0 0 0 0 0 0 0 0 0 0 0 0 0 0 0 0 0 0 0 0 0 0 0 0 0 0 0 0 0 0 0 0 0 0 0 0 0 0 0 0 0 0 2603 0 0 0 3280 0 0 0 0 0 0 0 0 0 0 0 0 0 0 0 0 0 0 383 0 0 0 2130 0 3724 0 0 0 0 0 0 0 0 0 0 0 0 4273 0 0 0 0 0 0 0 0 0 0 0 0 0 0 0 0 0 0 0 0 0 0 0 0 0 0 0 0 0 0 0 0 0 0 0 0 0 0 0 2062 0 0 0 0 0 0 0 0 0 0 0 0 0 0 0 0 0 0 0 0 0 0 0 0 0 0 0 0 0 0 0 0 0 0 0 0 0 0 0 0 0 0 0 0 0 0 0 0 0 0 0 0 0 0 0 0 0 0 0 0 0 0 0 0 0 0 0 0 0 0 0 0 0 0 0 0 711 0 0 0 0 0 0 0 0 0 0 0 0 0 0 0 0 0 0 0 0 0 0 0 2857 1341 0 0 0 0 0 0 0 2645 0 0 0 0 0 0 0 0 0 0 0 0 0 0 0 0 0 0 0 0 0 0 0 0 0 0 0 0 0 0 3409 0 0 0 0 0 0 0 0 0 0 0 0 0 0 0 0 0 0 0 0 0 0 0 0 3552 0 0 0 0 0 0 0 0 0 0 0 0 0 0 0 0 0 0 0 0 0 0 0 0 0 0 0 0 0 0 0 0 0 0 0 0 0 0 0 0 0 0 0 0 0 0 0 0 0 0 0 0 0 0 0 0 0 0 0 0 0 0 0 0 0 0 0 0 0 0 0 0 0 0 0 0 0 0 0 0 0 0 0 0 0 0 0 0 0 290 0 0 0 99 0 0 0 0 0 0 0 0 0 0 0 3576 0 0 0 0 0 0 0 0 0 0 0 0 0 0 0 0 0 0 0 0 0 0 0 0 0 0 0 0 0 0 0 0 0 0 0 0 0 0 0 0 0 0 0 0 0 0 0 0 0 0 0 0 0 0 0 0 0 0 0 0 0 0 0 0 0 0 0 0 0 0 0 0 0 0 0 0 0 0 0 0 0 0 0 0 0 0 0 0 0 0 0 0 0 0 0 0 0 0 0 0 0 0 0 0 0 0 0 0 1888 0 0 0 0 0 0 0 0 0 0 0 0 0 2685 0 0 0 0 0 0 0 0 0 0 0 0 0 0 0 0 0 0 0 0 0 0 0 0 0 0 0 2893 0 0 0 0 0 0 1207 0 0 0 0 0 0 0 0 0 0 0 0 0 0 0 0 0 0 0 0 0 0 0 0 2383 0 0 0 0 0 0 0 0 0 0 0 0 0 0 0 0 0 0 0 473 0 0 0 0 0 0 0 0 0 0 0 0 0 0 0 0 0 0 0 0 0 0 0 0 0 0 0 0 0 0 0 0 0 0 1632 0 0 0 0 0 0 0 0 0 0 0 0 0 0 0 0 0 0 0 0 0 0 0 0 0 0 0 0 0 0 0 0 0 0 0 0 0 0 0 0 0 0 0 0 0 0 0 0 0 0 0 0 0 0 0 0 0 0 0 0 0 0 0 0 0 0 0 0 0 0 0 0 0 0 0 0 0 0 0 0 0 0 0 0 0 0 0 0 1519 0 0 0 0 0 0 0 0 0 0 0 0 0 0 0 0 0 0 0 0 0 0 0 0 0 0 0 0 0 1398 0 0 0 0 0 1014 0 0 0 0 0 0 0 966 0 0 0 0 0 0 0 0 0 0 0 0 0 0 0 0 0 0 0 0 0 0 0 0 0 0 0 0 0 0 0 0 0 0 0 0 0 0 0 0 0 0 0 0 0 0 0 0 0 0 0 0 0 0 0 0 0 0 0 0 0 0 0 0 0 0 0 0 0 1031 0 0 0 0 0 0 0 0 0 0 0 0 0 0 0 0 0 0 0 0 0 0 0 0 0 0 0 0 0 0 0 0 0 0 0 0 0 0 0 0 0 0 0 0 0 0 0 0 746 0 0 0 0 0 0 872 0 0 0 0 0 0 0 0 0 0 0 0 0 0 0 0 0 0 0 0 0 0 0 0 0 0 0 0 0 0 0 0 0 0 0 0 776 0 0 0 0 0 0 0 0 0 0 0 0 0 0 0 0 0 0 0 0 0 0 0 0 0 0 0 0 0 0 0 0 0 0 0 0 0 0 0 0 0 0 0 0 0 0 0 0 0 0 0 0 0 0 0 0 0 0 0 0 0 0 0 0 0 0 0 0 0 0 0 0 0 0 0 299 0 0 0 0 0 0 0 0 0 0 0 0 0 0 0 0 0 0 0 0 0 0 0 0 0 0 0 0 0 0 0 0 0 0 0 0 0 0 184 0 0 0 0 0 0 0 0 0 0 0 0 0 0 1058 0 0 0 0 0 0 0 0 0 0 0 0 0 0 0 0 549 0 0 0 0 0 0 0 0 0 0 0 0 0 0 0 0 0 0 0 0 0 0 0 0 0 0 0 0 0 0 0 0 0 0 0 0 0 0 0 0 0 0 0 0 0 0 0 0 0 0 0 0 0 0 0 0 0 0 0 0 0 0 0 0 0 0 0 0 0 0 0 0 0 0 0 0 0 0 0 0 0 0 0 0 0 0 0 0 0 0 0 0 0 0 0 0 0 0 0 0 0 0 0 0 0 0 0 0 0 0 0 0 0 0 0 0 0 0 0 0 0 0 0 0 0 0 0 0 0 0 0 0 0 0 0 0 0 0 0 0 0 0 0 0 0 0 0 0 0 0 0 0 0 0 0 0 0 0 0 0 0 0 0 0 0 0 0 0 0 0 0 0 0 0 0 0 0 0 0 0 0 0 0 0 0 0 0 0 0 0 0 0 0 0 0 0 0 0 0 0 0 0 0 0 0 0 0 0 0 0 0 0 0 0 0 0 0 0 0 0 0 0 0 0 0 0 0 0 0 0 0 0 0 0 0 0 0 0 0 0 0 0 0 0 0 0 0 0 0 0 0 0 0 0 0 0 0 0 0 0 0 0 0 0 0 0 0 0 0 0 0 0 0 0 0 0 0 0 0 0 0 0 0 0 0 0 0 0 0 0 0 0 0 0 0 0 0 0 0 0 0 0 0 0 0 0 0 0 0 0 0 0 0 0 0 0 0 0 0 0 0 0 0 0 0 
102 0 42 226 0 141 0 39 109 68 0 48 0 0 0 0 0 0 0 0 0 0 118 0 0 118 0 67 0 0 0 0 130 0 163 0 0 0 81 117 0 1 0 0 0 56 103 75 23 0 0 0 0 2 0 0 0 0 0 0 0 0 0 0 0 0 0 0 0 93 0 0 0 0 0 0 0 0 0 0 0 0 0 0 0 0 0 0 0 0 0 0 0 0 0 0 0 0 0 0 0 0 0 0 0 0 0 0 0 0 0 0 
146 141 30 0 138 165 139 146 212 53 0 0 149 121 46 145 90 0 0 0 168 122 0 125 216 0 0 165 0 160 139 22 199 0 0 42 185 0 151 123 0 0 0 0 104 90 0 0 166 76 113 130 169 0 158 0 163 0 0 166 0 0 14 155 30 165 39 115 0 59 172 152 0 0 65 0 0 140 125 0 25 145 0 142 0 0 0 119 170 0 194 206 52 77 27 157 0 0 195 139 0 140 36 153 42 85 0 0 0 55 11 0 0 0 0 25 0 66 0 118 166 160 0 0 0 53 0 0 118 178 174 10 0 0 0 39 0 87 0 0 0 0 0 0 0 147 0 156 0 71 0 118 141 32 0 9 0 0 0 0 33 57 0 0 0 0 0 115 18 0 0 4 0 0 0 99 0 0 0 0 77 0 0 0 0 0 0 55 0 0 0 0 0 0 0 0 0 0 0 0 2 0 0 0 0 0 0 0 0 0 0 2 0 0 0 0 0 0 0 0 0 
167 0 0 177 0 0 115 142 88 0 0 152 154 84 118 208 82 107 133 38 97 135 48 0 0 0 42 0 17 107 0 191 0 0 190 0 168 0 143 0 78 155 86 249 9 196 0 0 59 0 158 216 187 0 0 132 0 0 0 69 0 163 123 0 120 125 0 0 82 139 0 146 93 0 126 55 0 0 131 0 0 0 0 18 98 155 165 0 189 0 0 0 118 0 0 0 149 164 0 86 0 125 0 0 0 0 0 128 0 0 0 0 7 0 172 175 0 0 163 0 0 186 125 63 25 0 4 13 0 68 0 0 0 65 0 0 0 0 0 135 0 0 0 0 0 42 154 0 150 0 73 0 119 91 0 22 94 0 0 0 0 0 0 0 0 0 0 101 0 42 14 0 0 0 0 0 0 0 11 0 12 0 80 79 36 0 55 77 0 0 15 35 0 0 0 55 0 0 0 0 0 0 0 0 0 0 0 0 0 0 0 0 0 0 0 0 0 0 0 0 0 0 0 
105 0 0 0 0 125 99 0 152 0 0 0 0 0 0 0 172 0 0 0 195 139 0 0 0 28 147 0 99 0 0 185 0 122 187 0 0 0 0 174 0 0 0 0 0 0 0 0 145 0 0 0 0 0 0 0 0 53 0 0 0 0 0 0 0 0 0 0 0 0 56 0 102 122 0 0 3 0 0 0 43 0 0 0 0 0 28 0 0 0 0 0 0 0 0 0 0 0 0 0 0 0 0 0 0 0 0 0 0 0 0 0 0 0 0 0 
0 154 161 0 39 88 153 139 144 0 0 57 20 0 19 0 0 168 0 69 167 0 107 109 116 0 126 0 155 156 142 0 0 167 135 137 0 0 0 134 61 114 86 148 90 52 161 97 0 121 0 0 0 12 156 144 164 103 0 140 0 0 0 0 216 80 0 114 141 0 82 199 57 153 0 164 165 0 0 166 100 207 118 0 207 170 0 146 0 0 0 228 184 172 171 0 116 0 0 0 199 0 126 0 0 3 0 0 0 0 0 0 0 0 0 0 0 0 150 73 0 61 0 83 176 0 0 0 0 0 99 0 142 0 118 0 23 131 0 0 0 31 0 163 0 39 95 2 0 0 0 67 0 0 67 97 78 4 0 124 0 0 0 0 0 72 56 0 0 0 0 8 0 50 0 0 0 0 0 0 0 0 0 57 0 5 0 50 0 0 0 10 0 0 0 0 41 0 5 0 0 0 0 0 0 0 0 0 0 0 0 0 0 
0 0 63 40 0 115 177 65 0 0 0 0 148 103 162 102 151 211 206 202 132 48 41 103 180 127 146 0 0 0 0 0 0 0 63 0 100 0 167 0 163 179 0 0 0 0 64 169 0 0 122 119 164 0 44 0 33 0 0 0 96 0 166 203 178 195 0 153 4 0 74 0 198 0 169 0 151 0 0 0 160 0 103 0 0 0 0 6 162 59 199 0 0 0 106 123 28 112 130 146 173 154 117 88 12 0 133 0 89 114 0 0 0 170 0 0 59 0 0 0 0 0 117 0 20 42 0 108 17 0 0 0 44 60 0 153 0 150 94 27 0 0 0 146 134 0 0 0 67 0 168 0 0 0 0 0 0 133 0 0 112 135 30 0 0 118 0 0 97 0 0 0 0 0 0 0 0 0 5 53 0 0 0 0 0 0 0 64 47 0 0 0 0 0 0 53 0 0 0 0 0 0 21 0 0 0 0 0 0 39 0 0 0 0 0 0 18 0 0 0 0 0 0 0 0 0 0 
98 81 0 0 0 0 0 150 67 0 0 0 0 153 63 0 97 53 0 143 29 58 77 125 0 172 0 0 0 109 0 160 0 0 0 0 0 153 4 0 45 0 0 0 0 0 0 0 0 0 0 0 0 0 70 0 0 0 0 0 0 103 0 0 0 135 0 0 0 0 0 0 0 127 0 0 69 0 0 0 0 0 29 0 0 0 0 0 0 0 85 0 11 0 0 0 0 0 0 0 0 0 0 0 0 0 0 0 0 0 0 
109 0 0 0 0 138 0 24 0 160 0 0 0 94 0 0 0 0 100 0 145 88 100 0 0 0 0 0 0 0 0 0 121 155 61 106 43 118 105 0 0 132 36 107 0 0 0 0 0 0 0 0 28 0 0 0 0 0 0 35 0 0 0 0 0 0 60 90 0 0 0 0 0 0 0 0 0 0 0 0 3 0 0 0 22 0 0 0 0 0 0 0 0 0 0 0 0 41 8 0 0 0 0 0 0 0 0 0 0 0 0 0 0 0 0 0 0 
187 151 30 0 95 146 0 43 0 0 108 165 158 173 0 0 5 0 0 0 74 135 0 0 137 120 0 74 0 0 0 11 51 81 0 112 75 0 41 56 222 84 0 0 0 0 0 0 229 0 251 150 163 125 15 169 0 46 149 49 0 81 0 0 88 0 0 144 240 112 186 0 0 0 0 186 171 0 169 0 0 189 0 0 164 129 164 0 178 0 124 0 0 0 0 196 21 0 0 103 0 132 144 130 0 0 62 139 0 0 0 0 0 0 47 0 0 175 106 11 0 0 0 0 0 0 36 131 0 0 115 0 39 0 145 0 0 0 0 3 0 154 0 0 0 82 127 0 0 85 141 0 0 130 0 0 0 0 0 0 0 0 0 110 30 0 0 0 0 0 0 4 0 117 0 0 0 94 0 0 0 79 0 0 0 0 0 0 0 0 104 0 29 0 0 50 0 48 0 0 0 18 0 0 0 0 0 0 0 0 39 20 0 0 0 0 0 0 0 0 0 0 0 0 0 0 0 0 0 0 0 0 
19 165 0 125 0 202 137 0 0 0 65 146 0 32 0 116 105 13 0 94 0 73 0 189 82 168 0 106 0 0 42 24 0 0 160 0 0 0 176 0 169 0 99 0 0 12 0 39 0 154 165 0 14 0 0 182 161 0 56 0 0 235 150 0 102 0 148 0 0 0 91 53 124 168 0 0 0 30 122 0 0 88 0 144 0 158 0 76 197 0 40 178 0 0 117 228 173 178 0 0 168 182 0 172 0 119 170 0 163 0 0 0 0 36 159 0 0 62 0 0 40 0 136 0 156 170 0 0 0 64 0 45 0 0 0 0 120 0 20 127 0 0 115 0 0 0 85 0 0 0 0 0 0 77 158 102 74 142 0 0 0 0 0 0 0 0 94 124 130 0 83 0 0 50 34 0 0 0 0 0 0 0 0 58 0 95 0 0 0 0 0 0 0 0 0 0 57 0 0 76 0 0 5 0 0 0 0 0 0 0 26 10 25 13 0 0 5 0 0 0 0 0 0 0 0 0 0 0 0 
141 0 0 0 119 0 0 0 0 0 163 0 128 0 0 0 131 0 0 156 88 0 0 0 0 0 175 0 0 49 3 0 0 0 0 0 0 106 0 111 118 123 0 0 108 177 0 94 177 0 0 0 0 0 0 53 0 0 0 0 0 0 0 0 0 181 0 0 0 0 0 0 64 0 33 0 0 55 114 146 0 0 0 137 0 0 52 0 0 0 0 0 0 0 47 0 0 0 47 0 0 0 0 0 0 0 0 0 0 0 0 0 0 0 0 0 26 0 0 0 0 0 0 0 0 0 0 0 0 0 0 0 0 0 0 
101 0 15 165 0 67 173 0 0 48 221 0 199 132 45 35 0 3 0 193 0 0 105 0 0 0 195 0 0 89 0 151 25 12 118 69 0 42 196 0 0 0 0 123 0 179 0 211 67 184 0 0 0 164 0 115 171 0 106 88 0 148 0 0 201 187 0 0 0 177 0 138 88 0 137 39 0 140 52 0 18 161 53 0 151 176 0 0 0 116 144 136 0 49 198 119 149 0 0 170 0 19 0 0 0 41 124 0 0 28 167 166 147 158 0 0 0 0 18 139 126 0 0 0 104 0 152 112 0 0 0 0 176 124 130 0 107 0 0 36 0 157 0 0 33 0 0 0 0 0 0 0 105 0 0 0 0 0 25 0 0 0 0 133 0 0 0 111 112 0 0 0 39 0 52 0 0 0 79 0 33 0 0 0 78 31 90 0 0 0 0 0 0 0 1 59 0 0 0 0 0 0 0 0 37 0 0 0 0 0 0 0 8 0 0 0 0 0 0 0 0 0 0 0 0 0 0 0 
88 0 0 0 0 0 132 92 0 140 123 118 137 0 0 0 148 0 116 0 0 0 0 89 0 0 0 0 0 0 105 0 58 0 111 71 0 0 0 95 0 0 0 0 0 0 0 0 0 0 0 65 0 0 0 0 0 0 0 0 0 0 0 0 0 0 0 0 111 0 98 0 0 0 0 0 0 0 0 0 0 0 0 0 0 34 0 0 0 0 0 0 0 0 0 0 0 0 0 0 0 0 0 0 0 0 0 0 0 0 
64 104 71 196 164 204 0 47 69 26 0 178 81 0 0 0 189 147 72 0 0 36 171 0 0 135 0 142 149 0 53 109 0 0 148 0 42 69 199 0 0 0 0 0 0 170 134 167 0 104 87 62 77 0 105 83 168 0 0 0 0 0 219 170 18 0 0 216 0 170 105 141 77 0 0 0 121 0 0 120 0 157 131 0 0 0 0 0 98 0 167 174 54 176 0 0 148 186 0 65 0 0 102 0 109 0 0 113 20 0 11 0 140 0 0 50 0 0 0 0 170 114 0 0 0 154 43 41 111 167 0 0 0 0 11 0 24 0 0 0 0 0 0 0 109 154 0 0 0 0 0 134 0 18 0 93 0 0 0 0 22 113 0 0 101 0 0 0 0 49 104 0 44 3 0 0 67 30 0 0 0 0 71 0 0 0 0 0 0 82 33 0 0 14 0 0 0 0 0 0 0 19 56 0 0 49 0 0 0 0 0 37 9 0 38 0 0 0 0 7 0 0 0 0 0 0 0 0 0 0 0 0 
31 131 212 56 49 103 0 12 0 141 0 0 224 139 101 123 151 155 193 80 0 201 0 0 170 172 95 0 0 139 0 0 94 0 0 0 176 0 97 118 0 169 0 80 231 0 184 170 190 38 162 0 106 164 0 236 0 0 0 62 0 50 141 0 160 0 152 143 0 145 0 86 0 164 0 0 0 0 0 0 160 162 0 158 0 54 0 0 164 0 132 10 0 5 0 0 0 0 0 0 132 214 28 0 0 216 126 98 0 173 158 0 0 164 175 0 0 0 0 180 0 0 201 0 0 63 0 153 0 106 101 162 0 0 0 158 0 0 0 147 166 0 0 138 0 0 0 0 156 0 0 0 0 0 0 0 0 0 0 0 157 0 0 0 0 89 0 0 133 0 0 0 0 0 38 0 0 0 0 0 31 87 0 70 0 0 0 109 0 0 0 0 0 108 0 0 0 0 0 0 0 0 0 82 57 0 0 0 0 0 0 21 0 0 0 0 0 0 0 0 0 0 0 0 0 0 0 0 0 0 8 0 0 0 0 0 0 0 0 0 
114 0 173 15 0 0 0 154 0 0 0 18 0 0 72 0 100 0 0 0 0 0 0 136 0 51 0 0 0 0 0 162 111 0 0 106 0 0 0 0 178 0 0 0 0 0 0 0 0 0 0 0 0 0 111 0 0 0 0 0 0 0 0 0 0 0 0 40 0 0 0 159 0 0 0 0 0 0 0 0 0 0 0 105 0 0 45 0 0 0 0 0 0 0 32 0 0 0 0 0 0 0 0 0 0 46 0 0 0 0 0 0 0 0 0 33 0 0 0 0 0 0 0 0 0 0 0 0 0 
109 0 0 40 0 0 182 0 0 0 153 0 0 0 0 166 0 0 0 0 0 0 106 96 0 0 140 0 224 0 0 0 0 0 0 0 0 0 0 0 0 0 0 0 0 167 0 0 0 0 49 171 0 0 0 146 0 0 0 0 17 0 0 170 0 0 0 139 0 0 0 0 0 0 0 0 0 113 0 8 0 0 0 0 134 0 0 0 0 0 0 0 0 0 0 0 0 0 0 0 71 0 0 0 0 0 0 0 0 0 0 0 0 0 34 0 0 0 0 0 0 0 
111 0 89 0 0 157 0 0 0 0 0 32 0 97 0 0 0 152 0 0 0 0 0 182 0 110 0 0 0 59 0 145 0 0 0 0 0 0 0 156 132 0 222 0 127 0 0 112 0 190 0 0 0 0 0 0 0 0 0 0 160 0 0 0 0 0 0 30 0 180 0 0 0 0 0 0 0 0 0 0 95 0 0 0 0 0 0 0 0 0 0 84 0 18 0 0 42 0 0 0 0 0 4 0 0 0 0 0 0 0 0 0 0 0 0 0 0 0 0 0 0 0 0 0 
106 103 55 116 41 0 16 177 58 32 181 0 15 181 0 33 125 0 151 90 93 192 0 0 0 58 12 115 0 249 181 261 0 0 207 0 103 0 0 0 0 158 0 189 0 173 241 161 132 184 0 63 0 160 2 164 36 0 0 146 0 0 161 0 209 170 0 0 13 101 0 0 100 0 176 0 0 194 114 162 0 151 26 0 81 0 148 0 0 0 53 171 0 0 92 0 82 214 118 183 0 0 0 0 52 39 0 0 0 168 0 0 0 174 175 160 0 0 13 0 17 97 177 168 0 171 0 149 101 189 100 104 139 0 0 0 0 0 0 0 0 0 0 0 0 0 0 61 0 131 0 66 6 0 0 0 0 0 128 0 0 0 45 0 0 0 130 46 0 0 0 0 45 0 0 22 0 116 0 4 78 89 49 0 0 0 76 0 0 0 71 0 0 24 2 0 18 0 0 0 0 0 0 25 0 56 0 0 0 0 0 2 0 0 0 0 0 0 0 0 0 0 0 0 0 
0 0 208 183 183 144 221 81 37 182 91 0 144 157 143 87 62 65 0 119 109 196 0 0 0 129 0 191 74 39 0 0 0 0 184 134 75 70 112 197 158 65 0 0 0 0 19 108 213 0 0 92 0 66 165 139 143 0 0 131 0 63 116 129 98 0 101 136 0 0 119 0 3 0 119 83 163 0 0 0 0 0 0 81 0 158 76 108 170 0 0 229 0 179 63 161 124 0 22 126 90 199 0 0 0 0 0 0 138 63 68 0 26 111 0 0 29 54 0 155 0 141 129 0 15 0 0 0 199 124 154 0 0 0 0 2 0 60 0 109 146 0 83 3 0 127 0 0 0 0 0 0 0 0 0 11 92 2 0 0 139 0 0 79 10 0 0 0 0 6 0 0 0 0 0 0 0 0 0 0 65 0 0 85 0 0 69 0 0 0 0 0 16 0 0 0 0 0 10 0 52 0 0 0 0 0 0 0 0 41 0 0 0 0 0 34 0 0 0 0 0 0 0 0 0 0 0 0 0 0 0 0 
97 0 0 0 17 0 48 0 0 0 0 0 0 0 0 0 153 0 0 157 0 163 0 0 0 0 0 0 0 0 0 0 0 0 0 0 0 0 0 0 0 230 0 0 0 0 0 0 0 0 0 0 46 0 0 0 72 98 20 0 0 135 0 0 0 0 54 0 0 0 0 0 0 0 0 0 0 0 130 0 0 83 0 0 0 25 0 0 0 0 21 0 0 61 0 0 2 0 0 0 0 0 0 0 0 0 0 0 0 0 0 0 0 0 0 0 0 0 0 0 0 0 0 0 0 0 0 
114 20 0 74 125 52 0 0 0 218 0 120 150 0 169 229 153 0 147 81 11 0 162 0 57 0 0 0 0 0 69 157 0 74 158 230 0 0 0 170 204 217 57 74 0 18 194 67 59 0 57 0 0 103 31 138 122 0 155 0 119 0 0 72 0 13 0 199 0 192 0 223 146 56 0 0 136 185 0 0 0 0 0 82 114 0 0 103 71 0 0 174 146 188 0 171 0 0 0 0 113 30 0 0 0 111 187 161 0 165 0 153 0 173 0 0 219 179 0 0 0 0 0 0 0 183 0 0 0 29 0 0 106 143 0 201 1 123 0 119 191 0 0 0 0 0 0 0 80 135 0 0 57 149 0 0 0 159 0 0 0 85 0 9 0 0 94 0 0 51 0 0 0 0 0 0 0 0 0 0 0 0 36 55 0 0 0 0 0 0 0 0 0 0 62 0 0 0 11 0 0 0 9 0 0 0 0 31 0 0 0 0 0 0 0 0 0 0 0 0 0 0 30 25 0 0 0 0 0 0 0 0 0 0 0 0 0 0 0 
183 124 163 0 151 81 93 43 138 163 170 69 60 0 0 0 0 174 114 145 0 246 185 0 231 76 0 0 180 0 0 0 211 177 0 132 199 226 66 0 0 0 0 0 120 122 239 122 202 0 75 0 0 0 78 64 0 0 69 0 48 0 147 113 161 197 0 83 0 128 3 232 0 0 0 159 0 21 171 0 0 96 0 0 0 0 0 0 0 183 121 0 0 0 0 142 0 63 143 147 39 38 159 167 113 96 163 0 127 0 109 110 0 160 0 199 0 184 48 38 196 0 102 41 63 185 0 0 0 0 0 76 0 94 0 103 0 28 102 0 0 0 0 171 0 97 166 0 150 0 0 0 0 0 0 0 0 160 0 0 0 0 108 0 0 0 109 0 105 99 0 0 0 0 0 0 0 95 0 0 0 0 0 98 0 0 0 0 0 0 74 0 0 0 0 0 0 0 80 0 56 19 0 72 0 2 26 0 3 0 0 0 7 0 0 0 0 0 0 0 0 0 0 0 0 0 0 0 0 0 0 0 0 0 
102 0 51 83 126 0 78 0 97 0 0 0 0 143 0 0 189 0 0 138 0 0 53 0 169 0 0 1 0 0 0 0 0 0 0 0 0 0 0 0 0 57 0 0 0 9 106 90 0 91 0 0 0 0 0 94 0 0 0 0 0 0 12 0 0 0 0 0 0 0 0 0 116 0 0 0 122 0 0 33 0 0 0 0 0 0 75 0 87 0 0 0 0 0 0 0 0 0 0 0 0 0 0 0 0 0 0 0 0 0 0 0 0 0 
120 0 0 0 107 0 0 97 0 0 0 0 0 0 0 134 0 179 0 131 101 0 0 0 130 0 0 0 0 0 0 0 0 0 0 0 0 0 178 0 0 0 0 0 0 0 0 0 0 51 35 0 0 0 0 0 0 0 0 0 0 0 0 0 101 0 0 120 54 0 0 16 45 0 0 0 0 7 0 0 0 0 0 107 0 154 0 0 0 0 38 0 0 105 0 0 0 0 0 0 0 0 28 0 0 0 0 41 0 0 27 0 0 0 0 0 0 0 0 0 0 0 0 0 0 0 0 0 0 0 0 
65 102 0 164 167 156 0 0 173 108 179 0 149 0 68 176 0 153 0 136 109 140 6 93 0 150 0 41 0 18 186 45 0 0 0 112 0 0 0 0 138 0 17 0 0 0 0 24 43 0 166 0 163 152 0 155 0 121 129 0 0 190 0 0 0 0 0 0 0 159 0 0 188 0 106 0 0 248 179 108 0 0 0 170 0 0 0 31 0 173 125 89 207 51 0 13 175 0 0 113 9 168 0 0 93 0 0 0 0 0 74 0 0 145 0 0 0 0 157 0 0 0 180 0 161 0 0 25 0 169 0 0 160 163 0 126 109 195 41 0 0 0 0 0 42 134 0 0 0 0 139 0 0 3 186 0 0 77 0 0 0 99 0 0 58 112 23 0 153 0 0 0 0 0 130 0 143 0 133 66 0 0 0 56 46 0 112 0 52 0 0 118 0 109 78 65 0 102 0 0 0 0 0 0 0 0 0 0 0 0 0 4 0 0 86 0 0 0 0 16 0 0 0 0 0 0 0 0 0 0 8 0 6 6 0 0 0 0 9 0 0 0 0 8 21 0 0 0 0 
117 0 0 0 0 0 0 0 0 0 0 0 0 0 60 0 0 110 0 0 0 0 0 0 0 0 23 0 0 0 142 0 0 0 0 122 0 0 168 186 0 157 0 0 0 125 0 0 0 0 0 138 0 0 0 0 0 50 29 0 0 0 0 0 90 187 51 0 130 0 0 0 0 0 0 0 0 0 0 0 0 0 0 0 0 0 0 48 0 0 0 0 133 0 0 0 0 0 0 0 0 0 0 0 0 0 0 0 0 0 0 0 0 0 0 0 0 0 0 0 0 0 0 0 0 0 0 0 0 0 0 0 0 0 
125 0 13 0 0 18 0 0 0 0 0 60 0 0 0 0 0 0 0 151 0 0 106 0 154 167 175 0 0 0 0 93 0 0 90 0 107 0 0 0 143 0 112 78 113 135 0 0 0 0 0 188 187 198 0 0 180 0 0 0 0 0 3 0 0 0 0 178 0 157 0 0 0 0 0 0 0 89 109 0 0 0 75 16 0 0 71 0 0 0 0 0 62 0 0 0 0 0 0 0 0 0 0 0 0 0 0 0 0 0 21 0 0 14 14 0 0 0 0 0 0 0 0 0 0 0 0 0 
90 94 121 0 0 0 137 0 0 0 236 221 164 0 85 32 51 89 206 97 0 0 158 92 0 40 0 74 56 0 101 0 0 0 179 83 105 0 219 0 0 25 92 134 185 0 0 0 54 183 16 79 149 0 201 0 161 0 188 190 0 112 0 16 178 0 171 0 112 128 76 0 78 0 0 179 0 0 186 0 186 170 133 0 0 121 205 0 168 0 100 106 145 0 0 0 0 102 0 0 0 0 83 0 0 0 108 0 0 0 200 71 194 182 143 0 0 167 35 118 60 0 183 0 0 0 0 145 0 0 0 0 0 0 0 11 0 187 0 0 0 0 0 0 0 139 0 136 0 64 108 0 0 174 0 0 0 163 158 62 69 0 0 0 50 0 146 0 2 0 0 0 0 0 48 0 0 0 73 0 0 0 0 122 130 0 0 0 0 0 0 0 0 2 0 0 79 0 0 0 0 0 60 0 0 0 7 0 0 0 0 1 0 0 0 0 0 0 21 0 0 15 0 42 35 0 0 0 0 0 0 0 0 0 0 0 0 0 0 0 0 0 0 
98 0 0 0 0 122 0 0 34 0 0 0 0 0 0 0 0 0 0 161 0 106 148 0 180 157 0 0 0 0 0 109 0 0 0 0 0 0 0 0 0 0 110 6 178 0 0 0 0 0 178 0 0 166 0 0 0 153 109 0 0 0 124 0 0 0 0 0 0 0 0 81 0 0 98 0 115 0 0 0 0 0 44 0 0 113 0 0 0 0 0 0 0 0 0 0 0 0 0 0 0 0 0 0 0 0 0 0 0 0 0 0 0 0 0 
144 132 58 164 77 147 0 0 177 86 0 0 39 63 0 0 189 112 213 231 0 150 276 125 129 0 61 189 171 58 0 0 196 168 112 11 224 83 153 0 74 205 0 93 0 26 81 0 63 39 0 0 170 58 0 110 47 210 194 152 0 206 0 200 147 0 52 36 188 0 0 0 95 0 132 177 0 0 0 147 0 0 67 0 135 0 140 167 3 18 0 136 0 0 0 137 0 149 0 79 123 0 173 182 5 127 164 0 0 130 82 55 0 0 0 0 61 0 0 0 0 81 0 35 158 0 178 202 195 148 0 135 141 0 0 0 0 0 0 0 0 0 0 148 59 0 130 0 184 0 0 0 0 91 0 0 0 0 0 0 0 0 0 0 0 0 1 0 0 13 0 0 0 0 0 0 0 0 115 0 0 0 72 0 0 89 0 0 27 79 0 0 0 0 0 0 0 0 11 0 0 0 87 0 0 0 0 0 0 0 0 0 0 0 0 0 56 0 0 4 0 0 0 37 0 0 0 0 0 0 0 0 0 0 0 0 0 0 0 0 0 0 0 0 0 0 0 
82 0 195 33 52 0 0 0 74 255 64 209 108 77 159 175 105 180 86 0 227 121 0 0 0 0 187 169 0 93 89 180 0 0 230 231 162 255 142 102 0 0 0 172 0 140 0 0 183 89 91 0 0 50 0 0 38 0 101 212 89 157 184 0 196 0 0 0 0 143 132 0 209 57 0 31 121 0 0 0 0 150 11 184 169 230 0 171 179 0 88 0 0 0 180 48 0 19 0 129 0 0 0 0 243 0 157 9 0 204 151 0 0 0 0 97 0 32 0 133 0 93 0 186 0 0 0 150 180 0 207 0 176 0 184 0 0 0 179 0 0 147 0 15 0 0 168 185 127 0 0 0 76 0 0 49 0 0 0 0 0 0 0 152 0 137 75 48 0 44 0 0 0 49 0 0 8 0 0 0 0 0 0 82 0 0 89 0 5 0 0 98 101 0 0 0 0 39 11 0 0 0 0 0 27 0 0 0 0 0 0 0 0 0 50 0 0 0 0 31 0 0 0 0 0 0 0 0 0 0 0 0 0 0 0 0 
0 38 0 0 0 158 0 0 157 248 0 280 45 0 0 253 90 0 0 0 0 98 107 35 41 231 0 0 161 114 171 152 0 0 10 132 0 0 49 174 0 0 151 188 177 0 0 0 0 54 0 146 217 166 0 203 0 107 0 0 0 0 0 29 207 117 204 156 0 38 0 132 123 0 45 0 137 192 127 0 218 0 168 0 0 105 0 0 166 181 114 215 0 0 97 72 45 0 0 31 136 181 25 0 161 0 0 176 0 0 0 0 157 0 55 0 0 109 0 0 88 92 143 68 186 0 0 0 0 66 188 0 110 3 0 160 0 0 60 19 0 0 103 153 12 0 0 42 127 0 0 20 0 0 0 158 0 0 0 180 129 0 152 0 0 103 0 89 0 125 0 0 0 0 81 0 107 4 83 76 116 90 41 90 0 0 22 0 0 0 0 0 0 0 0 0 0 0 0 0 0 0 65 0 83 84 0 0 0 0 0 0 0 0 0 0 0 0 0 0 0 0 0 0 0 0 28 0 0 0 0 0 0 0 0 17 0 0 0 0 0 0 0 0 
21 32 17 0 0 46 234 0 0 175 35 166 105 0 22 107 109 0 0 0 0 0 0 1 231 0 56 219 87 0 161 0 0 0 0 0 0 56 103 186 85 71 0 115 0 181 0 0 0 63 0 97 164 64 35 63 0 0 0 83 259 35 96 224 0 146 0 189 106 259 0 0 99 221 147 0 25 74 48 45 0 0 0 0 0 166 0 0 0 82 0 0 23 115 0 0 0 91 0 158 0 211 0 0 0 0 129 0 92 0 162 0 0 0 145 28 0 151 0 140 90 177 0 156 0 0 137 167 122 0 0 75 82 82 0 0 0 0 0 0 139 96 74 0 0 15 0 130 0 118 0 0 0 0 170 0 0 0 97 129 0 0 0 0 0 0 0 49 0 0 0 0 0 0 5 38 0 0 0 0 0 0 0 0 141 0 0 8 0 29 0 118 46 0 0 0 0 0 9 0 0 0 0 0 0 0 0 0 0 0 0 25 0 26 0 0 0 0 0 0 0 0 0 0 59 38 0 0 0 44 0 50 0 0 0 0 0 0 0 0 0 0 0 0 0 0 0 0 0 0 0 0 0 0 0 0 0 0 0 
120 149 0 120 0 0 0 0 14 189 0 0 88 170 31 95 0 39 0 143 0 0 0 47 0 0 0 0 0 0 0 85 171 0 51 0 131 0 0 0 30 0 0 208 0 0 0 0 0 251 0 0 0 0 0 154 0 0 0 18 0 0 0 0 0 0 96 0 0 0 0 0 0 0 0 0 0 0 0 0 0 0 0 0 0 0 0 0 0 2 0 49 0 0 0 94 0 0 0 0 0 0 0 0 0 0 0 46 0 0 0 0 0 0 0 0 0 33 0 0 0 0 0 0 0 0 0 0 0 0 
115 141 147 149 42 0 0 97 0 0 0 0 0 145 0 82 5 0 0 0 0 0 0 0 0 0 197 0 0 0 0 0 172 0 0 100 0 0 0 190 0 0 182 0 0 0 0 0 0 0 0 22 0 0 0 0 0 0 0 183 79 0 0 0 0 189 0 30 0 0 0 130 0 0 0 0 0 0 0 128 0 0 0 0 0 0 91 0 0 0 0 0 0 130 0 0 0 0 0 0 0 0 0 0 0 0 0 0 0 0 0 0 0 0 0 0 0 0 0 0 0 0 8 0 
0 34 172 0 24 147 157 57 119 0 185 0 72 0 181 91 0 0 0 0 182 0 81 77 85 159 204 0 155 164 0 26 173 0 129 0 181 57 93 12 0 36 0 121 182 108 178 156 169 0 0 179 240 0 89 0 0 0 166 7 199 0 152 185 0 154 130 44 141 0 101 195 161 226 6 0 118 205 214 0 145 150 0 0 0 0 57 45 106 108 114 184 0 0 0 0 132 103 157 0 0 0 0 0 189 167 0 157 0 0 0 0 0 127 0 0 174 0 0 158 110 0 0 6 216 44 33 0 5 0 115 15 0 140 0 173 0 12 93 0 0 0 0 0 0 0 62 0 0 160 0 157 0 171 0 0 51 0 0 147 0 103 45 35 0 0 0 0 0 0 0 0 48 0 143 0 0 0 0 0 103 0 0 83 0 0 41 27 69 0 1 0 0 0 23 0 0 0 0 0 0 72 0 43 0 61 0 0 0 0 17 46 0 0 0 0 0 0 0 0 3 0 0 0 0 0 0 0 0 20 0 0 0 0 0 0 0 0 
111 85 0 0 155 49 160 154 105 89 133 135 95 0 0 0 0 0 0 70 0 2 0 0 121 109 200 0 0 2 0 0 0 0 0 0 0 0 115 0 0 143 0 94 0 0 193 0 129 0 0 0 0 0 0 0 0 0 0 0 0 166 0 0 0 0 0 0 0 0 0 0 0 0 146 0 0 0 0 0 0 0 0 0 0 81 0 0 0 0 0 0 0 0 0 0 0 0 0 0 0 0 42 0 0 0 0 0 0 0 0 0 0 0 0 0 0 0 0 0 0 
122 0 0 0 0 191 0 82 8 153 157 0 158 53 105 0 0 0 0 0 0 66 0 0 0 162 67 186 0 0 0 0 95 0 0 0 0 0 137 0 0 0 120 0 0 0 0 0 0 0 0 0 0 128 0 0 0 36 0 0 0 95 0 0 148 0 0 0 102 59 0 49 0 0 0 0 0 0 0 0 0 0 63 0 0 0 0 118 0 0 108 0 0 0 0 0 0 61 0 0 0 0 0 0 49 0 0 0 0 0 0 0 5 0 0 0 0 0 0 0 0 0 0 0 0 0 0 
113 0 0 0 0 0 134 0 49 137 0 0 0 0 0 0 0 63 0 136 0 0 0 0 0 0 119 0 172 0 0 0 0 89 0 0 0 0 0 0 0 0 0 0 0 0 153 143 0 0 0 0 0 0 120 0 0 0 0 0 0 0 0 0 0 0 0 183 0 75 0 0 0 0 0 0 0 0 0 17 0 0 0 76 0 0 0 0 0 0 0 0 0 0 0 0 0 0 0 0 0 0 14 72 0 0 0 0 0 0 0 0 0 0 0 0 0 0 0 0 28 0 0 0 0 0 0 0 
119 7 149 5 0 0 0 27 81 15 0 164 0 0 29 70 189 0 0 197 81 100 0 0 0 0 0 0 168 198 102 0 11 102 189 115 149 0 0 68 0 229 0 14 77 154 106 149 0 110 145 193 0 168 159 53 31 218 39 182 215 79 105 163 42 0 26 0 185 0 148 0 0 119 12 0 229 123 0 143 18 0 0 0 0 140 0 0 0 0 0 27 156 29 211 128 0 0 152 103 29 182 0 0 73 225 0 0 0 0 47 34 40 0 118 0 181 0 133 0 0 0 104 193 0 0 108 0 0 186 0 139 0 94 74 174 191 0 196 0 167 36 109 0 0 0 0 0 112 50 0 88 0 0 0 0 0 0 0 0 0 0 0 0 0 0 0 0 0 158 25 0 0 0 0 108 130 0 43 0 0 0 0 54 0 0 0 0 0 74 0 0 0 0 0 105 0 90 49 4 0 0 45 0 0 0 0 0 50 14 18 0 0 0 0 0 0 0 0 0 0 0 0 0 0 0 0 22 0 0 0 0 0 0 0 28 0 0 19 0 0 0 0 0 0 0 0 0 
51 62 67 0 0 0 0 0 82 0 98 7 0 118 0 192 161 139 0 77 70 86 0 176 130 0 0 0 14 0 0 0 185 175 180 0 187 164 0 90 42 0 0 228 117 166 0 101 127 148 193 0 241 97 109 176 243 0 81 0 0 0 124 95 0 66 0 131 0 0 90 170 0 0 143 0 269 0 0 166 0 0 69 94 193 102 0 32 83 0 152 0 137 3 0 95 126 0 208 0 61 50 161 1 213 117 0 0 8 178 88 69 0 178 38 71 0 0 0 0 0 0 0 195 0 168 0 24 0 0 0 0 0 0 0 187 0 0 0 0 66 0 0 0 0 50 93 17 0 75 0 0 0 0 0 170 0 131 55 0 0 11 154 161 0 0 169 0 0 0 0 0 0 0 0 0 0 0 0 36 141 0 0 0 0 0 0 31 0 0 0 43 0 0 46 95 39 0 0 0 18 0 0 0 0 0 0 0 0 0 0 0 0 0 67 0 6 0 0 0 0 0 0 0 0 0 0 15 0 0 0 0 0 0 0 0 0 0 0 0 0 0 19 11 0 0 0 0 0 0 0 0 0 8 0 0 0 0 0 
107 0 186 99 0 63 0 195 171 179 0 0 195 188 0 0 0 0 0 0 0 0 0 0 0 85 0 172 152 0 0 0 179 0 13 186 0 0 21 70 0 0 0 161 83 0 74 0 0 0 0 0 125 0 0 0 0 0 0 0 0 163 0 0 0 194 71 0 0 0 0 0 0 0 0 0 0 0 0 0 0 0 49 0 0 0 10 0 0 0 0 0 0 0 0 0 0 0 0 11 0 0 44 88 0 0 0 0 0 0 0 0 0 0 0 30 0 0 0 0 0 0 0 
108 30 0 0 0 63 129 0 69 0 0 0 0 0 0 0 0 0 0 152 0 0 0 0 66 0 0 0 0 174 0 0 148 0 20 0 186 0 0 0 0 0 184 0 158 0 164 187 0 0 0 0 0 0 0 0 42 0 0 0 0 0 61 0 0 0 0 0 0 0 0 0 0 0 0 0 0 0 0 0 0 0 0 0 55 0 0 0 0 88 0 0 0 0 0 0 0 0 0 0 0 0 0 0 59 0 0 0 0 0 0 0 0 0 0 0 0 0 0 0 0 0 0 0 0 0 0 0 0 0 0 0 0 
0 80 114 0 180 0 0 168 129 0 172 155 0 74 227 0 0 81 55 153 160 0 0 0 0 0 0 83 164 0 0 200 56 147 67 0 214 0 63 74 0 15 0 0 0 252 0 0 0 103 120 171 210 117 142 0 0 168 96 0 173 0 0 44 140 44 0 0 0 0 184 144 0 134 63 105 0 0 0 0 49 62 166 194 0 104 187 0 180 145 135 246 0 0 100 0 0 0 154 0 227 0 0 0 145 63 160 170 128 0 156 0 0 0 182 225 136 107 0 186 0 120 156 172 0 0 0 0 0 24 55 0 0 28 0 0 177 0 187 9 0 0 208 195 122 112 0 32 139 0 0 96 73 190 0 0 94 131 0 0 0 0 146 0 0 162 152 0 0 0 0 0 141 0 0 0 0 0 0 141 16 0 0 0 0 17 0 0 59 110 84 0 0 0 0 80 0 0 0 0 0 20 0 0 0 46 0 31 0 0 0 0 89 0 32 0 0 0 0 0 0 0 0 0 0 0 0 3 0 0 19 0 0 0 0 0 0 0 0 0 0 11 0 0 0 0 0 0 0 
21 122 0 77 0 92 77 0 0 23 193 0 0 0 0 0 114 110 0 115 85 138 0 0 0 0 0 151 127 0 0 186 130 204 0 0 70 0 0 60 89 0 141 208 170 0 72 157 119 95 177 148 223 67 131 61 225 0 196 0 89 0 153 90 0 0 0 109 0 48 153 13 175 0 0 0 146 178 0 0 138 0 160 0 184 215 135 114 101 146 182 0 181 133 0 0 0 0 0 117 0 0 0 0 220 98 216 0 0 0 163 0 91 8 97 72 0 0 0 172 54 0 122 0 0 0 0 0 14 188 183 179 0 167 0 0 120 7 0 33 185 0 142 16 0 72 0 0 90 0 0 0 0 133 111 0 105 0 0 173 0 0 182 57 21 59 162 0 0 0 0 151 0 0 32 0 0 0 71 1 84 114 0 0 0 0 0 0 0 0 0 0 0 0 0 63 0 0 0 0 55 0 0 0 0 0 0 0 0 0 18 0 0 0 49 0 0 78 0 0 0 0 0 50 0 0 0 0 0 0 0 0 0 0 0 0 0 0 0 0 0 3 0 0 0 0 0 0 0 0 0 
102 0 0 92 140 181 0 0 0 0 139 146 0 0 215 66 246 100 30 194 0 194 0 260 0 62 0 0 0 0 68 86 0 0 0 215 0 0 0 0 256 0 132 0 156 0 24 157 53 0 179 0 0 269 0 0 156 0 0 170 0 143 147 39 187 27 0 96 264 0 0 136 95 99 220 147 0 116 0 70 185 175 133 100 0 224 160 238 81 20 0 0 0 0 29 0 195 191 133 223 129 117 0 0 121 0 0 67 68 153 160 0 48 0 0 133 0 0 0 0 0 89 56 0 0 0 127 0 157 0 73 182 90 0 194 129 0 0 0 0 192 217 80 0 0 0 0 0 0 144 114 0 167 113 82 134 0 0 0 157 48 0 0 179 36 0 0 0 0 93 31 18 87 0 0 0 0 0 0 86 4 110 0 0 0 0 0 0 54 0 8 0 0 0 0 0 0 0 108 92 0 0 0 31 0 0 0 49 94 0 0 5 0 0 0 0 0 0 0 0 0 0 38 0 0 0 0 0 0 0 0 0 0 0 0 0 12 0 0 0 0 0 0 0 0 0 0 0 0 0 0 
97 0 0 0 0 53 0 190 31 0 0 39 0 0 0 0 134 0 0 0 0 0 0 162 0 127 0 0 0 0 0 0 177 0 0 0 0 0 152 0 85 0 121 0 0 0 0 33 0 0 0 0 0 0 0 0 10 0 0 0 0 0 0 68 0 0 0 0 0 202 98 0 21 71 0 0 0 0 0 0 0 0 0 114 0 0 119 0 0 0 0 0 0 0 0 0 0 0 0 0 0 0 48 0 0 0 42 0 0 0 0 0 12 0 0 0 0 0 0 0 0 0 
111 0 0 0 0 0 0 0 181 0 0 0 0 0 0 93 143 0 0 0 0 0 0 0 0 0 0 0 39 190 0 0 0 185 0 0 0 175 0 149 0 0 0 32 0 0 197 94 160 0 0 0 0 0 119 0 0 0 0 0 0 0 0 0 0 37 0 0 0 0 0 0 110 0 0 117 0 0 0 0 77 0 0 0 0 0 0 0 0 0 0 0 0 0 0 0 42 0 0 0 0 0 0 0 0 0 0 0 0 0 0 0 0 0 0 0 0 0 0 0 0 0 0 0 0 0 0 0 0 0 0 0 0 0 4 0 0 
124 0 0 0 200 102 0 85 0 0 0 169 0 146 0 0 170 0 0 144 0 0 0 0 135 0 197 121 0 166 0 0 0 136 0 153 0 119 183 0 188 0 0 0 0 163 0 42 0 0 0 0 32 106 0 119 0 0 0 0 0 0 0 0 0 0 0 0 0 0 118 53 13 70 0 0 0 0 0 0 0 0 0 0 0 0 0 0 0 0 0 0 0 0 0 0 0 0 0 0 0 87 0 0 0 0 0 0 0 0 0 0 0 0 0 0 0 0 0 0 0 0 0 0 0 0 0 0 0 0 0 0 0 0 0 0 0 0 0 
