101 0 0 0 0 55 35 54 0 48 128 0 0 140 0 0 66 0 0 0 0 24 39 0 140 10 143 168 0 0 141 0 0 0 0 3 0 0 134 0 0 119 0 118 120 0 0 0 0 27 0 0 0 0 0 20 0 0 71 10 128 106 0 0 0 0 0 0 98 0 0 0 0 0 43 0 0 0 0 0 0 0 0 0 0 0 0 0 0 0 0 0 0 0 0 0 0 0 0 0 0 0 
95 132 0 0 61 186 0 81 24 0 183 0 119 0 0 0 0 124 0 0 0 0 0 90 0 0 0 66 0 0 0 0 58 0 142 0 0 0 0 0 109 138 0 0 0 0 0 0 0 0 0 0 0 0 0 0 0 0 0 0 0 0 0 0 0 0 0 0 0 0 0 0 0 0 0 0 66 0 0 0 0 0 25 0 0 0 0 0 0 0 0 0 0 0 0 0 0 0 0 0 0 0 
97 0 0 0 0 0 95 28 91 144 0 0 0 11 0 49 127 0 0 99 0 0 0 0 18 22 0 0 146 0 54 0 0 0 70 0 0 0 109 0 0 0 0 0 0 146 125 0 0 84 0 0 0 116 10 0 0 0 0 61 52 0 0 0 0 29 0 0 98 0 0 0 0 0 0 0 0 0 0 0 0 0 0 0 0 0 0 0 0 0 0 0 0 0 0 0 0 0 0 0 0 0 0 0 
0 61 0 44 24 0 0 138 0 81 109 0 0 171 0 0 100 164 0 64 86 115 119 97 81 142 50 0 0 0 7 46 0 54 87 96 0 0 85 0 0 0 93 124 124 0 154 128 0 0 69 173 0 92 140 172 0 135 0 122 0 97 116 0 0 0 0 50 0 101 85 114 144 0 0 0 35 0 117 82 147 68 0 0 81 167 0 61 70 0 79 0 0 0 0 0 141 0 0 136 0 0 0 0 0 0 86 83 35 0 0 0 0 96 127 0 28 0 0 0 12 0 0 33 57 0 0 0 0 0 95 0 0 0 0 64 0 0 99 0 0 0 0 50 0 48 74 85 56 0 0 0 0 71 0 0 0 32 0 0 0 0 0 0 0 0 0 16 0 0 0 0 0 0 0 0 0 10 0 0 0 0 0 0 0 0 0 0 0 0 0 0 
0 75 125 198 0 133 0 133 136 0 40 40 131 0 10 0 86 0 133 134 130 0 0 0 0 0 0 42 0 166 0 70 121 0 0 89 152 0 39 0 53 0 40 114 0 78 101 117 146 126 0 102 63 140 103 15 0 42 0 0 0 144 0 0 0 0 136 0 107 115 0 117 70 0 0 121 121 56 0 0 0 0 131 78 30 0 100 0 0 123 0 0 0 0 0 28 0 48 0 126 0 0 146 0 82 101 153 0 113 0 0 0 139 0 0 0 34 0 0 47 0 0 0 0 0 0 0 0 103 97 0 0 38 87 0 0 92 0 0 0 0 0 0 34 0 0 98 0 0 0 0 0 0 0 0 0 0 8 3 0 12 55 0 45 0 0 0 0 0 0 0 0 0 6 7 0 38 0 0 0 0 23 0 14 0 0 0 0 0 0 0 0 0 
101 33 0 0 0 0 0 75 0 0 0 97 137 0 0 96 0 44 0 0 0 0 139 0 0 0 0 0 0 133 0 0 147 0 108 0 0 0 0 0 0 0 0 0 0 69 0 0 0 0 40 32 0 0 0 0 0 0 22 0 0 0 0 0 0 0 0 0 0 0 0 0 0 0 0 0 0 0 0 0 0 0 0 0 0 0 0 0 14 0 0 30 0 0 0 0 0 0 0 0 0 0 0 0 0 0 0 
97 4 0 0 0 0 0 89 0 0 44 145 0 0 135 0 0 0 0 0 0 0 152 0 0 0 0 80 30 0 99 0 0 0 0 0 0 0 0 0 0 0 0 0 0 0 0 0 27 0 0 0 0 0 93 0 0 0 0 86 0 0 0 0 0 0 80 130 0 0 0 0 7 0 0 0 0 0 0 0 0 0 0 0 0 0 0 0 0 0 0 0 0 0 0 1 0 0 0 0 0 0 0 0 0 0 0 0 
89 0 0 0 0 91 27 73 0 0 0 0 0 0 0 0 32 0 0 0 123 0 0 74 0 0 0 0 107 0 0 98 83 0 0 0 1 0 0 45 68 0 0 0 0 0 0 0 0 85 72 65 0 0 0 0 0 0 0 0 0 0 91 61 29 41 0 0 0 53 0 4 0 0 0 0 0 9 0 0 0 0 0 0 0 0 0 20 0 0 0 0 0 0 0 0 
85 0 0 0 0 0 24 14 0 0 0 0 100 0 0 0 62 0 0 0 104 134 126 77 0 0 0 117 30 0 135 126 0 0 0 0 0 41 132 0 0 0 0 0 0 0 0 0 0 0 0 0 125 0 0 0 0 56 31 0 0 0 76 0 0 0 0 0 0 0 0 0 0 0 36 0 0 0 0 0 0 24 0 0 0 0 0 0 0 0 0 0 0 
0 0 82 0 144 103 0 93 61 59 85 145 57 128 0 48 145 75 32 0 126 109 0 139 140 0 111 141 129 91 133 103 147 37 64 145 1 0 134 0 0 0 110 143 111 0 0 130 0 0 26 0 21 126 0 62 0 34 1 106 80 0 0 0 0 0 89 102 0 19 98 6 118 0 92 0 159 0 72 0 0 0 79 0 0 0 148 69 0 0 97 96 0 69 0 0 102 0 65 19 98 91 0 112 0 0 0 0 0 0 0 102 0 0 71 30 0 3 0 124 0 90 0 0 0 30 67 0 0 0 0 0 0 0 0 0 0 0 44 0 0 0 0 50 29 0 0 0 0 0 0 0 47 0 0 45 0 36 0 0 31 0 0 0 0 0 0 0 0 0 0 0 0 0 0 0 0 0 0 
