85 132 0 62 0 64 0 0 0 91 0 0 115 80 0 0 0 0 0 0 0 0 0 0 0 0 0 0 0 0 30 0 0 82 85 110 0 0 0 25 0 0 119 143 0 0 0 0 0 0 0 0 0 0 0 0 0 0 0 0 0 58 0 0 0 0 0 0 0 16 0 0 0 0 0 0 77 0 0 0 0 0 0 0 0 0 0 0 0 0 0 0 0 0 18 0 0 0 0 0 
113 87 0 134 86 0 138 62 112 173 109 0 0 0 43 122 147 148 143 0 109 0 0 0 0 0 113 184 72 124 0 80 135 126 0 0 137 59 0 0 122 106 8 0 0 61 56 0 154 138 42 0 0 0 150 0 0 134 108 147 0 0 0 106 154 162 165 96 0 107 58 176 0 99 0 0 83 0 0 0 117 137 0 0 98 86 48 148 56 60 118 0 0 0 116 126 0 0 0 0 0 0 175 0 84 139 0 0 110 0 0 0 56 73 0 141 127 0 132 93 0 120 0 0 0 112 23 132 0 0 0 0 84 89 8 0 0 0 0 0 0 66 100 0 0 0 0 0 0 0 0 0 0 0 0 0 71 75 0 29 0 0 0 0 0 0 42 0 0 0 0 0 0 0 0 0 0 0 8 0 0 0 10 0 0 0 0 0 0 
96 0 51 0 0 0 0 0 0 0 0 150 95 147 52 37 0 0 109 0 0 89 0 0 0 0 0 0 0 0 0 0 0 0 0 0 114 98 0 0 0 0 0 0 0 41 0 0 0 0 0 0 0 29 0 0 0 0 0 0 0 0 0 0 120 0 0 0 0 0 70 0 0 0 0 0 0 74 0 0 0 0 0 0 0 0 0 0 38 5 0 0 0 0 0 0 0 0 0 0 0 0 0 0 
114 90 127 103 179 119 129 0 0 76 0 146 0 128 0 42 75 93 130 0 0 149 136 140 0 0 108 11 2 67 160 110 0 195 73 0 0 0 184 144 0 63 78 115 65 0 172 0 90 121 148 11 159 91 140 130 0 135 124 110 0 0 114 120 0 0 0 0 90 0 128 134 0 35 0 0 162 0 137 162 0 0 0 90 163 0 127 0 108 0 19 0 142 0 104 0 0 0 61 0 154 143 113 0 0 73 149 138 0 0 111 0 51 0 0 132 0 0 0 0 78 0 0 107 0 0 0 0 44 0 0 98 95 0 0 0 0 56 0 0 0 57 0 0 0 66 52 0 0 0 0 0 0 0 0 52 0 0 0 0 0 0 0 0 0 0 0 0 0 0 0 0 0 
82 0 0 0 0 0 0 0 0 115 0 0 33 115 117 0 132 0 0 0 0 146 0 0 0 0 0 0 0 0 0 0 0 0 0 0 129 0 5 0 124 0 128 0 0 0 24 0 0 0 0 0 0 0 0 0 109 0 0 0 0 0 29 0 0 0 0 0 0 0 0 0 0 0 0 0 22 0 0 0 0 0 0 5 0 0 0 0 0 0 0 0 0 0 0 0 0 0 0 
101 0 0 0 6 0 74 37 0 0 0 0 0 0 0 0 0 0 137 114 28 115 0 0 0 0 0 0 0 59 73 0 0 0 0 0 0 0 0 0 66 0 0 0 0 0 119 60 123 0 0 0 0 0 142 0 0 93 0 0 0 0 0 0 30 0 0 0 0 0 0 0 0 0 0 25 0 52 0 0 0 0 71 0 0 0 0 0 0 0 0 0 0 0 0 0 0 0 0 0 0 0 0 0 
74 0 135 0 0 0 0 42 0 0 0 0 0 0 94 0 0 107 0 96 0 0 141 0 0 66 0 0 103 0 90 0 0 0 34 0 0 111 0 0 0 84 0 9 0 22 0 0 0 0 119 0 0 0 0 30 0 0 0 64 0 138 0 0 0 0 0 0 0 0 32 0 87 0 0 0 0 0 0 0 0 0 0 0 0 0 0 0 0 0 0 0 
86 0 0 32 89 0 0 0 78 133 31 105 0 1 0 0 0 54 0 119 0 0 0 0 135 142 105 0 0 145 0 0 0 0 95 0 0 0 0 0 0 0 0 0 0 75 0 126 0 0 0 131 0 0 0 0 0 0 0 0 0 0 0 0 0 6 0 0 0 0 0 0 51 0 0 0 29 0 0 0 0 0 0 0 0 0 0 0 0 0 0 0 0 0 0 0 
96 77 0 0 0 0 0 0 90 0 101 0 53 108 0 0 0 136 121 81 0 121 0 0 0 0 138 82 0 0 165 122 0 2 0 0 0 16 123 0 0 0 0 0 0 0 0 85 87 0 0 0 0 0 0 65 0 68 0 0 0 26 0 0 0 72 74 0 75 0 0 0 0 0 0 0 0 0 0 0 0 0 1 0 0 0 0 0 0 0 0 0 0 0 0 0 0 0 0 0 0 0 
77 0 30 0 0 0 0 93 0 59 0 0 0 0 63 0 122 0 0 0 0 23 0 0 0 0 0 0 0 0 0 0 0 0 0 90 0 0 0 0 0 0 0 0 140 120 0 0 0 0 0 0 0 52 0 0 0 0 0 0 0 5 70 0 0 0 0 0 0 0 0 0 0 0 0 0 0 13 0 0 1 39 0 0 0 0 0 0 0 0 0 0 4 0 0 0 
