87 0 0 0 0 0 0 0 0 106 0 0 0 0 0 0 0 60 0 0 0 0 0 0 0 0 0 0 121 0 0 0 0 0 0 0 0 0 0 0 0 0 113 0 41 0 0 12 0 0 0 0 0 0 0 0 15 109 0 0 91 18 0 0 0 0 21 0 0 0 0 0 0 0 0 0 5 0 0 0 0 0 0 0 0 0 0 0 0 0 0 0 0 2 0 0 0 0 0 0 0 0 0 0 0 0 
81 0 0 0 0 0 0 0 51 0 0 0 0 137 0 0 0 0 0 75 0 115 0 76 0 0 0 0 0 70 0 0 0 0 0 0 0 0 0 0 0 0 17 0 88 0 0 0 0 0 0 0 0 0 0 0 0 0 0 0 0 0 0 99 0 0 0 110 0 0 0 0 0 0 0 0 0 0 0 0 0 0 0 0 0 47 0 0 0 0 0 0 0 0 0 0 0 0 0 0 0 0 0 
159 0 114 0 35 34 0 133 0 25 64 107 0 97 104 66 179 40 157 123 67 136 122 7 0 75 32 0 0 0 192 0 0 16 114 46 143 123 26 0 154 0 179 140 0 151 52 93 125 166 0 131 0 135 0 87 0 117 97 0 0 118 0 14 81 165 0 0 0 115 91 189 36 69 110 0 129 0 0 0 0 0 0 0 0 90 142 100 28 127 0 138 75 0 0 54 23 0 0 0 65 0 0 0 0 0 0 0 0 0 0 112 85 59 0 89 0 0 0 0 117 0 120 0 0 79 0 25 80 46 5 0 0 49 0 0 0 12 29 0 0 0 0 0 0 22 0 7 0 0 0 0 0 0 0 0 0 0 0 11 0 0 0 0 0 0 0 0 0 0 0 0 0 0 0 0 0 0 0 
80 34 0 144 0 0 0 0 48 0 0 0 46 0 53 0 0 0 0 0 0 0 0 88 131 0 0 0 0 0 0 0 115 0 0 0 97 0 0 0 0 0 59 93 0 0 0 0 0 0 0 0 0 0 0 0 0 0 0 0 0 0 0 0 0 0 114 33 0 0 0 38 0 0 0 0 0 0 0 0 0 0 0 0 0 0 0 0 0 0 0 0 0 0 0 0 
92 0 138 77 0 0 64 171 0 116 81 132 0 0 123 0 0 139 115 0 38 156 0 134 0 106 0 8 0 72 8 133 0 117 90 16 0 62 0 0 100 0 109 6 67 0 56 112 0 0 54 0 81 89 115 0 0 137 0 125 6 0 0 16 0 162 130 125 0 12 144 0 119 3 116 141 0 83 0 0 0 67 78 69 0 0 0 0 140 0 0 0 0 136 142 28 0 131 0 96 1 99 0 0 90 0 0 0 63 0 0 0 140 0 0 44 0 0 0 0 0 0 126 0 0 92 0 0 0 0 0 0 0 0 0 0 0 0 0 102 0 0 0 0 0 0 0 0 76 0 0 73 0 34 16 0 0 30 0 0 0 0 0 0 0 0 0 0 0 0 0 0 0 0 0 0 0 7 0 0 4 0 0 0 0 0 0 0 0 0 0 0 0 0 
117 0 0 132 0 60 0 0 90 164 118 112 0 30 204 113 205 0 90 128 170 0 0 0 0 0 117 0 150 18 0 61 0 164 0 91 98 0 52 130 172 0 182 138 163 143 0 0 0 0 0 0 0 178 63 0 111 0 126 0 124 0 0 94 0 26 104 99 0 4 0 0 97 69 0 93 0 112 0 53 0 0 0 35 0 0 25 18 122 54 0 23 43 135 0 0 35 124 0 0 0 0 0 0 0 27 0 126 0 0 0 140 119 0 132 0 112 0 36 0 130 49 0 0 109 81 82 89 0 0 28 83 0 0 0 92 0 0 0 0 0 34 66 0 73 0 0 0 51 0 0 0 0 0 66 0 0 0 0 0 0 29 0 0 0 13 0 0 0 0 0 0 9 0 0 0 0 0 0 0 0 0 
105 0 0 0 113 0 0 0 61 105 38 0 52 158 0 15 0 0 0 0 57 142 112 88 118 45 147 97 114 0 92 0 0 0 128 70 0 121 70 0 0 82 0 0 33 144 137 0 52 0 0 81 63 81 0 0 140 97 118 0 0 54 5 156 146 54 0 0 0 0 0 25 93 0 0 129 31 0 0 113 92 42 131 0 0 118 73 0 0 115 65 0 148 0 0 51 110 141 37 0 10 99 71 0 32 128 0 0 0 0 0 36 0 0 104 0 0 0 40 0 0 38 0 0 13 0 0 16 0 38 0 97 0 0 0 0 4 0 0 45 50 0 18 76 12 0 0 73 23 0 0 0 0 0 3 0 0 0 0 37 0 0 0 0 0 0 0 0 0 0 5 0 0 0 0 0 0 0 0 0 0 0 0 0 0 0 0 
139 0 172 70 0 0 82 38 79 145 152 0 20 93 0 44 169 0 0 134 0 0 0 0 0 80 0 0 0 123 0 0 22 0 152 0 0 113 105 31 60 0 0 113 0 0 7 39 0 146 180 140 64 0 0 96 80 0 135 0 0 0 81 0 0 0 97 0 0 0 142 144 0 134 0 0 178 0 157 0 72 0 0 0 0 68 32 0 0 143 131 33 0 0 28 119 0 83 121 31 0 129 38 143 79 0 0 115 101 0 0 0 39 62 0 0 0 0 124 0 4 0 0 0 0 127 0 0 0 0 0 95 117 21 0 0 0 0 0 94 0 0 0 30 0 0 95 0 46 0 0 17 73 0 0 0 0 0 0 17 0 0 0 0 0 0 0 41 12 0 0 0 0 0 0 0 0 0 0 0 0 0 0 0 0 0 0 0 0 0 0 0 0 0 0 
70 53 0 0 0 0 127 0 0 0 0 0 56 0 0 0 129 0 0 108 0 0 0 0 0 0 0 0 39 0 0 121 0 0 0 0 0 90 0 0 0 0 0 130 0 0 0 0 0 116 0 0 0 0 0 0 0 0 0 0 0 0 0 0 0 0 28 21 0 0 0 0 0 0 0 0 0 0 0 0 0 31 0 0 0 0 0 0 0 0 0 0 
0 0 23 73 117 88 22 0 0 142 0 0 123 27 123 0 49 66 130 139 0 0 150 132 9 0 72 79 130 48 0 0 0 108 118 0 147 160 0 0 0 65 0 60 96 71 142 0 44 123 16 0 138 0 163 95 123 100 0 0 72 0 0 0 31 0 114 0 108 0 82 0 0 0 92 141 0 115 114 108 0 124 0 0 0 116 23 0 26 138 0 0 0 0 27 0 124 73 0 0 0 48 60 0 68 0 0 0 0 138 135 121 0 53 0 0 0 0 0 0 106 111 115 0 0 125 106 71 0 0 0 14 64 0 43 0 0 0 11 34 0 0 0 0 0 0 0 2 0 0 0 0 0 0 0 0 0 0 0 0 0 0 19 0 0 0 0 0 0 0 0 0 0 0 0 0 0 0 0 0 0 22 0 0 6 0 0 0 0 0 0 0 0 
115 0 0 0 125 113 0 124 0 0 109 0 0 0 49 0 40 87 103 0 0 0 130 0 0 0 0 123 0 0 0 0 0 0 0 124 0 0 140 0 0 0 0 0 0 0 0 0 0 0 0 0 0 128 0 0 0 0 86 0 0 0 0 0 0 0 0 0 0 0 0 0 0 0 0 0 0 0 0 0 0 0 0 50 0 49 0 0 0 0 0 0 0 0 0 0 0 0 0 0 0 0 0 0 0 0 0 0 0 0 0 0 0 0 0 
46 122 0 0 98 86 37 0 66 9 0 67 144 0 21 7 0 0 0 107 135 2 39 64 58 8 42 0 94 0 0 0 136 0 125 97 0 0 79 184 116 135 0 0 151 0 54 124 130 0 0 0 0 0 122 111 94 0 0 106 0 79 52 79 0 0 0 126 38 123 25 0 0 0 116 0 0 55 109 0 0 127 17 0 111 36 1 0 0 0 125 0 68 8 43 0 66 120 0 69 0 0 0 0 70 0 137 0 106 0 137 0 30 107 0 72 0 76 0 0 8 0 0 0 0 0 114 0 0 0 119 103 0 17 0 0 0 54 0 0 1 59 0 0 0 21 0 0 0 0 0 0 0 66 0 0 35 0 0 0 10 0 0 0 0 0 0 0 37 8 0 0 0 10 0 0 0 0 0 0 0 0 0 0 0 
0 122 0 81 127 30 151 95 0 27 118 0 0 101 144 158 0 63 19 0 0 109 0 0 0 78 57 0 87 61 0 0 0 0 104 104 161 0 14 123 3 132 0 128 105 122 49 0 114 21 134 0 107 0 137 169 106 57 0 0 161 90 67 30 135 135 117 88 111 0 47 0 0 111 113 96 129 0 60 2 0 0 125 118 55 111 0 112 37 0 0 0 50 100 158 0 17 53 0 0 0 0 126 0 0 0 0 0 0 14 0 10 40 113 0 0 66 0 99 117 0 96 7 0 0 0 0 0 0 8 0 0 46 0 37 0 0 0 0 0 0 0 26 0 0 0 0 0 0 0 0 0 0 0 0 0 0 0 0 0 24 6 0 0 0 0 0 0 0 0 0 0 0 0 0 0 
79 0 0 0 58 0 0 0 0 0 0 0 0 0 0 0 0 0 0 0 0 0 0 0 0 0 0 0 123 58 0 0 111 0 103 0 0 0 0 0 0 0 0 0 0 138 87 0 59 0 0 0 0 0 120 0 0 0 0 0 0 0 0 0 0 0 0 0 0 0 0 0 0 0 48 36 39 0 41 0 0 0 0 26 0 8 0 0 0 0 0 0 0 0 
96 0 4 0 0 0 0 0 0 69 0 69 0 0 130 0 133 0 0 0 0 0 102 93 104 162 0 10 0 0 0 88 0 0 35 0 0 0 0 0 0 0 27 139 0 0 0 0 0 0 0 0 0 119 0 0 0 0 0 0 31 0 0 0 0 78 67 0 0 10 0 0 0 62 84 0 0 0 0 0 0 0 0 0 0 0 0 0 0 0 0 0 0 0 0 0 0 5 0 
124 19 81 15 65 154 21 46 84 0 78 0 47 47 24 0 0 0 0 5 0 0 137 0 133 124 98 0 51 0 70 0 0 81 0 0 0 0 125 67 0 0 182 82 0 0 0 0 0 138 135 34 153 0 128 0 0 55 0 0 0 103 0 0 163 0 0 133 154 102 0 49 140 0 121 60 26 120 0 0 123 137 0 114 134 0 0 0 0 112 62 78 0 0 71 0 0 118 0 147 75 25 0 0 0 121 135 0 69 0 55 0 119 46 135 99 117 0 26 0 0 57 27 0 0 53 42 112 0 0 77 0 96 0 69 98 0 0 0 0 61 0 0 16 2 34 0 0 0 0 0 64 0 0 0 0 0 0 0 0 0 40 0 0 0 0 0 0 0 0 0 0 0 0 0 0 0 0 0 0 0 
0 0 19 0 35 0 0 62 153 161 80 0 54 0 62 150 0 0 43 0 86 91 145 137 0 191 154 36 0 0 99 0 121 126 0 0 0 91 0 0 94 0 73 101 40 0 119 132 0 0 166 71 0 0 0 0 0 0 30 0 0 93 105 91 0 0 116 108 0 159 0 43 0 144 98 0 38 0 0 0 121 0 0 0 103 163 73 129 0 46 37 162 68 0 136 139 131 0 45 0 118 0 0 0 0 0 0 0 135 118 0 0 0 0 37 88 114 0 100 0 0 0 0 0 0 49 33 0 0 0 0 0 31 0 0 0 0 0 0 0 0 0 0 0 0 0 58 0 47 0 48 0 0 0 0 51 0 0 0 12 0 0 0 0 0 0 0 0 0 0 0 0 0 0 0 0 0 
70 112 0 0 0 113 0 126 0 137 0 0 0 0 37 0 0 0 0 0 167 0 0 91 0 0 0 0 0 60 0 0 0 0 0 76 0 0 0 0 0 0 0 0 0 0 0 0 0 0 0 8 0 20 0 0 0 0 0 42 0 0 0 0 23 0 0 0 0 0 0 0 0 0 0 0 10 0 0 0 0 0 0 0 0 
87 0 30 0 119 0 126 92 0 0 0 55 0 0 62 117 0 0 130 69 0 62 0 0 0 0 0 0 30 0 93 0 0 0 0 0 0 124 0 0 0 0 0 0 0 0 0 98 0 0 0 0 0 20 0 0 0 0 0 89 0 0 0 0 0 0 0 0 0 0 0 0 0 0 0 0 0 0 0 64 0 0 0 0 0 41 21 0 0 0 0 0 0 0 0 0 0 0 0 
71 119 0 73 0 18 96 142 0 0 0 104 0 0 120 102 0 0 0 0 0 27 64 117 0 0 0 0 46 0 0 0 0 0 0 0 0 29 0 0 0 0 0 2 0 0 0 113 0 0 57 0 18 0 0 84 7 0 0 0 0 0 0 83 49 0 0 0 0 0 0 0 0 0 0 0 0 0 0 0 0 0 0 
75 0 56 67 0 150 0 0 127 0 0 0 106 0 97 144 0 51 0 82 0 0 0 0 0 0 0 0 0 27 0 0 0 0 0 61 16 0 0 0 0 0 100 0 0 0 0 0 0 0 0 0 0 0 0 56 0 0 0 0 63 0 0 2 0 0 0 0 0 0 48 0 0 0 9 0 0 0 0 0 0 0 0 0 0 0 0 0 0 
20 138 148 152 104 57 187 126 98 0 71 0 55 0 0 0 0 0 133 126 106 0 120 11 0 0 12 101 32 95 158 0 133 0 155 0 0 74 146 110 0 0 0 8 144 0 0 0 0 0 16 0 0 111 123 0 118 104 41 165 36 122 24 7 0 0 0 0 71 0 157 0 0 132 0 128 0 135 121 0 0 83 0 0 0 0 0 23 0 116 11 98 115 0 41 0 0 0 0 0 114 0 104 0 0 0 0 19 0 0 0 53 0 0 0 0 0 0 0 51 0 0 0 66 3 0 0 0 0 68 85 0 79 41 82 0 0 0 0 0 0 66 0 0 0 54 56 0 0 19 45 0 0 0 0 0 0 3 0 0 0 0 0 0 0 0 0 0 0 0 0 0 0 0 0 
0 101 67 0 133 110 137 0 54 115 137 41 0 156 32 66 149 48 0 36 174 107 47 162 0 15 102 129 144 0 63 142 149 0 0 58 105 79 0 97 132 0 134 0 86 111 121 169 0 0 0 0 0 0 0 169 0 137 137 0 0 0 0 123 67 0 173 120 0 143 0 0 0 17 0 147 0 0 0 80 0 105 0 0 34 0 0 0 149 0 0 0 0 0 0 0 0 0 0 0 0 0 26 106 0 0 0 0 0 81 106 0 0 7 0 0 0 0 0 0 0 0 0 0 0 74 65 1 5 0 0 0 5 0 0 0 33 0 0 0 0 0 0 0 0 0 0 0 0 0 9 0 0 0 0 0 0 0 0 0 0 0 0 16 0 0 0 0 0 0 0 0 0 0 0 0 0 0 
79 118 0 0 44 124 0 0 0 0 150 0 0 0 0 133 0 0 95 0 0 72 0 35 0 0 0 0 0 0 0 93 0 0 0 0 0 0 89 0 4 53 0 0 0 0 86 0 34 0 0 0 0 6 0 59 0 0 0 0 0 49 0 0 0 0 4 0 0 0 0 0 0 0 0 0 0 0 0 0 0 0 0 0 0 0 
61 0 36 0 0 51 125 0 0 0 8 128 0 0 0 0 0 0 72 0 0 61 0 130 0 0 0 116 135 0 0 0 0 0 31 0 121 0 0 0 0 0 0 0 0 0 0 0 0 0 113 0 72 0 0 0 0 0 0 0 0 0 17 0 0 0 0 41 0 0 0 0 0 0 0 0 0 0 0 0 0 1 0 
119 121 0 28 86 93 0 24 0 112 97 0 0 103 127 167 7 158 57 0 48 122 134 56 61 0 125 118 0 0 16 0 81 0 109 191 162 0 48 128 49 94 68 0 74 0 0 48 67 0 0 132 74 0 29 114 44 0 18 0 0 51 0 0 63 0 69 85 137 0 0 0 80 0 0 60 37 0 96 0 0 34 0 68 120 8 0 0 0 0 5 63 43 0 138 0 0 0 28 0 81 124 0 67 0 0 0 103 44 0 70 37 53 0 0 91 0 43 91 0 0 0 0 0 0 0 0 0 32 86 0 0 0 0 0 0 0 0 17 64 0 0 0 0 0 10 0 43 0 0 0 0 0 0 0 0 12 0 0 12 0 0 0 0 0 0 0 0 
94 0 11 0 0 76 12 0 0 102 0 126 0 0 0 0 129 60 125 0 136 126 12 0 0 105 0 42 0 0 0 0 0 112 0 0 0 0 90 100 117 0 122 0 0 14 0 0 0 0 0 101 0 0 0 0 32 0 0 0 26 0 0 0 0 0 0 0 78 0 0 0 0 0 0 0 0 0 0 0 0 30 0 0 0 0 0 0 0 0 0 0 
77 71 68 19 63 26 162 103 31 0 37 132 107 0 0 127 0 0 144 0 97 0 0 74 0 42 110 0 66 0 0 52 125 0 0 171 160 132 69 0 23 0 81 174 116 33 6 78 128 0 0 0 0 0 74 42 0 0 83 75 68 0 13 120 61 108 83 0 0 122 41 137 80 132 0 0 0 51 99 100 0 0 111 0 75 0 109 0 0 12 39 140 60 0 101 0 0 0 0 0 0 77 0 101 0 35 0 22 0 48 0 0 87 0 0 0 44 0 0 0 0 25 74 0 0 0 0 48 65 0 0 40 0 0 16 0 11 0 0 0 44 3 0 40 0 0 0 0 0 0 0 0 0 0 0 0 0 0 0 0 
18 168 22 121 0 39 7 99 44 28 0 15 133 179 71 0 0 0 144 93 0 0 66 141 91 0 0 136 110 162 193 0 0 0 62 0 0 0 0 79 21 91 52 0 69 150 110 0 0 114 0 0 0 63 85 75 0 65 147 0 0 18 22 0 0 124 0 0 0 106 109 0 0 0 120 126 0 99 0 70 0 59 104 6 0 135 0 128 0 136 0 52 63 0 0 0 33 0 4 97 0 76 104 0 0 10 81 14 0 111 111 66 0 0 98 0 55 0 0 0 0 0 0 0 0 0 0 0 0 0 0 0 0 0 44 39 0 0 0 18 0 0 0 0 0 20 0 0 0 0 0 0 0 0 0 0 0 0 0 0 0 0 0 0 
65 0 0 0 89 0 57 86 0 32 0 0 0 114 0 0 0 0 0 0 0 0 11 0 0 140 0 0 129 0 39 0 0 0 67 0 0 0 0 0 0 0 0 0 0 15 0 0 17 0 0 0 0 0 0 0 0 0 7 0 0 0 0 0 0 0 0 0 0 0 0 0 0 0 0 0 0 0 13 0 0 0 0 0 0 
65 0 0 111 56 0 0 0 25 0 0 0 0 0 0 0 0 0 0 127 95 0 0 82 0 0 80 0 130 0 0 0 0 0 0 0 0 0 0 0 0 0 0 0 0 0 97 0 0 0 0 0 0 0 83 0 0 0 0 0 0 0 0 0 0 0 0 0 0 0 0 0 0 0 0 0 0 0 0 0 0 0 0 0 0 0 0 0 0 0 0 0 0 
71 0 0 0 159 40 114 0 0 0 0 0 0 118 0 176 0 0 0 129 0 122 0 0 0 0 69 0 0 125 0 9 0 120 0 0 27 1 123 0 0 0 94 0 0 0 8 0 0 0 0 0 0 0 0 0 0 0 0 0 55 0 0 0 0 0 0 0 0 0 0 0 0 0 0 0 0 0 
164 0 0 83 58 0 92 79 42 36 89 102 0 122 120 0 151 0 7 102 99 123 89 0 67 151 0 23 0 58 122 70 50 141 0 130 0 128 112 0 0 38 93 0 0 53 28 0 7 113 0 76 136 0 57 68 104 0 110 165 99 145 0 0 73 112 62 0 0 0 0 0 101 131 108 12 103 0 91 0 0 0 0 53 8 0 111 0 0 12 132 0 0 44 107 0 0 53 50 0 0 0 119 68 0 8 110 0 0 0 46 0 0 71 0 0 0 104 0 88 0 12 17 0 0 0 77 15 0 0 0 0 0 0 0 28 0 0 33 0 0 0 0 0 0 0 0 0 0 0 0 0 0 0 0 0 0 0 0 0 
96 73 0 0 13 0 0 113 131 0 0 56 40 0 0 114 0 0 0 0 165 54 0 129 56 68 0 0 0 122 0 41 0 0 0 0 0 0 73 0 0 0 0 0 0 0 60 0 122 36 0 0 0 0 89 96 0 0 0 0 76 0 0 0 0 0 0 80 0 0 0 0 0 0 0 0 0 0 0 0 0 0 0 0 0 0 0 0 0 0 0 0 
58 81 0 0 0 0 0 0 47 0 0 0 0 66 0 0 0 0 0 0 0 0 64 0 0 0 1 0 0 0 69 0 0 0 0 0 0 76 0 0 0 129 0 0 0 0 29 0 0 0 0 0 0 0 0 0 0 0 0 0 0 31 20 0 0 0 0 0 0 0 0 0 0 0 0 26 0 0 0 0 0 0 
128 0 0 31 61 104 76 113 159 109 101 40 0 131 97 0 129 121 136 34 0 0 0 109 136 0 144 0 0 0 0 0 0 0 0 0 154 0 0 108 0 133 105 79 175 0 86 113 0 58 111 138 155 101 40 0 0 72 79 134 0 102 14 100 0 20 0 126 95 0 0 0 117 83 113 0 27 0 0 0 129 0 72 0 61 88 0 58 13 74 112 64 126 0 0 11 66 51 0 42 128 0 0 0 49 0 107 0 0 38 0 0 0 0 0 47 49 0 0 0 74 0 78 0 0 0 30 0 0 45 0 0 0 36 0 0 0 0 0 0 0 0 0 0 0 0 0 0 0 0 0 0 3 0 0 
71 127 94 0 127 81 88 38 0 0 0 0 0 0 0 0 0 0 89 95 0 129 0 0 0 0 0 0 0 0 0 0 0 0 0 0 88 0 118 120 0 0 0 0 0 0 0 0 0 0 0 0 1 77 0 0 0 0 0 0 0 0 0 0 0 0 20 0 0 0 0 0 0 0 0 0 0 0 0 0 0 0 0 0 0 0 
0 0 0 79 116 126 0 0 0 0 0 3 0 0 0 105 0 66 0 71 0 122 0 0 0 156 146 0 129 49 89 0 58 62 0 130 149 0 77 108 6 0 0 0 0 0 103 49 0 15 34 111 92 0 0 152 129 158 159 0 0 0 90 157 20 99 123 96 0 0 57 17 0 0 0 29 0 0 0 70 0 0 0 0 62 0 55 8 0 0 0 0 11 115 0 56 0 0 123 0 0 0 45 0 0 112 95 70 0 94 73 0 63 0 0 0 64 0 0 97 0 70 66 0 41 56 15 80 4 42 25 0 0 0 0 0 63 0 0 0 0 0 0 0 0 0 0 0 0 0 0 44 0 0 0 0 0 0 0 0 0 0 0 0 0 0 0 0 
0 77 5 98 0 0 141 0 163 0 0 143 31 109 0 0 2 62 0 28 0 0 0 0 125 0 162 124 77 0 0 0 78 0 125 45 0 0 0 90 49 0 132 0 0 136 103 0 157 0 127 0 0 104 88 0 139 108 83 91 24 0 0 0 52 73 6 77 12 0 0 51 0 118 97 94 28 123 120 0 109 0 40 0 0 87 129 8 142 12 22 47 132 0 33 0 0 2 0 0 102 132 0 50 126 99 0 40 0 0 0 0 0 0 0 0 0 1 0 10 39 0 69 0 5 0 0 0 0 0 0 0 0 0 0 21 0 0 0 0 0 46 0 11 0 0 0 0 0 0 0 16 0 0 0 0 0 0 0 
0 45 8 110 136 0 0 66 108 0 96 0 76 74 38 0 0 77 12 41 66 0 99 95 0 119 0 0 82 85 0 0 60 54 93 0 140 155 18 64 0 0 0 0 107 137 0 25 151 15 67 123 0 0 54 146 0 141 124 0 33 0 0 105 0 91 72 125 106 0 73 0 0 76 104 102 0 0 36 0 22 0 0 96 113 0 120 0 0 118 0 0 52 0 85 91 14 12 0 0 0 122 0 0 92 0 0 0 66 0 0 0 0 0 0 0 102 65 0 0 0 0 0 25 0 72 0 43 77 0 0 0 0 0 0 8 0 0 27 4 0 0 0 0 0 0 0 0 40 9 0 0 0 0 0 0 0 0 0 11 8 0 0 0 0 0 0 
106 142 0 7 0 114 100 0 0 76 116 95 75 40 122 5 103 58 0 124 16 0 92 0 0 126 60 0 52 0 103 99 0 106 122 120 0 56 0 0 0 0 86 0 0 0 91 140 0 54 0 30 0 0 0 0 0 142 0 0 41 103 0 0 96 0 0 0 112 0 0 0 0 89 0 98 61 0 94 4 53 0 0 0 0 119 54 61 115 0 120 0 0 120 20 83 0 0 127 94 115 102 128 113 0 0 0 67 0 0 0 57 0 0 51 104 0 0 14 80 0 0 70 0 90 0 0 0 0 0 0 0 35 0 74 0 0 0 0 0 9 0 0 0 49 7 0 0 0 0 0 0 0 0 0 0 0 0 0 0 0 0 0 
71 0 123 0 0 0 0 0 118 0 106 0 96 0 0 0 0 107 24 95 0 0 0 0 0 0 0 0 0 0 95 0 0 33 0 0 0 0 127 0 0 47 0 0 0 19 0 0 0 0 0 0 0 0 0 0 30 0 0 0 0 0 0 0 0 0 0 0 0 0 0 0 0 0 0 0 0 0 0 0 0 0 0 
123 122 18 115 0 72 0 0 102 0 0 64 115 0 72 113 0 55 0 51 36 121 122 0 111 0 86 119 0 103 14 0 0 0 108 10 0 0 0 45 110 0 0 0 0 120 121 123 131 0 0 0 0 89 127 0 91 0 0 0 135 0 0 91 124 0 0 0 118 54 0 105 161 15 0 0 0 0 81 0 0 0 0 6 122 127 67 0 0 68 42 77 0 120 10 0 0 0 0 116 0 0 0 0 0 89 0 0 0 24 0 0 0 0 0 0 19 0 0 0 0 77 0 0 0 0 0 0 0 0 66 0 67 0 53 0 0 0 0 0 0 45 15 18 36 34 17 0 0 0 0 30 0 0 0 0 0 0 0 0 0 0 0 
0 0 82 117 49 100 44 157 41 0 37 0 160 77 0 0 0 155 0 0 23 57 65 128 0 0 0 0 0 0 109 0 58 0 0 50 0 0 0 103 0 37 22 61 72 172 87 0 130 0 37 0 155 67 0 63 88 0 0 0 0 163 84 74 0 107 111 0 0 0 123 0 0 55 92 0 121 67 1 0 0 0 0 93 0 98 0 91 0 0 51 0 0 0 0 36 80 70 45 65 0 107 117 0 0 108 0 0 0 48 0 0 0 47 0 0 72 0 86 0 0 25 0 64 25 0 73 0 0 0 0 0 0 0 0 0 0 0 0 0 41 0 0 0 0 34 0 15 0 0 0 0 0 0 0 0 0 0 0 0 
83 0 30 0 0 0 0 95 0 0 8 0 0 51 61 0 0 0 0 0 0 0 0 0 0 72 0 0 0 0 0 0 0 0 49 0 0 0 0 0 0 0 0 0 0 0 0 0 66 0 87 0 0 70 34 0 57 26 0 0 0 55 0 0 0 0 24 0 0 3 0 0 0 0 0 0 0 0 0 0 0 0 0 0 0 0 0 0 0 0 0 0 
70 0 0 124 0 0 61 0 57 0 0 0 121 89 0 0 0 108 0 54 109 0 0 123 0 0 0 0 0 0 2 0 0 0 0 61 0 0 0 91 0 0 26 0 0 0 0 0 0 0 0 0 0 0 0 0 0 0 0 0 0 0 0 0 0 0 0 0 0 0 0 0 0 0 0 0 0 0 0 0 0 0 0 0 0 
79 0 0 120 103 10 113 104 0 142 0 50 88 108 0 0 0 0 136 108 0 98 82 152 8 131 63 0 0 0 21 32 116 0 0 96 0 113 85 0 0 0 0 0 52 0 71 0 0 81 67 66 44 61 0 117 0 0 0 72 36 0 24 95 0 0 0 0 0 80 98 0 0 0 104 137 94 76 118 104 52 0 0 134 121 0 0 63 34 0 133 0 0 0 0 0 0 87 0 0 0 0 0 0 0 0 0 0 0 0 54 40 81 0 34 0 0 0 0 0 0 0 66 0 49 51 0 0 30 0 0 0 0 0 0 0 0 9 0 0 15 0 0 0 0 0 0 30 14 0 0 0 0 0 0 0 0 0 0 0 0 0 0 0 0 
127 12 99 95 0 0 65 0 0 75 84 130 0 24 0 75 0 71 69 69 117 87 163 1 76 149 0 28 43 113 95 0 118 80 0 0 74 4 156 16 0 134 51 102 63 83 6 0 0 13 44 105 0 0 0 27 0 107 0 95 8 0 46 68 101 0 16 147 121 108 0 0 0 0 101 0 0 5 0 0 0 0 0 42 0 100 41 8 118 0 0 0 0 0 0 0 0 0 83 15 0 0 0 0 67 0 0 0 0 88 0 59 27 0 0 0 0 0 0 25 0 0 0 0 0 0 0 0 0 0 0 0 0 0 0 0 41 0 0 0 0 0 0 3 0 0 0 0 0 0 0 0 0 0 0 0 0 0 0 0 
75 74 18 0 0 0 0 71 0 87 74 0 8 0 0 0 46 0 0 0 0 0 0 46 72 75 0 0 102 0 0 0 88 0 0 0 0 0 0 106 0 0 0 97 0 0 0 0 0 0 68 0 0 91 0 91 0 0 0 0 59 0 0 0 0 0 0 0 0 0 0 0 0 0 0 0 0 0 0 0 0 0 0 0 
16371 9434 0 19961 0 0 0 0 27319 771 0 12166 23743 0 0 0 27659 0 0 0 0 9392 0 0 3499 0 774 0 0 0 3484 0 20674 0 0 0 1450 0 0 0 0 23917 15346 0 0 0 0 0 4709 10931 0 15687 0 4296 0 4329 2340 0 16557 6675 23429 0 23512 0 6791 26169 0 0 0 0 0 0 6034 10168 0 9898 24948 0 890 0 0 0 17315 2481 0 0 0 0 0 0 0 0 0 6135 0 12690 0 0 0 10613 0 8966 0 0 0 0 0 0 0 2574 0 0 0 0 0 20246 15179 15798 27458 0 0 0 0 0 0 0 0 0 23764 0 8804 2910 1246 0 0 0 0 0 18233 0 24113 0 0 10028 0 0 0 0 0 0 18379 9695 20267 0 0 7026 0 21261 0 0 22545 24936 12599 0 26180 23553 0 21865 0 9267 9782 0 0 0 0 0 22499 1370 0 0 0 0 0 0 0 0 12833 0 22714 0 0 0 0 0 0 0 0 0 0 0 18721 0 0 0 0 0 0 0 8417 0 0 16752 0 0 2461 0 1168 0 0 2368 18039 0 0 0 0 0 0 0 10659 4805 28022 6836 0 0 0 19930 0 0 0 16158 0 24317 0 7605 0 0 15096 0 0 0 0 0 0 0 0 0 0 0 2542 0 0 13246 0 6983 0 0 0 0 0 0 0 4739 0 1314 10431 0 0 0 4978 0 0 9049 0 0 0 0 0 1992 0 0 0 17559 0 0 0 8160 9429 0 10577 2840 9623 0 0 21415 0 22482 0 15463 10919 5821 0 0 1274 0 0 10605 7294 0 18603 0 10101 0 7214 0 0 0 0 0 0 0 0 5235 0 0 0 10294 0 15873 24800 0 17100 13664 0 0 0 10481 24865 8615 0 0 0 0 0 0 17277 0 5076 3897 0 0 0 0 0 0 0 6483 2608 0 0 7889 0 0 0 0 0 24128 0 0 0 26027 0 0 0 0 0 0 23451 0 0 0 20492 4148 0 0 6697 3001 23618 0 23949 3769 0 17056 0 3319 0 0 11441 0 0 9959 0 0 452 0 0 0 10695 0 876 0 2859 13522 16521 0 0 0 0 0 19547 0 0 0 0 0 8599 5801 0 0 0 0 0 11018 0 1070 0 8549 0 17143 0 0 0 0 0 18724 0 0 1002 18740 11815 0 0 0 0 0 0 0 0 6557 0 0 0 21803 0 0 0 0 0 0 0 0 19733 0 17332 0 11108 0 0 0 0 24500 0 15936 0 0 0 14353 0 24478 0 0 0 0 3247 0 0 2313 0 0 0 0 0 19855 0 0 23800 0 0 0 16686 0 16660 19005 0 0 0 4267 0 0 0 19782 0 0 0 0 0 24201 8797 0 18885 2312 5709 0 11094 0 7176 23208 19292 15437 22483 15239 26401 9118 0 0 0 0 0 0 22544 0 0 0 0 0 0 0 5100 0 4104 4731 6965 0 19503 0 0 24108 0 7318 0 0 17250 24234 0 0 0 0 14371 0 18636 0 0 0 13298 0 0 0 0 0 0 0 0 0 5970 0 0 9181 0 0 22224 0 0 0 0 0 14140 0 0 0 11917 0 0 24740 0 0 0 0 6775 0 8297 0 3179 2050 9493 0 20142 3474 0 20169 0 18949 0 16328 0 0 11155 0 22994 9107 0 0 15555 6162 0 0 0 0 12202 0 0 5497 0 0 0 14858 0 2391 0 4007 23494 0 0 11369 0 0 0 18037 0 29063 0 0 0 0 0 0 7357 0 12260 0 0 0 0 0 0 0 8740 0 0 3743 0 20863 0 0 21712 0 0 13680 0 15566 0 0 0 0 0 2559 0 0 0 0 0 0 0 0 21211 0 15776 21324 0 0 0 0 0 10760 0 0 0 0 0 2631 0 0 0 0 0 0 0 0 0 0 12844 0 0 19690 0 0 22536 0 2195 20445 8489 16738 0 0 13497 24524 12428 0 0 28459 24938 0 20737 0 19667 0 0 13154 22974 0 0 0 0 0 20765 16404 22910 0 0 21990 0 0 11376 0 0 0 0 0 13467 0 0 0 0 0 0 2910 17822 0 0 0 0 0 0 13076 0 0 8319 0 0 0 0 0 19741 0 16591 0 6049 16643 0 0 0 0 0 0 0 0 0 0 25573 0 0 0 0 22596 0 0 0 0 0 0 0 0 0 2688 0 0 0 0 0 0 0 0 0 0 0 5719 0 0 0 0 0 11794 0 0 6328 0 0 0 0 11573 15187 0 0 0 0 0 0 0 0 19480 0 0 0 0 0 0 10431 11981 0 0 0 0 0 0 19418 0 0 0 0 0 0 0 0 0 0 25359 20767 0 0 27722 18755 0 0 0 0 23711 0 0 0 0 0 0 0 0 23183 0 0 0 0 0 0 153 0 0 23446 0 0 0 0 0 0 0 0 0 0 0 0 0 0 22118 0 0 0 22810 22877 18015 0 10703 8320 13318 9805 0 0 0 0 5106 9090 0 0 0 0 0 0 0 0 19520 0 0 0 0 21087 0 20721 10592 889 0 0 0 6256 22642 0 0 15547 0 0 0 27338 0 0 0 0 12922 0 13327 0 18658 13512 0 0 7136 0 16734 0 0 0 12935 0 0 0 3561 3194 20920 0 30176 6986 10749 0 14315 0 0 0 12398 0 20996 0 0 28902 24284 9254 0 0 6881 0 0 0 0 12199 0 0 0 0 0 0 0 0 0 22929 0 0 0 0 0 21061 0 10633 11303 11888 0 8857 19309 0 4699 5696 0 0 0 0 0 0 0 0 0 0 0 0 0 0 0 30 0 0 0 0 18670 0 0 0 12216 0 0 19089 0 0 0 0 17263 0 0 0 0 1861 0 0 0 0 0 0 13625 0 0 0 0 0 0 0 0 14474 0 0 0 0 7591 0 11818 0 0 0 6294 0 0 0 0 0 0 2207 0 0 0 0 0 15514 0 0 0 0 0 21486 0 0 0 0 23245 0 17965 0 0 0 0 24608 0 0 9253 0 0 0 31503 0 4426 0 0 0 0 0 20319 0 0 0 0 21604 16097 18371 12969 0 23389 9065 0 0 0 0 2064 0 0 18620 20914 0 24991 0 0 23060 0 0 6094 0 0 0 18576 0 0 6206 0 15140 0 2228 0 16083 2269 11295 454 0 0 16216 0 22553 0 0 0 0 0 0 0 0 0 0 0 12898 0 0 0 0 0 0 4058 11817 0 20024 0 0 0 2085 0 0 12902 0 19367 0 0 21578 1272 0 0 0 0 16796 24343 0 0 0 0 0 0 0 0 18586 0 0 0 0 0 20494 0 0 0 11767 0 0 0 20734 20213 0 0 0 0 0 0 0 0 0 0 0 16802 0 0 0 0 0 0 0 0 0 5712 0 0 0 20120 24066 0 3623 20611 0 6841 19759 0 0 0 0 21062 0 0 22883 0 0 0 23424 0 0 0 0 0 0 0 0 0 0 0 0 28303 25070 0 5754 0 0 0 0 11943 0 0 17895 0 0 0 7666 0 0 0 0 0 0 17936 0 15455 0 0 0 0 6644 18174 28322 11178 0 22177 24796 10109 21921 0 0 0 23145 0 0 0 0 28958 27786 20254 0 15345 12689 0 0 0 0 0 0 0 15752 0 0 15097 0 23227 5412 0 0 0 0 14238 0 12712 12452 0 0 0 0 22875 8484 0 0 0 22664 12746 0 0 0 23269 0 0 0 23798 8001 0 12093 0 21327 24643 0 0 6276 20399 20266 0 0 0 0 6790 0 13584 0 0 21587 26903 21834 6493 0 0 0 18611 0 0 17597 0 0 0 0 0 0 21625 0 7734 9328 0 0 7248 0 8472 21571 21575 0 16804 0 7585 0 0 0 0 0 0 0 0 0 0 0 22459 0 6321 10079 0 0 0 22229 0 0 0 14211 24900 0 0 12267 0 0 0 22626 0 0 4983 0 0 0 0 0 0 0 9028 14099 0 12210 0 0 0 0 0 0 0 0 6961 0 5774 10667 24767 0 17262 14961 0 0 0 8912 0 0 0 0 0 0 0 0 18822 0 0 0 23831 18344 0 0 0 0 0 0 0 14195 0 23728 23567 21808 0 17530 5861 0 12876 0 0 0 30616 0 0 0 0 13074 0 0 0 17253 0 0 0 0 0 0 21186 0 0 22616 0 23058 0 0 14724 0 0 26883 6902 0 5678 0 0 0 12054 0 0 0 0 0 9978 0 498 20986 15828 0 0 0 0 0 23401 0 10711 20658 0 20402 21172 0 18114 0 0 5080 0 26639 19682 21789 0 7324 0 0 0 0 0 0 0 0 0 0 0 0 0 14129 0 25336 0 3007 0 0 22423 0 0 19185 0 0 23168 0 0 0 0 0 439 0 20235 5390 0 0 0 0 8889 0 11218 0 15350 12970 0 0 0 20249 23671 0 0 24149 0 0 11011 15182 0 0 0 0 0 0 0 0 0 0 0 0 7302 0 3340 0 0 7586 0 22437 0 11969 0 0 0 0 0 0 10041 155 0 0 0 0 0 0 0 0 232 23428 0 0 17857 0 0 0 9803 0 0 0 6514 0 16617 18728 0 0 11504 11200 0 0 24598 9373 0 0 0 4718 0 0 22872 0 0 0 0 19600 23730 0 0 0 0 0 0 0 0 22345 0 0 0 0 0 0 11361 0 0 0 13020 0 0 0 24818 0 0 0 18914 0 0 0 0 0 0 18245 0 22614 0 0 0 0 0 0 0 0 0 0 0 0 0 17994 0 0 0 0 0 0 0 0 0 6887 0 6842 15779 0 0 304 0 15714 0 0 0 20252 4059 0 0 0 0 16894 0 15665 0 0 12339 15325 0 0 0 0 0 0 0 0 0 0 0 0 18562 0 0 0 0 0 0 0 0 0 0 8046 12915 0 0 10716 0 13764 0 0 0 11436 0 0 5782 1946 0 0 7519 0 0 0 0 24674 0 0 0 0 0 0 0 22781 0 0 0 23845 0 0 7366 13662 7592 0 0 0 30854 28284 0 0 0 0 11616 8085 23869 11163 0 0 24506 19683 8339 0 0 19394 0 0 0 0 24003 0 0 0 0 0 0 0 19813 0 5700 0 0 0 0 0 0 18540 0 0 0 0 0 0 0 20982 0 21536 10353 0 23797 0 19279 0 20812 0 0 0 15706 0 0 0 0 0 0 0 0 12506 0 14002 10106 0 0 0 0 0 0 0 0 0 20393 0 12367 0 0 100 0 5614 0 0 0 0 0 23107 0 0 0 0 16578 0 0 9205 0 2914 0 0 17852 14307 0 0 0 0 0 19391 17345 1403 0 0 14047 0 18134 0 11403 0 15192 0 0 23984 0 0 0 0 0 0 0 0 0 0 0 0 0 7705 0 0 0 0 1658 0 0 0 5283 22692 0 0 0 0 0 0 10719 0 0 24844 0 15866 0 25268 0 0 23319 0 17478 0 0 0 0 6921 0 0 0 0 0 0 0 0 0 0 0 17878 0 0 0 0 8393 0 0 22205 0 0 0 15154 0 0 3905 6488 0 0 8008 0 0 0 28485 24975 14597 13127 0 0 0 0 0 0 0 19756 0 0 19782 0 0 0 0 3097 0 26556 7822 0 0 0 0 0 0 0 0 22 0 0 0 8271 0 0 17096 24894 15390 0 0 18222 0 21175 13767 0 0 0 0 0 0 0 0 13811 0 0 0 18606 9834 0 22608 0 0 0 0 0 0 0 0 0 25758 0 0 0 0 0 0 16241 0 0 0 13143 0 0 0 0 16697 0 23583 0 28125 0 0 0 10207 0 0 0 0 17298 0 8319 0 0 0 3517 0 0 0 19997 0 0 0 0 0 0 0 4818 10033 0 22881 0 0 0 13791 7574 0 0 20961 0 0 6776 0 0 19647 0 17403 14407 0 0 0 9613 0 0 0 0 0 0 0 0 0 0 0 0 0 25381 0 0 13033 0 0 0 0 0 0 0 0 0 0 21354 0 0 0 0 0 20154 0 0 20754 0 0 5880 0 5526 0 0 0 0 0 0 13973 17547 21394 12623 14078 861 0 20143 0 23221 0 0 5237 15400 226 0 0 11231 0 0 0 0 0 0 0 0 0 0 0 32905 0 24961 14650 0 27166 0 10281 0 0 0 0 0 0 0 28378 6716 0 0 10389 854 0 0 0 0 0 0 20160 0 0 0 0 0 0 0 0 0 12809 0 0 0 9631 0 0 0 0 0 21437 0 0 7636 0 21921 0 0 0 0 10226 10814 16513 19439 22986 0 0 0 1695 0 23422 0 0 9398 0 0 0 0 0 0 20539 0 23393 2948 0 0 0 0 0 0 23247 0 20506 5274 0 0 0 23343 0 0 0 6165 5129 0 0 9974 0 0 0 22101 26516 0 21946 0 0 0 15911 0 0 22191 0 0 0 7508 0 0 0 0 23713 20511 0 23454 22593 9965 28959 0 10158 0 7033 0 3918 21673 24598 0 0 8333 0 0 0 17757 0 0 0 0 0 19722 0 0 0 0 0 0 0 0 0 0 0 0 0 0 24607 0 0 0 0 5227 0 0 5902 0 0 0 16668 0 0 18070 0 18801 0 0 0 2222 0 0 0 8330 19840 4972 0 9866 0 0 0 0 0 0 15181 0 0 23971 8089 0 1150 15592 0 12773 0 16707 22168 0 0 0 14674 0 23193 0 20564 0 0 0 0 0 0 0 2001 21753 0 9711 0 15608 0 17813 2858 0 0 0 18983 0 0 0 14739 0 0 0 0 14644 1788 0 14803 0 13459 0 0 0 0 2025 25801 0 0 24443 19090 0 0 0 21051 21272 0 2501 0 0 4863 7461 0 0 0 23855 0 0 0 0 0 0 0 7923 0 11961 0 20155 0 0 11715 0 0 0 0 8443 0 0 0 0 0 0 0 0 2182 0 10659 0 0 20872 0 0 0 0 12619 23292 0 0 0 0 0 0 0 18613 0 20973 0 0 0 0 0 0 0 12314 0 0 19910 0 0 0 0 0 20443 0 14455 0 0 0 0 0 15203 11607 0 22068 0 0 0 23639 0 0 0 0 0 0 7577 0 0 0 0 0 0 0 26612 23793 0 0 0 0 0 11807 0 0 0 0 0 0 10737 0 7661 0 0 0 0 0 0 15076 0 18875 24246 0 0 0 0 0 0 1652 0 14637 10338 0 22321 0 0 0 6960 0 0 0 0 0 0 22119 0 0 0 0 0 0 0 0 8312 12074 0 0 0 0 0 0 0 20617 0 0 0 27174 0 0 0 11731 0 0 0 15808 0 0 0 0 11057 0 0 7594 0 17499 13200 0 21441 18966 0 15481 0 0 14657 0 0 20750 7813 0 0 0 0 0 17551 0 0 21355 0 0 0 18567 7803 0 0 0 0 0 0 0 0 0 0 0 0 0 0 0 0 0 0 10761 0 11390 0 17904 0 0 0 0 0 0 0 0 0 0 0 0 0 18744 0 0 0 0 0 15253 0 0 18244 0 0 0 0 0 0 11673 0 0 0 6265 0 0 0 19828 0 0 0 0 0 0 24170 0 0 0 0 15380 14921 0 0 0 0 12543 17555 9644 0 0 14261 11815 20878 0 12984 29610 0 0 0 0 0 15617 0 23825 0 22292 23802 0 4734 0 13926 0 20764 0 0 19063 0 11156 0 0 0 5600 0 25831 0 22869 0 0 4428 0 0 23425 0 21096 22183 17433 0 13359 6943 10099 0 10965 0 0 0 10234 0 17318 0 0 0 0 0 0 8328 10192 0 0 21795 0 0 0 0 0 25456 6438 0 0 0 0 17299 0 0 0 0 0 0 0 29982 15038 0 0 0 0 0 0 0 0 24229 24657 23459 0 0 0 0 0 0 0 0 0 0 763 55 0 0 0 7690 11638 0 0 0 0 0 0 10831 0 0 0 0 0 6998 0 0 0 0 23317 0 0 22737 11562 20522 20156 0 0 0 18254 0 0 24501 0 22452 0 0 0 0 0 3779 0 0 0 0 0 20695 0 0 0 0 15843 9581 0 0 0 15008 0 24918 0 0 0 0 0 0 0 0 6151 24581 13220 0 11363 0 0 0 0 0 0 0 0 0 0 0 0 0 0 0 15812 0 0 0 0 0 12194 0 0 0 0 817 16105 0 0 0 0 0 16551 23194 20854 18344 27141 22517 0 0 0 0 0 0 0 12648 9496 10481 3133 3170 0 0 205 6034 0 0 0 0 0 0 0 0 0 0 0 0 0 0 0 0 20481 0 13798 0 23711 0 0 10513 0 0 0 12047 24878 0 0 634 5683 0 0 10694 19985 0 0 0 0 8840 0 24337 0 0 0 9409 0 23615 0 1388 0 0 0 0 10374 3713 0 0 0 0 0 0 0 0 0 9665 0 0 22877 0 21544 24076 0 965 11065 0 17775 0 0 0 0 25161 0 0 0 11786 0 0 10201 0 0 0 0 17933 0 0 32059 0 0 0 0 0 0 0 11639 0 0 0 0 0 0 28056 0 9916 0 0 0 0 0 0 13421 0 0 16290 17508 0 14394 0 18535 18449 0 9903 28252 0 10696 3141 10441 0 0 0 0 0 13729 1300 22249 0 0 0 0 0 13243 0 0 1460 28967 0 0 1638 0 0 0 17930 0 21961 10345 17809 0 0 0 21250 0 23910 0 0 0 0 0 0 0 11739 0 0 0 0 0 0 0 0 0 0 0 0 0 17697 0 0 1765 0 0 0 9876 18171 0 0 21250 14737 0 0 32253 22809 0 0 26827 0 6520 0 0 0 0 0 4440 0 0 0 0 11950 0 18978 10928 2426 0 19234 14795 0 19689 29337 0 0 23036 0 6080 5802 0 21760 0 23357 11035 19755 0 3341 0 0 0 643 15701 0 0 0 4514 0 0 18758 29246 0 0 0 0 0 0 10511 30123 23087 0 0 24883 0 0 0 0 23486 0 0 0 0 0 0 0 0 19439 19988 22714 0 0 19594 0 0 0 0 0 2213 19783 0 10012 0 0 0 16678 0 17530 0 0 0 0 0 12311 21009 0 0 0 0 0 0 0 16947 0 0 0 20326 0 0 9022 0 17613 0 16016 0 0 0 15779 16554 0 24527 12778 13335 17156 0 0 0 0 0 0 0 21059 0 0 0 4480 0 0 0 0 0 0 16558 0 23661 0 0 17936 0 0 0 0 15560 20079 0 15336 0 0 13985 0 0 0 0 0 20658 0 0 0 0 6332 0 0 0 0 0 0 0 0 19093 0 13541 6054 0 23622 9601 0 0 12983 19070 16587 0 0 0 12067 28027 0 0 0 6265 20892 0 0 22946 0 0 0 22096 8787 0 0 0 22705 0 23321 0 16936 0 0 9014 0 0 0 0 0 0 0 0 0 0 20132 32822 0 0 0 0 0 23778 18992 0 1247 0 0 0 0 0 0 0 0 22241 0 0 12630 0 0 15293 0 19490 0 0 22397 0 0 0 0 0 0 10648 26076 0 18018 0 6486 0 0 0 0 0 4315 0 0 0 0 21147 0 0 0 0 4975 0 0 0 0 15059 0 0 0 0 19412 20209 0 0 0 0 0 21892 0 17298 0 0 0 0 0 0 0 0 0 21895 10823 0 0 17121 0 5629 991 1994 0 0 0 0 10619 0 0 18516 0 0 0 0 21939 0 0 0 0 18709 21905 0 0 0 0 0 0 0 0 0 0 0 0 21291 0 0 0 7795 0 0 0 0 8048 0 0 0 0 0 0 0 0 0 0 2908 19383 0 0 0 0 0 11279 14185 0 0 0 1116 33987 22470 0 0 0 23035 0 20807 0 0 17407 0 0 19119 9918 0 0 0 10205 10612 0 0 8315 0 0 0 0 0 23900 0 0 0 0 0 0 0 0 23553 0 0 0 0 0 7575 0 0 0 22482 8202 0 19100 0 9625 0 24044 0 5930 0 0 0 0 11706 0 0 13887 0 0 13139 0 0 0 0 0 0 11105 0 23352 5866 0 0 0 0 0 0 0 0 0 0 0 0 23398 14849 0 0 0 0 0 0 592 20624 0 19248 0 24437 0 13007 0 0 0 20096 0 24309 0 0 30431 0 23834 7444 16420 0 0 0 0 1353 0 0 0 0 0 0 0 0 0 0 0 0 0 0 0 0 0 0 0 20556 0 0 29237 0 0 0 0 0 13846 18206 17851 0 0 6585 0 0 16665 0 0 0 0 0 0 0 10439 10172 0 0 12231 0 0 19874 0 0 23347 0 0 0 0 0 0 0 0 18046 20873 2579 0 0 0 0 2295 14838 0 0 0 10551 0 0 0 0 0 0 0 0 0 17151 18677 0 0 0 0 0 24363 0 0 20716 0 0 16368 0 0 0 11709 14402 23811 23144 0 0 17990 0 0 0 0 0 0 0 9530 0 6879 0 0 0 3401 11524 0 0 24907 0 0 0 0 10355 0 0 0 0 0 0 0 0 0 0 16339 0 0 0 5373 0 0 0 21787 0 0 0 0 0 0 0 8140 0 0 0 0 0 0 0 0 0 11812 0 0 3260 0 0 7347 0 19925 5711 0 0 0 0 14271 14754 9324 0 0 15123 0 0 0 0 0 0 0 0 0 24667 11577 7237 22466 0 0 12603 0 23821 0 0 23113 0 0 0 17457 0 9528 0 0 0 10392 0 0 0 0 22356 16594 0 0 0 0 0 0 0 0 13830 0 0 0 12643 0 0 0 0 0 20670 0 0 0 0 0 0 0 10468 21574 0 0 0 0 19955 23981 0 0 0 0 0 0 15319 16830 24774 0 0 0 0 23709 0 0 0 0 15622 0 0 0 0 0 0 0 0 0 0 11754 3547 13512 0 24172 8054 13736 16129 0 0 0 13587 0 0 0 0 366 0 0 0 0 20110 22522 0 0 7367 17564 0 0 0 0 0 0 0 17164 0 0 0 0 0 0 22197 0 21711 0 0 0 0 5951 0 0 0 0 0 0 0 0 0 13283 14206 0 0 12673 0 0 0 0 0 0 0 0 0 18066 1566 0 14060 0 0 0 0 0 0 5761 22345 0 0 11465 0 0 0 0 0 0 0 0 18391 0 11112 0 2132 0 13226 17045 0 13400 0 0 0 0 0 0 0 0 0 0 0 0 25754 0 0 0 0 24767 0 0 3702 1699 0 0 0 0 0 0 0 0 0 0 0 0 14308 0 22502 0 0 1383 24019 0 0 0 0 12992 0 0 22320 0 0 0 0 0 0 0 0 23377 2675 6195 0 0 0 0 0 20712 0 19432 0 14163 20560 0 0 0 0 0 0 0 0 0 0 0 0 13471 0 0 24972 0 0 16169 0 0 0 10476 21178 17214 0 0 0 0 0 0 0 0 0 0 0 0 0 23510 23660 21778 16322 0 0 0 0 0 0 0 0 0 0 24446 0 0 0 0 0 0 0 0 0 0 0 0 0 20577 0 0 0 0 0 19880 0 0 0 0 7862 0 0 0 14725 16588 22553 17988 0 0 5926 0 17336 0 0 0 0 0 0 20056 0 21124 0 0 0 0 0 0 0 0 0 0 20755 8824 0 0 0 0 22978 0 199 8321 21345 0 0 0 22401 0 19016 10060 0 0 0 0 0 20747 25555 0 0 0 0 9750 0 3790 24045 0 0 0 0 0 0 0 0 0 0 0 0 0 0 1996 0 0 0 0 0 0 13953 22883 11468 24784 0 0 0 9233 21491 0 0 0 0 239 4035 3849 0 0 0 0 0 0 0 0 0 0 0 0 0 0 0 29781 0 0 19167 0 0 0 0 0 0 0 0 0 0 0 19647 0 0 23343 16728 16261 0 20636 19200 0 0 9313 0 2600 0 17226 0 0 0 14058 0 19978 14017 0 0 0 0 0 0 0 2328 4227 14043 0 0 4091 0 0 0 0 0 14820 12993 0 0 0 0 2861 0 0 0 16360 0 0 0 0 0 0 0 0 0 0 0 23056 0 0 0 0 0 0 0 0 0 0 0 0 27499 0 0 6974 0 0 0 0 14268 12011 0 0 11361 0 0 0 12489 0 0 12797 0 18265 0 0 29462 18893 0 0 0 0 0 4489 2064 0 0 0 0 0 0 0 0 0 0 0 0 0 1092 21888 0 0 34401 0 0 0 18353 0 0 0 0 4141 0 0 0 0 18691 0 19273 0 0 0 0 0 0 18529 0 0 3627 0 17455 12808 0 0 0 0 10569 0 22109 0 0 0 17014 0 0 0 0 20789 0 18145 6170 0 0 0 0 0 16020 23732 0 977 0 0 0 5574 12625 0 24485 20670 0 23000 10855 23632 0 0 0 0 0 0 0 0 0 0 0 21847 0 0 0 23779 0 22532 2581 17868 0 0 0 0 0 0 0 0 0 25339 0 0 0 17026 17682 21877 0 0 17707 0 16393 0 0 5434 0 28379 0 0 0 0 22828 0 24633 0 0 0 0 0 0 0 0 0 14969 0 0 0 0 0 0 0 23784 0 449 9726 0 0 0 0 0 0 21404 0 0 0 0 0 0 0 13624 0 0 0 7201 0 0 16055 21782 19634 0 9522 0 0 0 0 0 0 0 0 0 0 0 0 0 0 0 0 0 18996 0 0 0 0 0 0 0 13480 0 0 0 0 0 3578 12471 0 0 0 0 0 0 7901 0 0 0 0 1816 0 15281 0 0 0 0 1862 11853 22638 0 0 0 0 0 11728 0 0 0 0 0 0 0 14024 0 0 26854 0 0 0 0 4766 7665 0 0 4736 0 0 16101 0 0 17747 0 0 0 5756 0 0 19175 19119 0 9366 0 0 0 0 0 12758 19250 0 0 0 0 0 0 0 0 0 0 20519 0 0 0 0 0 20238 0 0 0 0 0 0 0 0 0 0 0 21832 0 0 9696 0 0 0 0 24052 0 0 0 0 0 10961 0 0 0 0 14348 0 0 366 0 0 0 17774 0 0 0 0 0 0 1316 5475 0 10027 0 12529 0 0 0 20950 29141 0 0 0 0 0 0 0 18660 0 16086 0 0 0 0 0 18230 0 0 0 0 0 0 7350 0 0 0 0 0 19567 0 0 0 0 0 0 0 0 0 0 12112 0 0 0 0 0 0 12674 0 0 0 0 18329 0 0 0 0 17112 22492 0 0 0 0 23657 0 0 0 0 11712 6731 21229 0 0 0 15494 22632 0 987 19589 0 0 0 5395 0 16140 0 0 0 0 0 0 0 0 0 3655 0 0 0 0 0 0 0 0 0 0 16563 0 0 11723 0 8627 16678 0 0 0 0 0 0 0 0 22014 0 0 0 3610 0 17822 0 0 0 0 0 0 0 0 0 0 0 0 0 24008 0 14550 18431 22751 1745 0 20634 0 0 0 0 0 0 0 0 0 0 0 20156 6823 0 0 0 0 0 0 0 0 2631 16911 0 20487 0 0 0 0 0 0 0 0 0 0 0 0 14693 0 0 6080 0 0 0 0 0 0 16495 20161 0 0 17173 11421 0 0 0 0 8754 6625 0 0 0 0 0 20182 0 0 0 0 22501 0 0 0 0 24011 0 0 8343 7338 0 692 0 0 0 0 14242 0 0 0 0 0 11892 0 0 30341 12461 0 0 0 0 0 22849 0 19071 0 0 0 0 0 0 0 0 24268 0 0 13602 13728 0 9812 23489 0 11002 22047 0 0 0 0 0 6210 0 0 19326 0 0 0 0 0 0 4163 0 0 0 6260 0 0 10246 18858 0 24817 0 0 17918 0 0 0 216 10583 0 0 0 19746 0 4485 0 19444 0 0 0 5127 15100 0 7833 0 0 20372 0 0 0 0 10804 23260 0 0 0 0 0 0 0 0 0 20224 0 0 0 0 0 20955 0 0 0 0 0 0 15365 0 27992 0 0 0 24963 0 0 0 23170 0 0 0 0 0 0 0 0 0 0 0 0 16561 0 24536 0 0 0 0 3414 0 0 0 0 0 0 0 0 23900 0 0 0 24911 0 1064 0 21341 0 0 0 0 2429 0 0 0 0 0 0 0 0 0 2063 0 0 0 0 16190 0 0 0 0 0 0 0 0 21633 15330 18597 0 0 0 0 0 0 0 12009 0 21561 0 9527 0 0 0 3782 0 0 0 7624 13909 0 0 0 0 0 0 0 0 0 0 20310 670 0 0 11052 0 24940 0 0 0 17003 0 0 0 0 0 0 0 0 22856 0 0 0 5740 0 0 0 20773 0 0 0 18736 0 0 22436 0 0 0 0 0 0 0 0 0 0 0 0 0 0 0 0 0 0 0 0 0 0 0 7335 9396 0 0 0 0 0 0 0 6238 0 0 0 0 0 0 19213 0 0 0 9035 0 0 0 0 2180 0 0 0 0 0 0 20102 0 0 0 16437 18129 7293 0 0 0 0 6486 0 0 0 0 0 0 0 0 0 0 0 0 0 0 0 0 4176 0 0 0 22076 0 0 0 13874 0 0 0 0 0 0 0 0 20451 0 0 0 0 0 0 0 0 0 12940 0 0 22898 0 0 16747 0 0 0 0 0 0 0 0 19197 20013 0 20829 0 0 24667 0 0 0 4696 0 0 0 3076 0 0 12287 16398 0 2607 0 20708 0 23668 0 0 0 0 0 0 0 0 20373 15617 0 0 0 22169 0 0 20349 0 0 0 0 0 0 0 0 0 0 0 0 0 0 0 0 0 0 0 0 0 0 0 18784 49 0 6680 0 21038 0 0 0 0 0 0 0 19005 0 0 0 0 0 0 23321 0 21416 0 0 21344 22974 10453 0 0 0 0 0 0 0 0 0 9263 0 0 0 0 0 0 0 0 0 0 0 7444 23138 0 0 0 20039 0 18069 0 0 0 0 19238 0 0 0 0 0 221 0 0 0 0 0 0 0 0 0 28220 0 24034 0 0 0 0 0 0 0 20430 0 0 6061 0 19653 0 0 0 0 0 0 0 0 21686 0 0 0 25266 22587 28365 0 0 0 0 0 0 0 0 4278 0 0 4454 0 0 0 0 0 0 0 24846 0 0 0 24662 0 0 0 20868 0 0 0 0 0 0 0 0 0 0 0 0 0 11665 0 0 0 0 0 3966 0 0 0 17327 0 0 0 0 0 24572 0 20251 0 19774 0 16669 0 0 24012 0 0 19961 0 0 0 0 17699 0 0 17341 0 0 21421 0 1061 0 0 0 24345 28399 0 10541 0 0 0 0 0 0 0 0 0 0 16123 0 0 0 0 0 29352 0 0 0 0 0 0 0 0 10367 0 0 0 0 17441 0 0 0 0 0 4356 0 13409 1238 7407 3199 456 0 0 0 0 0 0 0 0 0 0 0 15735 0 592 0 0 0 2526 0 0 0 0 0 0 0 0 0 0 0 0 0 7651 0 0 0 0 6549 0 0 0 0 32509 0 0 14374 0 0 0 0 0 12392 0 0 0 0 21127 0 0 0 21507 0 0 0 0 0 25330 0 21996 0 0 0 0 0 22282 0 0 0 2683 0 0 0 0 0 0 0 0 0 0 0 0 0 17838 0 24955 0 0 0 0 0 0 0 0 0 0 0 8977 0 0 0 0 5567 24715 0 0 0 0 0 0 0 0 2323 0 0 0 0 5498 16003 0 0 0 0 0 0 0 0 0 0 0 23065 5814 22409 25762 0 6654 0 0 0 0 0 0 0 0 0 0 0 30971 18627 0 10900 0 0 0 0 0 0 24935 23938 0 20342 0 0 0 20300 0 13554 0 0 20640 0 0 0 20421 0 0 0 0 0 0 16163 21630 0 20944 15684 0 3825 0 0 0 0 0 0 0 0 0 0 0 0 11710 0 0 0 18097 0 0 0 0 0 741 0 0 0 0 0 0 0 0 0 0 0 0 0 0 0 0 0 22266 0 20183 0 29118 0 17840 0 0 17340 15210 0 21870 0 17262 0 0 0 0 0 3750 0 0 0 0 0 0 0 0 0 0 0 8908 0 24114 0 0 0 0 2645 0 0 0 0 0 0 0 0 18922 0 0 0 0 0 0 0 0 0 0 13717 0 0 0 0 0 0 0 0 0 0 0 0 0 18952 0 0 0 0 0 0 0 0 16615 0 0 0 24020 0 0 0 0 0 0 0 0 0 0 23940 0 11678 0 23041 0 0 18851 21435 0 0 0 0 21045 13406 0 0 0 23942 0 11896 13306 0 0 0 0 0 12706 0 0 0 0 0 0 0 0 0 21409 0 0 0 0 0 0 0 0 0 0 19777 17652 0 0 0 21036 0 0 0 5418 0 15694 0 0 0 0 0 0 0 0 0 0 0 0 18393 0 0 0 0 23493 0 0 3824 0 19380 0 0 0 20512 21289 22409 24586 0 12783 0 0 0 0 0 0 0 11369 0 29900 0 0 0 21428 9558 0 0 0 0 0 0 0 0 0 22250 0 0 0 0 0 0 0 0 0 0 0 0 0 23191 0 20553 0 24168 0 0 0 0 0 0 0 0 0 0 19938 20641 0 0 0 11357 13444 0 0 0 0 0 0 23812 0 0 0 19360 0 0 0 0 0 0 2729 0 0 24054 23844 0 18674 0 0 0 7735 0 0 11628 2018 0 0 0 0 0 0 2332 10823 3450 23130 0 0 0 0 20915 0 0 0 1023 0 0 5794 4245 0 0 0 0 0 20024 22925 0 0 0 0 0 23582 0 0 0 19214 0 0 0 0 0 0 0 0 0 0 17630 19949 0 2242 0 0 0 0 0 20148 0 0 0 0 0 18365 0 0 0 0 10477 0 13918 0 0 12774 0 22450 0 0 3427 17777 0 0 0 0 0 0 0 20026 21915 0 0 8487 0 0 0 0 0 0 0 0 21888 0 0 0 21166 5336 0 0 1070 5997 0 0 0 0 20695 0 0 12830 0 0 0 0 6035 0 2523 13474 0 0 6342 0 0 0 0 0 0 19022 0 0 2240 434 0 0 0 0 0 0 0 0 0 0 0 0 0 0 0 0 0 0 0 0 0 0 0 0 0 0 24558 0 0 1431 0 16947 0 0 0 0 0 0 0 4120 0 9594 0 0 0 0 17780 22301 0 22159 6958 0 0 0 0 0 0 20177 4767 0 0 0 0 0 0 0 0 274 0 0 16633 0 0 0 21050 19504 17447 0 0 18977 0 0 23842 7385 0 0 0 0 0 0 20472 21411 0 0 0 22162 0 0 0 6495 24456 0 20382 0 0 0 0 0 0 0 0 0 0 0 0 0 0 0 0 0 0 22062 0 0 0 0 0 0 15148 0 0 0 0 0 0 0 0 0 0 23284 0 0 0 0 1254 1073 9079 0 21838 0 10595 10086 26165 0 0 0 0 0 16382 0 22961 0 14787 0 0 0 5618 0 0 0 0 0 0 0 0 5554 0 0 0 0 0 0 16895 16649 0 0 0 0 0 0 7016 15217 0 20719 0 0 0 0 0 0 24610 0 0 0 0 0 7047 0 0 0 0 0 0 0 6182 0 0 20734 0 0 0 0 0 0 0 0 0 0 14701 14313 0 0 0 0 0 6381 0 182 0 0 0 0 0 0 21405 0 0 0 20522 0 0 0 0 0 0 0 0 0 0 0 0 0 0 0 21679 8806 13192 0 0 0 20251 0 0 1297 0 23027 16208 13834 525 21016 0 0 0 0 0 0 0 0 0 0 0 0 0 0 0 0 0 0 0 0 0 0 0 0 0 19372 0 0 17779 0 10845 7093 0 0 23508 0 5600 0 18866 0 0 0 0 0 0 0 0 0 0 0 0 0 21498 0 0 0 24858 0 0 0 0 0 17934 0 0 0 0 0 0 0 0 0 0 0 0 0 0 9885 0 0 0 0 0 0 0 0 19388 0 0 0 9054 0 0 19760 12095 0 0 0 0 0 0 0 18628 0 0 0 20188 20496 0 10276 0 0 1715 0 0 0 0 0 0 0 0 0 9869 24683 0 19845 0 0 0 0 0 0 0 0 0 0 0 0 0 0 23443 0 12519 0 0 0 0 0 0 0 0 0 0 0 0 10944 0 18595 0 0 0 7897 0 0 0 0 0 0 0 20270 0 0 0 0 0 0 0 23790 0 0 0 23903 0 23298 0 0 0 0 13740 0 19959 0 17662 0 0 23874 23616 0 0 21985 5333 0 0 0 0 0 0 0 0 0 0 0 0 0 10913 0 0 0 0 9494 0 0 0 0 0 23429 0 0 0 0 0 0 0 0 0 0 0 0 0 0 0 0 0 0 0 23886 0 1327 0 0 0 0 0 0 0 0 0 0 0 21927 0 0 0 17806 0 22984 0 0 0 0 0 0 0 0 0 0 0 0 0 0 0 0 0 0 0 0 12611 0 0 0 2544 0 0 28863 0 0 0 0 0 0 0 0 0 3094 1183 0 21857 0 23927 9893 0 0 0 0 0 0 1722 12528 13212 0 0 18788 9816 20832 7100 0 21399 26886 0 0 0 0 0 0 0 0 0 0 0 0 0 0 0 11791 0 0 0 0 0 0 0 0 0 0 0 0 0 10363 0 0 0 0 15201 23301 0 16728 0 0 0 0 12000 0 0 0 0 0 0 21922 0 0 0 0 0 2037 0 0 0 0 0 0 0 23057 15288 0 0 0 0 0 0 0 12163 22586 9904 0 0 20163 5722 0 0 0 0 0 21836 0 0 0 0 0 13020 24990 0 0 0 0 0 0 0 24599 0 0 12996 0 0 0 0 0 0 9901 9588 0 0 0 0 0 14092 0 6138 0 0 20954 0 16643 0 19935 0 0 0 0 8494 20998 0 0 23469 0 0 0 0 0 0 0 0 0 0 22443 0 0 0 0 0 0 0 0 0 0 21973 0 0 0 0 14887 0 0 0 0 0 0 0 16229 0 6332 0 17369 0 0 0 0 5314 0 0 21680 0 0 16155 0 22978 0 0 7491 0 0 21919 0 0 0 5331 24494 0 0 0 0 0 0 0 0 0 0 0 22285 0 0 9053 8967 0 24587 0 0 7188 0 425 0 0 15747 0 0 0 24596 0 0 0 0 982 13732 0 0 0 21946 0 0 0 21504 0 0 0 0 0 0 0 0 0 0 0 0 0 0 0 23784 0 0 0 0 0 0 0 0 0 8295 0 0 18910 0 0 0 0 0 22130 0 21795 0 0 1627 0 0 0 24174 0 0 0 22835 0 0 0 0 0 0 0 0 0 0 0 0 0 0 0 16937 0 0 0 0 0 0 0 0 13716 0 0 0 0 0 0 0 24800 0 0 0 0 0 0 0 0 14943 0 20255 0 22697 0 22214 8346 0 0 9331 0 11898 0 0 0 24402 24926 0 0 0 0 0 9830 0 0 0 0 0 6716 0 0 0 8918 0 0 0 0 0 0 0 23984 27007 21577 0 0 0 0 17622 0 0 0 0 0 0 0 0 0 0 0 0 0 0 0 18395 12426 0 15441 0 2874 14939 0 0 0 0 12185 0 20817 0 0 0 0 0 0 0 0 0 0 0 0 0 6520 0 0 0 0 0 0 0 15384 0 0 0 0 2192 0 0 24443 0 0 0 0 0 0 0 0 0 0 0 0 0 0 0 0 0 0 4306 1349 0 0 0 19126 0 0 0 0 0 0 0 10499 0 0 0 0 0 19989 0 0 10533 0 0 0 0 0 0 0 0 0 0 0 0 0 0 0 0 964 0 18967 0 16929 0 9946 0 13707 0 0 0 0 0 18321 0 0 0 0 0 0 0 0 0 17399 0 0 946 0 0 0 0 840 13127 23126 0 0 0 0 0 0 0 13140 2740 0 0 0 11049 0 0 0 0 20182 2774 0 0 0 0 0 0 0 0 20134 0 0 0 0 0 0 0 0 9851 0 0 0 0 0 0 0 0 0 0 0 0 0 0 0 0 0 18915 0 0 0 0 0 0 19662 0 0 0 0 0 24111 0 0 15459 0 25239 23698 4207 0 0 0 7620 0 22763 21981 0 0 0 13317 0 0 12351 0 0 23791 0 4421 19039 0 0 0 0 0 0 20615 5485 0 0 0 15296 0 4780 0 23039 5803 0 0 0 0 2733 15163 9762 0 0 0 0 0 19433 3799 0 0 0 0 2755 0 0 0 0 0 0 0 0 0 0 0 0 16802 0 0 0 0 0 0 25598 0 0 22338 660 0 0 0 0 0 7941 0 15202 24618 0 0 4741 0 0 14043 0 0 0 0 16658 0 0 0 0 21821 0 0 0 0 0 0 0 0 0 0 0 0 17332 0 0 0 11358 0 0 0 0 0 0 0 0 0 0 23346 0 0 4366 0 0 0 0 1351 0 0 0 0 0 0 0 0 0 0 5490 0 12503 12125 0 0 0 0 0 0 15042 7592 0 0 0 6753 602 0 14382 0 0 0 504 0 17078 0 0 0 0 0 0 0 0 0 2040 0 0 0 0 0 0 0 0 0 0 0 0 0 0 1690 0 0 0 0 0 0 0 0 0 0 0 23932 0 10459 9528 0 0 0 0 0 0 0 0 0 0 0 0 0 14579 0 0 0 4019 0 0 0 0 0 23416 9679 0 0 0 0 0 0 0 0 0 0 0 0 0 0 0 0 0 8914 0 0 0 0 0 11387 24618 0 24639 0 0 0 0 17925 3491 848 0 0 0 0 0 15406 0 3941 0 0 0 0 0 0 0 0 0 0 0 0 0 0 0 0 0 0 0 0 0 0 0 0 0 0 5906 0 0 14784 0 0 0 0 0 0 0 0 0 0 0 0 0 0 0 0 0 0 0 0 0 0 0 0 0 21867 16707 7778 0 0 23472 10474 449 0 0 0 18489 22289 0 19453 0 0 22275 0 0 0 0 3204 0 2899 0 0 0 0 0 0 0 17938 0 0 0 0 0 0 0 0 0 23914 0 0 0 21303 0 0 0 0 8462 0 0 0 0 7461 24560 21417 0 0 6503 0 0 0 0 0 8480 0 0 0 23807 18049 0 0 7877 19442 0 0 12790 0 10760 0 0 0 0 0 0 0 0 0 0 658 9613 0 0 0 5530 0 0 0 0 0 0 0 0 0 0 0 0 0 0 0 0 0 9450 0 0 0 2689 0 25665 0 0 15067 0 0 0 20186 6299 0 0 0 12335 0 8530 0 635 0 0 0 0 0 0 23565 0 0 0 0 1359 21219 0 24922 0 0 0 0 0 0 23819 0 11773 0 0 17179 0 0 0 0 0 0 0 24339 0 13654 0 0 6448 0 22903 0 0 0 23010 0 25203 0 0 0 0 0 0 0 0 0 15387 0 0 0 234 0 0 0 9988 0 0 4790 0 0 0 0 15518 4810 0 0 0 0 0 0 4328 0 0 0 0 13613 15727 0 0 0 0 0 0 0 0 0 0 0 0 24425 0 4941 0 0 0 0 23710 0 0 0 0 21173 0 0 0 0 0 0 19717 0 0 12777 0 0 0 0 0 0 0 0 0 0 0 0 0 0 0 0 0 0 0 9834 0 0 0 0 21415 0 0 0 0 0 0 0 0 0 0 0 0 14287 0 0 0 0 0 0 0 0 6356 0 0 0 0 0 0 0 0 0 0 0 0 8258 0 0 24614 0 12540 0 0 0 0 0 0 0 6108 24002 0 0 0 0 19899 21566 0 0 16866 4472 0 0 0 0 1668 0 0 0 0 20800 0 0 0 0 24505 0 0 0 0 0 0 0 19002 0 19160 0 0 0 0 0 0 0 24044 0 0 0 0 0 0 24875 0 0 0 0 0 0 0 0 12749 0 0 0 20302 0 0 0 0 0 0 0 0 0 16115 0 0 0 0 0 0 0 0 0 0 0 0 21672 0 0 0 2078 0 0 0 6236 0 0 0 14982 0 0 0 0 0 0 0 0 0 0 17327 13361 0 12380 0 1896 0 0 19240 10588 15403 0 24861 0 0 0 0 0 0 0 0 11062 0 0 0 0 497 0 78 0 0 0 0 0 0 0 0 0 4185 2359 0 0 0 6893 0 0 0 0 0 0 0 0 0 0 0 0 22456 0 0 0 0 0 0 0 0 0 6841 0 12373 0 0 0 18372 0 0 0 0 0 0 0 9906 0 0 0 0 0 0 0 0 0 0 0 3386 0 0 0 0 19779 0 0 0 0 0 0 0 0 0 10404 0 0 0 0 0 0 14959 0 0 0 0 3680 0 0 0 0 0 0 0 0 24504 0 0 0 0 0 24497 0 0 0 0 0 0 0 0 0 0 0 0 0 0 0 0 0 0 0 19506 0 0 0 21487 3796 0 0 0 0 0 0 0 0 0 11481 0 0 18947 0 0 0 0 4374 0 0 0 0 17795 0 0 0 0 0 0 0 0 0 0 0 0 0 0 0 0 0 0 0 0 0 0 22442 0 0 0 20305 0 13055 8100 0 0 11451 0 0 0 4598 0 0 0 0 0 0 0 0 0 3441 0 0 0 0 0 0 0 0 0 8237 0 0 0 0 0 0 0 0 0 0 0 0 0 0 0 0 0 0 0 0 14884 0 0 0 0 0 0 23611 13142 1216 0 14758 0 0 0 0 0 0 0 0 0 22447 0 0 0 0 0 0 0 0 0 0 0 3836 0 0 0 13715 0 0 0 0 13596 0 0 19368 0 0 0 0 0 0 24693 23555 0 0 8778 0 0 0 0 0 0 0 0 0 0 6757 0 0 0 0 7386 0 0 0 0 0 22675 0 0 0 0 0 0 0 0 0 0 0 0 0 0 0 0 0 0 0 0 0 0 0 0 0 0 0 0 0 0 0 0 0 0 12523 12914 0 16096 12597 0 0 0 0 0 0 11794 0 0 0 0 0 0 0 19828 0 0 12685 0 0 0 0 0 0 11502 0 0 0 0 0 0 0 0 0 0 0 0 4987 0 0 0 0 0 0 0 0 0 0 0 0 0 0 0 0 0 5026 0 0 0 0 22257 0 0 0 15526 0 0 8772 0 0 0 0 20811 0 0 0 0 0 0 22246 0 0 0 0 0 680 0 0 0 0 19482 0 0 0 0 23859 0 0 0 0 0 8774 19833 0 0 0 0 0 0 0 0 0 0 23972 0 0 0 0 3774 0 6131 0 0 0 0 0 0 0 0 23152 0 0 0 0 0 0 0 0 21126 0 0 19402 0 0 0 0 0 0 0 0 0 0 3589 7465 0 3198 0 4 0 0 15398 0 6828 0 0 0 9667 0 0 0 0 3490 0 0 5942 0 14851 9283 0 0 0 0 0 17385 0 0 0 0 0 0 0 0 0 0 0 0 0 0 0 0 0 5127 0 0 0 0 0 0 9127 0 0 0 0 0 0 0 0 0 0 0 0 0 0 0 0 0 0 0 0 0 0 0 0 0 0 0 0 0 0 20909 0 0 0 0 0 0 0 0 0 0 0 4135 0 0 0 0 0 0 18650 0 0 0 0 23553 6348 0 0 23327 0 0 0 10910 17970 0 4606 0 0 0 0 0 0 0 0 14130 0 0 0 0 0 0 0 0 0 15041 0 0 0 0 0 0 11185 0 2863 22228 0 0 0 0 0 0 0 0 0 0 0 17003 0 20219 0 0 12548 0 23434 0 0 0 0 0 0 0 0 621 0 0 6407 0 8601 15701 0 3199 17847 2580 0 0 0 0 3851 0 0 0 4792 0 0 0 0 0 0 0 0 0 0 0 12334 0 0 13171 12064 0 0 0 0 0 0 0 0 0 0 0 0 0 0 0 0 0 0 0 0 0 0 0 0 0 0 0 0 0 0 0 0 0 0 18036 0 4006 0 0 0 0 0 0 8228 0 0 0 0 0 0 0 0 0 0 15123 0 0 0 0 0 0 0 0 0 8287 0 0 0 0 0 0 0 0 18051 0 0 0 0 6546 0 0 0 17 0 0 0 13178 0 0 0 0 0 0 0 0 17787 0 2084 0 0 0 12877 0 0 0 0 0 0 0 12844 0 10395 0 547 0 0 0 0 22492 0 0 0 0 0 19132 18491 0 0 0 0 0 0 0 17222 0 14301 0 0 0 0 3153 0 0 0 0 0 0 18862 0 0 0 0 0 16564 21213 4419 3346 0 0 1732 0 0 0 0 14832 0 0 0 0 0 0 0 0 0 0 0 0 0 0 1066 0 0 15497 0 0 0 0 0 12121 0 14735 0 0 0 0 0 0 20543 0 0 0 0 0 0 0 0 0 18587 0 18155 0 7055 0 0 0 22912 20034 0 0 0 0 0 0 0 0 0 0 0 0 0 0 0 0 0 0 0 0 0 0 0 0 7050 0 0 5226 0 0 0 0 0 16612 0 0 0 0 0 9178 0 0 0 0 0 0 3104 0 0 0 21501 15140 0 0 0 0 0 0 0 0 0 0 0 0 0 0 0 16919 0 0 0 0 0 0 0 0 0 0 0 0 0 0 14576 4547 15856 5686 0 0 0 0 0 0 0 0 0 14811 0 0 0 0 3434 0 0 0 0 0 0 0 0 0 0 0 18466 0 0 0 0 0 0 0 18394 0 0 0 0 0 0 0 0 0 0 0 0 14405 0 0 0 19547 0 0 0 0 0 0 17413 0 0 0 0 0 0 0 0 0 17131 0 0 0 0 0 0 0 21609 0 0 0 0 0 15129 0 8212 0 0 0 0 0 0 8912 0 0 0 0 0 0 0 0 22048 0 0 0 18149 0 0 0 0 0 0 0 0 0 10873 0 0 0 17384 6543 0 0 0 0 19344 0 8670 0 0 0 0 0 0 11793 0 0 0 0 0 0 5210 8028 0 0 0 0 0 0 20286 0 0 8301 0 0 0 1746 0 0 6501 0 0 0 0 0 0 11638 0 0 0 0 0 0 0 0 0 0 0 0 0 0 39 0 0 19219 0 0 0 0 0 0 0 1326 7398 0 8047 0 0 0 0 18089 0 0 0 0 0 0 0 0 0 22023 0 0 0 21935 0 0 12785 0 0 0 0 0 15623 0 0 0 0 0 12744 3437 0 0 0 0 0 0 15041 0 0 15422 0 0 0 0 0 0 0 0 4010 0 0 0 0 12504 0 8977 0 0 0 0 0 0 0 0 0 0 0 0 0 0 0 0 0 14510 0 0 0 0 0 0 0 0 0 9291 0 0 0 0 0 0 0 0 0 0 0 0 0 0 0 0 0 0 0 0 0 14155 0 0 18213 0 0 0 10702 0 0 0 5035 0 0 0 0 0 0 0 4564 0 0 0 0 0 14103 0 0 3112 0 0 0 0 0 0 0 0 0 0 13705 0 0 0 0 5850 0 0 0 0 0 0 0 0 0 0 0 0 0 0 0 0 0 0 17423 0 0 0 0 1741 0 0 0 126 0 0 0 15996 0 12408 0 0 0 0 0 0 17446 15658 0 0 0 0 0 0 0 0 15904 0 8927 0 10542 0 0 8199 0 0 0 0 0 13987 0 0 0 0 0 0 20181 0 0 0 0 0 0 0 0 0 0 0 0 5831 0 0 0 0 0 0 0 0 0 0 0 0 0 0 0 0 0 3106 0 0 14721 0 0 11660 0 0 0 0 0 0 16200 0 0 0 18782 0 0 0 0 0 0 0 19443 0 0 0 0 0 0 0 0 0 0 0 0 0 0 0 0 0 6996 0 0 0 0 0 11890 0 0 0 0 0 0 0 0 0 15557 0 0 0 0 0 0 0 0 0 0 0 0 0 12541 5235 0 11738 0 0 0 0 0 0 0 0 0 0 0 0 0 0 977 0 0 0 0 0 0 0 0 18024 13952 0 0 0 0 0 0 0 0 6792 0 0 0 0 6748 0 0 0 0 0 0 0 0 0 0 0 0 5142 0 5603 0 10112 0 0 0 0 17638 0 0 1106 0 0 6520 0 0 0 0 0 0 0 0 12248 14588 0 0 0 0 0 12615 0 0 0 8101 19514 0 0 0 18930 0 15919 0 0 0 0 0 0 0 0 0 16771 0 0 0 0 3770 0 0 0 0 0 0 17551 0 0 0 16452 0 13652 0 0 13304 0 0 0 0 0 83 0 12828 14647 0 0 0 0 17792 0 0 0 0 0 0 0 0 0 0 0 0 0 0 7413 0 0 15040 0 0 0 0 5711 0 0 0 0 0 0 2142 0 0 0 0 0 0 0 0 11951 0 0 0 0 0 0 0 0 0 0 0 16230 0 0 0 0 0 0 0 0 0 0 0 0 0 1014 12689 0 0 1217 0 0 0 12183 0 0 0 0 0 0 0 0 0 12757 0 0 0 0 8303 0 0 7446 0 0 9367 0 0 0 0 0 0 0 13391 0 0 0 0 18068 0 0 0 0 0 0 0 0 0 0 3603 0 0 0 0 0 0 0 0 0 0 0 0 0 7056 0 0 0 0 0 0 0 0 0 0 0 0 0 0 0 0 0 0 0 0 0 0 0 0 0 0 0 0 0 0 0 0 0 0 0 0 4258 0 0 0 0 0 0 18101 0 0 0 14383 0 0 0 19079 0 9189 0 12610 0 0 0 0 0 0 0 0 0 16288 0 0 0 0 7387 8243 0 0 0 0 0 0 0 0 0 17484 0 0 0 8255 0 0 0 0 0 0 0 0 0 0 0 0 0 0 1866 4326 12241 0 0 0 0 0 0 0 0 17217 0 0 0 0 0 0 0 3458 0 0 0 0 0 0 0 0 0 0 0 0 0 0 0 0 0 303 0 0 0 0 0 0 1896 0 0 0 0 7803 13953 0 16107 0 0 0 0 0 0 0 0 0 9800 0 0 0 0 17535 0 0 0 0 8653 0 0 0 0 0 0 0 0 6102 0 0 10883 0 0 0 0 0 0 0 0 0 1064 0 0 0 0 15684 0 0 19281 0 0 0 0 0 0 0 0 0 0 0 0 0 0 0 0 0 0 0 0 0 0 11692 0 0 0 0 0 13286 0 0 0 0 0 2587 0 0 1054 0 17695 0 0 0 0 1254 19382 0 0 0 15229 0 0 19102 0 0 0 0 0 0 0 0 0 0 0 0 0 0 0 0 16071 0 0 0 0 0 0 0 0 0 0 0 0 5151 0 0 0 0 0 0 5779 0 0 0 0 16809 0 0 0 0 0 0 0 9903 0 0 0 11954 0 0 0 0 9394 0 0 0 200 0 0 0 0 0 0 0 0 0 0 0 0 0 0 0 0 0 0 0 0 0 0 0 0 0 0 9357 18105 0 0 0 0 5964 0 0 0 13531 0 15172 0 0 0 0 0 0 0 0 0 0 0 0 0 0 0 0 0 0 17552 0 0 0 0 0 0 0 0 0 0 0 0 8846 15901 0 0 0 0 0 0 0 0 0 0 0 0 0 0 0 0 0 0 16996 16027 0 0 0 0 0 0 9240 6860 0 0 0 0 0 0 0 0 0 18179 0 0 0 0 17505 0 0 3948 12567 0 0 0 15862 0 0 0 0 13690 0 12511 0 0 0 0 12516 0 0 0 1731 0 0 0 0 0 0 3979 0 13474 0 17749 0 0 5407 0 0 0 11648 0 0 0 0 0 0 0 0 0 0 0 0 0 0 0 0 0 0 0 0 0 0 0 0 0 0 906 0 3187 0 0 0 0 3212 0 14062 0 11923 0 0 0 0 0 0 0 0 0 0 0 0 0 0 0 0 0 0 0 16194 0 0 2840 0 0 0 18027 0 0 0 937 0 0 0 0 0 0 0 0 0 0 0 0 0 0 15304 0 5426 0 0 0 15724 0 0 0 0 0 0 0 0 0 12849 0 14538 0 0 0 17996 0 0 7650 0 0 382 0 0 0 7009 385 0 0 0 17981 13047 0 0 0 0 0 0 0 0 0 13502 6063 0 0 1907 0 10310 13234 0 0 0 8574 15313 0 0 0 1812 0 0 0 0 0 766 6963 0 0 0 0 0 0 0 0 0 0 0 0 0 0 2321 0 0 0 9003 0 0 13484 0 0 2926 0 0 0 0 7500 0 0 0 0 9994 0 0 16377 0 0 0 0 0 0 0 0 10478 0 0 10410 0 0 0 0 0 8164 17401 0 0 0 0 0 0 0 0 0 0 0 0 0 0 0 0 0 0 0 0 0 0 0 0 0 0 15401 0 16985 7077 15168 0 0 0 5887 0 0 0 0 0 0 0 0 0 0 0 0 0 0 0 0 0 0 0 0 0 0 5233 17419 7124 0 0 0 0 0 14694 0 0 0 0 0 0 0 0 0 0 0 0 0 0 0 0 0 0 0 0 0 0 0 0 2130 0 0 0 0 0 15288 2308 0 0 0 0 0 0 0 0 6748 0 0 0 0 0 0 0 0 0 0 0 0 0 0 0 0 0 0 0 0 0 0 0 0 5412 0 0 0 0 0 0 0 0 0 0 0 0 0 0 0 0 0 0 15127 0 0 0 0 0 0 0 16524 0 14105 0 0 0 0 0 0 0 0 6165 0 0 0 0 0 0 15285 3718 0 0 0 0 0 0 0 0 0 0 0 6160 0 0 13475 0 0 2096 0 0 0 0 0 0 12042 0 8348 0 0 0 0 0 0 6739 0 0 0 0 0 0 0 0 0 0 0 0 0 2130 0 0 0 0 0 0 0 0 0 0 0 16803 0 0 0 0 4338 0 0 0 0 0 0 0 0 12508 0 0 0 0 0 6131 5951 6906 0 0 0 0 0 0 0 0 5332 0 0 0 0 0 0 0 15653 13376 0 0 0 0 0 0 0 0 11355 0 0 0 0 0 5850 0 7134 0 0 3222 0 0 0 0 0 0 0 0 0 0 0 1536 13377 0 0 0 0 0 0 9603 0 0 16166 0 4925 12882 0 0 0 0 0 4476 0 0 0 15730 0 0 0 0 0 0 0 0 0 0 7729 0 0 0 0 0 0 0 0 0 14314 0 0 0 0 0 0 0 0 0 0 0 0 0 0 0 0 0 0 0 0 0 0 0 0 0 0 0 0 0 8116 0 0 0 0 0 0 0 0 0 0 0 0 8976 0 0 0 0 0 0 0 0 0 0 0 0 2788 0 0 0 825 0 0 5470 0 0 0 0 0 0 0 0 0 0 0 0 0 0 0 0 0 0 135 0 0 0 0 0 0 3998 0 0 0 0 0 0 0 0 0 0 0 0 0 0 0 0 0 5711 0 0 0 0 0 0 0 1979 0 0 0 0 11319 0 0 0 0 0 4456 0 0 0 0 0 0 0 0 0 0 0 0 0 0 0 0 0 0 0 0 0 0 0 0 0 0 0 0 0 14705 735 0 0 0 0 0 0 0 0 0 0 0 0 0 0 0 0 0 0 10849 0 0 0 0 73 0 0 0 0 0 0 0 0 0 0 0 0 15588 0 0 0 0 5927 0 0 0 0 227 0 6254 0 6971 0 0 0 0 15155 0 0 0 0 0 0 0 0 0 0 0 0 0 0 0 0 0 0 0 0 0 0 0 0 0 0 9654 0 0 0 0 0 0 0 0 0 0 0 0 0 0 0 0 0 0 0 0 0 0 0 0 765 0 0 0 0 0 0 0 0 0 0 11195 0 0 0 0 0 0 10562 12078 0 0 0 0 0 0 14863 0 0 0 0 0 0 0 0 0 0 0 0 0 0 0 0 0 0 0 474 0 0 0 0 0 0 0 0 0 0 0 0 0 0 0 0 0 0 0 0 0 0 0 0 0 0 11392 0 0 0 0 0 0 0 0 0 0 0 0 11543 0 0 0 0 0 0 0 0 0 0 0 0 0 0 0 0 0 0 21 8038 9071 13554 0 2535 0 0 7252 0 0 0 0 0 0 0 0 0 0 0 13410 0 0 0 0 0 0 0 0 0 0 0 0 3290 0 0 0 0 0 0 0 0 14554 0 0 0 0 0 0 0 0 0 8990 0 0 0 109 0 0 0 0 0 14695 0 0 0 0 9635 0 2307 0 0 0 0 0 0 0 0 0 0 0 0 11240 0 0 0 9020 0 0 0 3927 0 0 0 0 0 0 2140 0 0 0 0 0 0 0 0 0 4886 0 0 0 0 0 0 0 0 0 0 0 0 0 0 0 0 0 0 0 7797 15073 0 0 0 0 0 797 0 0 0 0 13451 0 0 0 0 0 0 0 0 0 0 0 0 0 0 0 0 0 0 13512 0 0 0 0 0 0 0 0 0 0 0 0 0 13018 0 0 0 0 0 0 0 0 0 0 0 0 0 14608 0 0 0 0 0 0 0 0 0 5246 0 0 0 991 0 0 0 0 0 0 0 0 0 0 0 0 5656 0 0 0 0 0 0 0 0 0 0 0 0 3027 0 0 0 0 0 0 0 0 0 0 10481 0 0 0 0 0 0 0 0 0 0 0 0 0 0 3963 0 0 0 0 0 0 0 6652 0 0 0 11830 0 0 0 0 0 0 0 0 0 0 0 10876 0 0 0 0 0 0 0 0 0 0 0 0 0 0 0 0 0 0 0 0 0 0 0 0 0 0 0 0 0 0 0 0 0 2184 0 13853 0 0 0 0 0 0 0 0 0 0 0 0 0 0 0 0 0 0 0 0 0 0 0 12151 0 0 0 0 0 0 11789 9803 0 0 0 0 10561 0 0 4986 0 0 0 12779 0 0 0 0 10872 0 0 0 0 0 0 0 0 0 0 0 0 0 0 0 0 0 0 0 0 0 0 0 0 8855 0 0 0 0 0 0 4732 11709 0 0 0 0 0 0 0 0 0 0 0 0 0 0 0 0 0 0 8962 0 0 3408 0 4503 0 0 0 0 13885 0 0 0 0 0 0 0 0 0 219 0 0 0 0 0 0 0 0 0 8829 0 0 0 684 0 0 0 0 0 0 0 0 0 0 9547 0 0 0 0 0 0 0 0 13841 0 0 0 0 0 0 0 0 0 0 0 0 0 0 0 0 0 0 0 0 0 0 0 0 0 0 0 0 0 0 0 0 0 0 0 0 0 0 0 0 1084 2898 0 0 0 0 0 0 0 0 0 0 0 0 0 0 0 0 0 0 8215 1682 0 0 0 0 0 0 0 0 0 4993 0 0 0 0 0 0 0 0 0 0 0 0 7220 0 0 97 0 0 0 0 0 0 0 0 0 0 0 0 0 0 0 0 0 0 4331 0 0 0 0 0 0 0 0 0 0 0 6836 0 0 0 0 0 0 0 0 0 0 0 0 0 0 0 10040 0 0 0 0 0 0 0 0 0 0 2690 0 0 0 0 0 0 0 0 0 0 0 0 0 0 0 0 0 0 0 0 0 0 0 0 0 0 0 0 0 0 0 0 0 7885 0 0 0 0 0 0 438 0 10945 0 0 0 0 0 0 0 0 0 0 0 0 0 0 0 0 0 0 0 3149 0 0 0 0 0 0 0 0 0 0 0 0 0 0 0 0 3930 0 0 0 0 0 0 0 0 0 0 0 0 9685 0 0 0 0 0 0 2642 0 0 0 0 2726 0 0 0 0 0 0 0 0 0 0 0 0 0 0 0 0 8618 0 0 0 4655 0 0 0 1469 0 0 0 0 0 0 0 0 0 0 0 0 0 0 0 0 0 0 0 7212 0 0 0 0 0 0 0 0 0 6426 0 0 0 0 0 0 0 0 0 0 0 0 0 0 0 0 0 0 9589 0 0 0 0 0 0 0 0 0 0 0 0 0 0 0 0 0 0 0 0 11819 0 9253 0 3859 0 0 0 0 0 0 0 3509 0 0 0 0 0 0 0 0 0 0 0 3807 0 0 0 0 0 0 0 0 0 0 0 0 0 0 0 0 0 0 0 0 0 0 0 0 0 0 0 0 0 10438 0 0 0 4053 0 0 0 5573 272 0 0 0 0 0 701 0 0 6019 0 0 10510 11650 0 0 0 0 0 0 0 0 0 0 0 0 0 0 0 0 0 189 12384 6518 0 0 0 0 0 0 0 0 0 0 0 0 5160 8853 0 0 0 0 0 0 0 0 0 0 0 0 0 0 0 0 0 0 0 0 0 0 0 0 0 0 0 0 0 0 0 2823 7173 0 0 0 0 0 0 0 0 0 0 0 0 0 0 0 0 0 6696 0 0 0 0 0 0 0 0 0 0 0 0 0 10046 0 0 0 0 950 0 0 0 0 7515 0 0 6120 0 0 0 0 0 7795 0 0 0 0 0 8698 0 0 0 7659 0 0 0 0 0 0 0 0 0 0 0 0 0 0 0 0 0 0 0 0 0 0 0 0 0 0 0 1964 0 0 0 0 0 0 0 0 0 0 0 0 0 0 2183 0 0 0 0 0 0 0 0 6036 0 0 0 2513 0 0 0 0 0 0 0 0 8598 0 0 0 0 0 0 0 0 0 0 0 5280 0 0 0 0 0 0 0 0 0 0 0 0 9958 0 0 0 0 0 0 0 0 0 0 0 0 0 0 0 0 0 0 0 0 0 0 0 0 0 0 0 0 0 0 0 0 0 0 0 3006 0 0 0 0 0 0 0 0 0 0 0 0 0 0 0 0 0 0 2220 0 0 0 0 9142 0 8765 0 0 0 0 0 0 0 9592 0 0 0 0 0 0 0 0 0 1306 0 0 0 0 0 0 5162 0 0 0 0 0 0 0 0 0 0 0 0 0 0 0 0 0 0 0 0 0 0 0 0 0 0 0 0 0 0 0 9198 0 1333 4633 2830 0 0 0 0 0 0 0 0 0 0 0 0 0 0 0 0 0 0 0 8470 0 0 0 0 0 0 0 0 0 0 0 0 0 0 0 0 0 0 4528 291 0 0 0 0 0 0 0 0 0 0 0 0 0 0 0 0 0 2996 0 0 0 0 0 0 0 0 0 0 0 0 0 0 0 0 0 0 0 0 0 0 0 0 0 0 0 0 0 0 0 0 0 0 0 2548 0 0 0 0 0 0 0 0 0 0 0 0 0 0 0 0 0 0 0 0 0 0 0 0 0 0 0 0 0 0 0 0 0 0 0 0 0 0 0 0 0 0 0 0 0 2957 0 0 0 0 0 0 0 0 0 0 0 0 0 0 0 0 0 0 0 0 0 0 0 0 0 0 0 0 0 0 0 0 0 0 0 0 0 0 0 0 0 0 0 0 0 0 0 0 0 0 0 0 0 0 0 7443 0 0 0 0 0 0 0 0 0 0 0 0 0 0 0 0 0 0 0 0 0 0 0 0 0 0 0 0 0 0 0 0 0 0 0 0 0 0 0 0 0 0 0 0 0 0 0 0 0 0 0 0 0 0 0 0 0 10389 0 0 10108 0 0 0 0 0 0 1647 0 0 0 0 0 0 0 0 0 0 0 0 0 0 10137 0 0 0 0 0 0 0 0 0 0 0 0 0 0 0 0 0 0 0 0 0 0 0 0 0 0 0 0 0 0 0 0 0 0 0 0 0 0 0 0 0 6970 0 0 0 0 6433 0 8576 0 0 0 0 0 0 0 0 0 0 0 0 0 0 0 0 0 0 0 0 0 0 0 0 0 0 0 0 0 0 0 0 0 0 0 0 0 6398 0 0 0 0 0 0 8359 0 0 0 0 0 0 0 4721 0 1782 0 0 9464 0 0 0 0 0 0 0 0 0 0 0 0 0 0 0 0 0 0 0 0 0 0 0 0 7279 0 0 7225 0 0 0 0 0 0 0 0 0 0 0 0 0 0 0 0 0 0 0 0 0 0 0 0 0 0 0 0 0 0 6687 0 0 0 0 0 0 0 0 9796 0 0 0 0 0 0 0 0 0 3837 0 63 0 0 0 0 0 0 9062 0 0 0 0 0 0 0 0 0 0 0 0 0 7171 0 0 0 0 0 0 9680 0 0 9246 0 0 0 9657 0 5130 0 0 9027 0 7488 0 0 0 0 0 5666 0 1897 0 0 0 0 9387 0 0 0 0 0 0 0 0 0 0 0 0 0 0 0 5216 4186 0 0 0 0 0 3377 0 0 0 0 0 0 0 4164 0 0 0 0 0 0 0 0 0 0 0 0 0 0 0 0 0 0 0 0 0 0 0 0 0 0 0 0 0 0 0 0 0 0 0 0 0 0 0 0 4437 0 0 0 0 0 0 0 0 0 0 0 0 0 0 0 0 0 0 0 0 0 0 0 0 0 0 0 0 0 0 0 368 0 0 0 0 0 0 7293 404 0 0 0 0 0 0 0 0 0 0 0 0 0 0 0 0 0 8310 0 0 0 0 0 0 0 0 7429 0 0 0 1929 0 0 0 0 0 0 0 0 0 0 0 0 0 0 0 1541 0 0 0 0 0 0 0 0 0 0 0 0 0 0 0 0 0 0 0 7178 0 0 0 0 0 0 0 0 0 0 0 0 0 0 0 0 0 0 0 0 0 0 0 0 0 0 0 0 0 0 0 0 0 0 0 0 0 0 0 0 0 0 0 0 0 0 1440 0 0 0 0 0 6699 0 0 0 0 3577 0 0 0 0 0 0 0 0 0 0 3498 0 0 0 0 0 0 0 0 0 6508 6955 0 0 0 0 0 0 0 0 0 0 0 0 0 0 3741 0 0 0 0 5990 0 0 0 0 0 0 0 2263 0 0 0 0 0 0 0 0 0 0 0 0 0 0 0 0 0 0 0 0 0 0 0 0 0 0 0 0 0 0 0 0 0 0 0 0 0 5148 0 0 0 0 0 0 0 0 0 0 0 0 0 0 0 0 0 0 2184 7816 0 3407 0 0 0 0 0 0 0 0 0 0 0 0 0 0 0 0 0 0 0 0 0 4388 0 0 3334 0 0 0 0 0 0 0 0 0 0 4595 0 0 0 0 0 0 0 0 0 0 0 0 0 0 0 0 0 0 0 0 0 0 7610 0 0 0 0 0 0 0 518 0 0 0 495 0 0 0 0 0 0 0 0 0 0 0 0 0 0 5992 0 0 0 0 0 0 0 0 0 0 0 0 0 0 0 0 0 0 0 7721 0 0 0 0 0 0 0 0 0 0 0 970 0 0 5533 0 0 0 0 0 0 0 0 0 2198 0 0 0 0 0 0 0 0 0 0 0 870 0 0 0 0 0 0 0 0 0 0 0 0 0 0 0 0 0 0 0 0 0 0 0 0 0 0 0 0 0 4314 0 0 0 3529 0 0 0 0 0 0 0 0 0 0 0 0 5050 0 0 0 0 0 0 0 0 0 0 0 3656 4236 0 0 0 895 0 0 0 0 7485 0 0 0 0 0 0 0 0 0 0 0 0 0 0 0 0 0 0 0 0 0 265 0 0 0 0 0 0 0 0 0 0 0 0 0 0 0 0 0 0 0 0 0 0 1966 0 0 0 0 0 0 0 0 0 0 0 0 0 0 5781 0 0 0 0 0 0 0 0 0 0 0 0 0 0 0 0 0 0 1286 0 0 0 0 0 0 0 0 0 0 0 0 0 0 0 0 4650 0 0 0 0 0 0 0 0 0 6948 0 0 0 783 0 0 0 0 0 0 0 0 0 0 0 0 0 0 0 0 0 0 0 0 0 0 0 0 0 0 0 0 0 0 0 0 0 0 0 0 0 0 0 0 0 0 0 0 0 0 0 0 0 0 754 0 0 0 0 0 0 0 0 0 0 0 0 0 0 1890 0 0 0 0 0 0 0 0 0 0 0 0 0 0 0 0 6018 0 0 0 0 0 0 0 0 0 0 0 0 0 6476 0 0 3492 0 2879 0 0 0 0 0 0 0 0 0 0 0 0 0 0 4840 0 0 0 0 0 2261 0 0 0 0 0 0 0 0 0 0 0 0 0 0 0 0 1688 3370 0 0 0 0 5614 0 0 0 0 0 0 0 0 0 0 0 0 0 0 0 3136 0 0 0 0 0 0 0 0 0 0 0 0 0 0 0 1331 0 0 0 0 0 0 0 0 0 0 0 0 0 0 0 0 0 0 0 0 587 0 0 0 0 0 0 0 0 0 0 0 0 0 0 0 0 0 0 0 5636 0 0 0 0 0 0 0 0 0 5704 0 0 296 0 0 0 0 0 6564 0 0 0 3475 0 0 0 0 0 0 0 0 0 0 0 0 0 0 0 0 0 0 0 0 0 0 0 0 3353 0 2838 0 0 0 0 0 0 0 0 0 0 0 0 0 0 0 0 0 3135 0 0 0 0 0 6178 0 0 0 0 0 0 0 0 0 0 0 0 0 0 5788 0 0 0 0 0 0 0 0 0 0 0 0 0 0 0 0 0 0 0 0 0 0 0 0 0 0 0 0 0 0 0 0 0 0 0 0 0 0 0 0 0 0 0 1652 0 0 0 0 0 0 928 0 0 0 0 0 0 0 0 0 0 0 0 0 0 0 0 0 0 0 0 0 0 0 0 0 0 0 0 0 0 0 0 0 0 0 0 0 0 0 0 0 0 0 6083 2856 0 4548 0 0 0 0 0 0 0 0 0 0 0 0 0 0 0 0 0 1320 0 0 0 0 0 0 0 0 0 0 0 0 0 0 0 0 3623 0 0 0 5049 0 0 0 0 0 0 0 0 0 0 0 0 0 0 0 0 0 0 0 0 4980 0 0 0 0 0 0 0 0 0 0 0 0 0 5231 0 0 0 0 0 0 0 0 0 0 0 0 0 0 0 0 0 0 0 0 0 0 0 0 656 0 0 0 0 0 0 0 0 0 0 0 0 0 0 0 0 0 0 0 0 0 0 0 0 0 0 0 0 0 0 0 0 0 0 0 0 0 0 0 0 0 0 0 0 0 0 0 0 0 3354 0 0 0 0 0 0 1725 0 0 0 0 0 0 0 0 0 0 5055 0 0 0 0 0 0 0 0 0 0 0 0 0 0 0 0 0 0 0 0 0 0 0 0 0 0 0 0 0 0 0 0 0 0 0 0 0 0 0 0 0 0 0 0 0 0 0 0 0 0 0 0 0 0 0 0 0 0 0 2561 0 4767 0 0 0 0 0 0 0 3156 0 0 0 0 0 0 0 0 0 0 0 0 0 0 0 0 0 0 0 0 2101 0 0 3711 0 0 0 0 3994 0 0 0 0 0 0 0 0 0 0 0 0 0 0 0 0 0 0 0 0 0 0 0 3398 0 0 0 0 0 0 0 0 0 0 0 0 0 0 0 0 0 0 0 0 0 0 0 0 2580 0 0 0 0 0 0 0 0 0 0 0 0 0 0 0 0 0 0 0 0 0 0 0 0 0 0 0 0 0 0 0 0 0 0 0 3807 0 0 0 0 0 0 0 0 0 0 0 0 0 0 0 0 0 0 0 0 0 0 0 0 0 0 0 0 0 0 0 0 0 0 0 0 0 0 0 0 0 0 0 0 0 0 0 0 2315 0 0 0 0 0 0 0 0 0 0 0 0 0 0 0 0 0 0 0 0 0 0 0 0 0 0 0 0 0 0 0 0 0 0 0 0 0 0 0 0 0 0 0 0 0 0 0 0 0 0 0 3405 0 0 0 0 0 0 0 0 0 0 0 0 1967 1954 0 0 0 0 0 0 0 0 0 0 0 0 0 0 0 0 0 0 0 0 0 3545 0 0 0 0 0 0 0 0 0 0 0 0 0 0 0 0 0 0 0 0 0 0 0 1607 0 0 0 0 0 0 0 0 0 0 0 0 0 0 0 0 0 0 0 0 0 0 0 0 0 0 0 0 0 0 0 0 0 0 0 0 0 0 0 0 0 0 0 0 0 0 0 0 0 0 0 0 0 0 0 0 0 257 0 0 0 0 0 0 0 0 0 0 0 0 0 0 0 1804 0 0 0 0 0 0 0 0 0 0 0 0 0 0 0 0 0 0 0 0 0 0 0 0 0 0 0 0 0 0 0 0 0 0 0 0 0 0 0 0 0 0 2857 0 0 0 0 0 0 0 0 0 0 0 0 0 0 0 0 0 0 0 0 0 0 0 0 0 0 0 0 0 0 0 0 0 0 0 0 2271 3236 0 0 0 0 0 0 0 0 0 0 0 0 0 0 0 0 0 0 0 0 0 0 0 0 0 0 0 0 0 0 0 0 0 0 0 0 0 0 0 0 0 0 0 0 0 0 1457 0 0 0 0 0 0 0 0 0 0 0 0 0 0 0 0 0 0 0 0 0 0 0 0 0 0 0 0 0 0 0 0 0 0 0 0 0 0 0 0 1649 0 0 0 0 0 0 0 0 0 0 0 0 0 0 0 0 0 0 0 0 0 0 0 0 0 0 0 0 0 0 0 0 0 0 0 0 0 0 0 0 0 0 0 0 0 0 0 0 0 0 0 0 0 0 0 0 0 0 0 0 0 0 0 0 0 0 0 0 0 0 0 0 0 0 0 0 0 0 0 0 0 0 0 0 0 0 0 0 0 0 2216 0 0 0 0 0 0 0 0 0 0 0 0 0 0 0 0 0 0 0 0 0 0 0 0 0 0 0 0 0 0 0 0 0 0 0 0 0 0 0 0 0 0 0 0 0 0 0 0 0 0 675 0 0 0 0 0 0 0 0 0 0 0 0 0 1966 0 0 0 0 0 0 0 0 0 0 0 0 0 0 0 0 0 0 0 0 0 0 0 0 0 0 0 0 0 0 0 0 0 0 0 0 0 0 0 0 0 0 0 0 0 0 0 0 0 0 0 0 0 0 0 0 0 0 0 0 0 0 0 0 0 0 0 0 0 0 0 0 0 0 0 0 0 0 0 1928 0 0 0 0 0 0 0 0 0 0 0 0 0 0 0 918 0 0 0 0 0 0 0 0 0 0 0 0 0 0 0 0 0 0 0 0 0 0 0 866 0 0 0 0 0 0 0 0 0 0 0 0 0 0 0 0 0 0 0 0 0 0 0 0 0 0 0 0 0 0 0 0 0 0 0 0 0 0 0 0 0 0 0 0 0 0 0 0 0 0 0 0 0 0 0 0 0 0 0 0 0 0 0 0 0 0 0 0 0 0 0 0 0 0 0 0 0 0 0 0 0 0 0 0 0 0 0 0 0 0 0 0 0 0 0 0 0 0 0 0 0 0 0 0 0 0 0 576 0 0 0 0 0 0 0 0 0 0 0 0 0 0 0 0 0 0 0 0 0 0 0 0 0 0 0 0 0 0 0 0 0 0 0 0 0 0 0 0 0 0 0 0 0 0 0 0 0 0 0 0 0 0 0 0 0 0 0 0 0 0 0 0 0 0 0 0 0 0 0 0 0 0 0 0 0 0 0 0 0 0 0 0 0 0 0 0 0 0 0 0 0 0 0 0 0 0 0 0 0 0 0 0 0 0 0 0 0 0 0 0 0 0 0 0 0 0 0 0 0 0 0 0 0 0 0 0 0 0 0 0 0 0 0 0 0 0 0 0 0 0 0 0 0 0 0 0 0 0 0 0 0 0 0 0 0 0 0 0 0 0 0 0 0 0 0 0 0 0 0 0 0 0 0 0 0 0 0 649 0 0 0 0 0 0 0 0 0 0 0 0 0 0 0 0 0 0 0 0 0 0 0 0 0 0 0 0 0 0 0 0 0 0 0 0 0 0 0 0 0 0 0 0 0 0 0 0 0 0 0 0 0 0 0 0 0 0 0 0 0 0 0 0 0 0 0 0 0 0 0 0 0 0 0 0 0 0 0 0 0 0 0 0 0 0 0 0 0 0 0 0 0 0 0 0 0 0 0 0 0 0 0 0 0 0 0 0 0 0 0 0 0 0 0 0 0 0 0 0 0 0 0 0 0 0 0 0 0 0 0 0 0 0 0 0 0 0 0 0 0 0 0 0 0 527 0 0 0 0 0 0 0 0 0 0 0 0 0 0 0 0 0 0 0 0 0 0 0 0 0 0 0 0 0 0 0 0 0 0 0 0 0 0 0 0 0 0 0 0 0 0 0 0 0 0 0 0 0 0 0 0 0 0 0 0 0 0 0 0 0 0 0 0 0 0 0 0 0 0 0 0 0 0 0 0 0 0 0 0 0 0 0 0 0 0 0 0 0 0 0 0 0 0 0 0 0 0 0 0 0 0 0 0 0 0 0 0 0 0 0 0 0 0 0 0 0 0 0 0 0 0 0 0 0 0 0 0 0 0 0 0 0 0 0 0 0 0 0 0 0 0 0 0 0 0 0 0 0 0 0 0 0 0 0 0 0 0 0 0 0 0 0 0 0 0 0 0 0 0 0 0 0 0 0 0 0 0 0 0 0 0 0 0 0 0 0 0 0 0 0 0 0 0 0 0 0 0 0 0 
99 0 0 210 0 0 0 0 0 0 0 0 80 58 0 0 0 0 0 0 48 120 148 0 0 0 0 0 162 170 0 0 0 0 0 110 0 0 139 0 0 0 0 145 0 0 0 0 19 0 0 0 143 0 0 0 0 0 0 0 0 0 0 0 0 0 74 0 0 0 0 0 0 51 0 0 0 0 0 0 117 0 0 93 0 0 0 0 0 0 0 72 0 0 0 0 0 0 0 0 0 0 0 0 0 0 0 0 0 0 0 0 0 0 0 0 0 0 0 0 0 
135 0 0 0 137 263 221 110 0 0 0 0 79 54 0 0 0 153 98 0 152 174 78 215 51 221 32 0 0 0 190 64 0 59 0 156 63 121 60 150 0 27 55 74 218 82 0 0 89 165 194 0 0 198 137 0 64 0 198 140 197 0 0 116 0 81 12 14 0 93 102 129 0 0 0 144 186 200 0 0 0 0 88 0 106 11 0 12 0 0 90 171 0 146 0 15 144 71 144 0 121 0 26 105 32 0 0 175 0 0 2 0 42 28 170 0 0 29 0 0 81 173 148 171 0 0 0 121 0 112 0 0 0 0 0 0 105 151 0 97 0 0 148 115 151 0 0 0 0 0 48 57 0 0 0 0 100 0 0 0 0 119 0 0 29 0 0 0 75 109 0 0 35 0 0 107 19 0 0 0 47 0 0 0 47 0 0 0 0 0 0 0 0 0 0 0 0 0 0 0 0 0 0 0 0 0 0 0 0 0 0 0 0 0 0 0 0 0 0 0 0 0 0 0 0 
13 164 164 105 0 0 0 164 0 0 96 109 0 169 0 161 136 0 71 0 76 154 0 0 30 124 153 194 55 157 151 0 72 17 0 127 0 45 173 0 199 87 0 0 0 0 0 71 57 100 78 0 116 53 155 157 33 0 0 125 0 47 52 183 101 226 128 172 6 122 0 0 171 0 0 77 68 114 137 0 92 173 0 139 118 0 144 0 83 0 0 0 168 53 0 21 105 0 158 0 218 0 85 0 0 0 21 0 157 0 0 127 0 0 0 133 0 0 166 0 93 157 132 162 0 0 0 93 0 0 54 0 0 151 17 0 170 0 120 0 0 139 25 0 0 0 0 0 0 56 4 123 0 0 0 0 22 0 0 0 0 46 0 0 108 0 0 0 51 79 0 0 0 0 0 0 0 0 0 0 0 0 64 0 0 0 0 0 0 0 0 0 0 0 31 0 0 0 0 0 0 0 0 0 0 0 0 0 0 8 0 0 0 0 0 0 0 0 0 0 0 0 0 
0 65 202 0 0 25 10 0 16 0 0 46 0 140 107 93 0 210 0 161 0 175 206 5 0 173 56 0 0 63 190 154 98 142 0 0 0 93 105 0 0 0 0 116 156 0 56 14 0 170 123 160 124 108 166 0 0 164 0 121 91 0 140 172 131 0 98 0 82 0 0 0 18 146 186 155 0 0 154 0 7 0 0 93 84 184 125 0 104 0 126 0 117 18 109 0 0 0 145 0 0 124 0 0 56 0 0 86 0 0 151 170 5 0 0 0 115 0 0 58 204 54 0 0 171 0 0 0 4 37 0 0 72 162 0 0 172 0 5 0 107 0 173 0 0 41 127 79 0 26 0 46 108 0 0 0 62 41 44 0 0 0 47 24 0 74 64 0 0 13 104 0 0 0 31 0 0 0 0 0 48 78 0 0 59 0 0 0 0 0 0 65 0 0 1 0 13 0 0 0 0 0 0 0 23 0 0 0 43 0 0 0 0 0 0 0 20 27 0 0 0 0 0 0 0 0 0 0 0 0 
106 147 0 13 39 0 0 0 42 0 0 0 0 0 0 0 0 0 43 0 72 0 60 0 0 126 0 0 67 0 131 0 0 100 170 114 0 0 0 0 0 0 113 0 6 0 150 51 0 0 0 0 0 0 0 0 0 175 0 0 0 0 0 0 0 0 0 0 0 0 0 55 0 0 0 0 0 0 0 0 0 0 0 0 0 0 9 0 0 0 0 0 0 0 0 0 0 0 0 6 0 0 0 0 0 0 0 0 0 0 0 0 0 0 0 0 0 0 0 0 0 
32 118 86 108 131 0 121 135 0 123 0 0 176 178 80 0 0 0 0 5 0 72 139 145 177 122 0 102 224 0 24 0 0 60 54 173 0 40 66 225 120 119 71 152 71 0 0 72 0 147 0 74 0 0 133 0 90 202 172 0 129 0 110 196 0 0 33 0 0 109 26 191 0 0 0 0 0 8 127 0 0 170 0 0 0 0 0 120 134 0 0 164 0 0 63 0 4 76 183 0 131 0 167 0 0 0 21 0 102 0 0 0 0 0 0 51 0 0 0 0 96 179 0 183 0 73 0 78 0 0 32 0 0 120 0 0 63 0 62 5 0 0 0 20 0 0 116 0 0 0 52 0 0 110 53 0 0 0 122 0 0 0 0 0 16 6 112 0 0 0 0 82 0 63 0 42 19 0 0 0 0 0 0 57 42 0 0 0 0 0 0 0 0 0 0 0 0 0 0 0 0 0 0 0 2 6 0 0 0 0 0 0 0 0 0 0 0 0 0 0 0 0 0 0 0 0 0 
93 0 182 92 0 0 0 0 178 141 0 0 32 200 67 0 0 107 0 62 147 141 0 161 137 0 0 0 0 0 0 175 0 0 0 0 0 0 0 0 0 0 0 0 0 0 96 0 0 0 0 0 0 0 149 0 0 0 40 0 0 0 0 0 0 0 0 0 0 0 0 0 0 0 0 0 0 0 0 0 40 0 0 61 0 99 0 0 0 0 0 0 0 0 0 9 0 0 15 0 0 0 0 0 0 0 0 
0 16 102 82 142 192 69 0 150 0 90 0 102 0 0 117 16 0 107 163 0 67 177 13 0 0 0 150 0 150 132 157 0 0 167 39 0 108 0 0 104 0 99 167 0 214 95 159 153 141 130 127 125 65 150 84 34 185 0 115 23 0 0 0 185 121 0 0 151 0 29 0 212 18 0 2 170 170 167 94 165 103 156 0 213 0 0 138 127 79 150 172 0 0 135 0 0 0 0 0 151 0 0 92 217 163 90 0 176 0 199 0 149 110 43 185 115 0 159 0 0 0 0 177 0 0 176 0 96 49 148 50 0 0 0 0 117 0 167 174 0 33 0 1 0 58 0 0 0 0 0 18 13 0 0 0 0 43 0 0 0 0 0 0 7 121 67 0 0 0 114 0 98 0 0 0 0 0 0 0 0 24 12 17 0 0 0 0 0 0 0 28 0 0 0 0 0 0 0 0 0 0 0 0 0 0 0 0 0 0 0 0 0 0 0 0 0 0 0 0 0 0 
105 0 0 0 0 61 163 0 0 70 71 0 0 0 0 0 0 0 0 0 147 0 0 0 0 0 0 0 0 0 0 0 0 56 107 128 0 126 0 0 0 0 0 0 0 0 0 0 121 0 0 0 0 0 0 0 0 0 0 0 0 0 0 96 0 0 0 0 0 0 139 0 0 0 26 0 0 0 0 0 50 0 0 0 0 0 0 0 0 0 0 0 0 0 0 0 0 0 4 0 0 0 0 0 0 0 0 0 0 0 0 0 0 0 0 0 0 0 0 0 0 0 0 0 
123 0 0 0 0 0 138 0 0 52 0 41 0 0 0 96 0 0 0 0 193 0 0 0 0 152 172 0 30 178 0 0 0 152 0 0 26 0 0 0 0 0 0 0 0 0 0 0 0 0 0 127 0 0 0 0 0 0 73 0 0 0 0 0 145 0 0 0 0 0 0 0 0 0 151 0 0 0 0 0 0 0 0 0 0 0 0 0 0 0 0 1 0 75 0 27 0 0 0 75 39 76 42 0 0 0 0 0 0 0 0 0 1 0 0 0 0 0 0 0 0 0 0 0 0 0 0 
81 0 15 0 186 0 70 0 0 0 0 129 152 0 144 111 165 140 133 176 156 242 75 0 146 43 8 0 0 177 0 0 0 0 0 162 109 0 0 169 162 0 55 0 202 0 44 81 0 0 0 0 146 0 41 0 0 21 0 0 167 66 0 0 0 214 74 218 0 140 84 149 231 0 18 0 138 101 52 0 0 153 127 0 0 0 65 38 137 0 0 0 122 0 0 0 6 192 0 0 0 0 137 100 154 0 0 0 0 100 135 78 0 0 0 26 0 164 0 32 165 0 168 170 0 0 77 183 101 173 0 0 0 0 0 0 0 136 0 0 92 97 0 178 83 0 0 0 0 0 0 0 0 0 120 86 0 0 151 0 0 129 2 0 0 121 34 62 0 0 0 0 0 0 0 0 0 122 37 0 91 64 0 24 0 0 15 0 66 29 0 0 0 0 0 0 0 0 0 0 0 0 0 0 0 0 0 0 0 0 0 0 0 18 0 0 27 0 21 0 0 0 0 0 0 0 0 0 0 5 0 0 0 5 0 0 0 
100 154 0 75 0 0 0 0 0 0 129 0 0 0 0 61 0 0 0 52 0 66 0 0 0 0 0 0 0 0 0 0 0 145 0 0 0 0 0 0 0 0 0 127 0 0 0 0 0 0 161 0 0 43 0 0 47 80 0 88 0 0 0 0 0 0 0 85 0 0 0 0 0 0 105 0 104 0 0 0 0 0 72 0 0 0 94 32 0 0 0 0 0 0 0 0 0 0 0 0 0 0 0 0 0 0 0 0 0 0 4 0 0 0 0 0 0 0 0 
118 0 0 0 150 0 0 0 130 129 0 145 0 60 183 0 0 1 0 0 139 0 58 0 0 168 0 0 0 0 0 0 148 0 0 0 0 0 0 0 0 0 129 0 0 7 0 108 145 0 0 122 0 0 0 0 0 0 161 0 0 0 0 174 9 0 0 39 0 89 0 0 0 0 0 0 0 0 133 104 0 0 22 0 0 0 0 0 0 0 0 0 0 49 0 0 0 87 0 0 0 0 55 0 0 0 0 0 0 0 0 0 0 0 0 0 0 0 0 0 0 0 0 0 
103 20 0 0 0 0 0 118 0 98 0 0 95 42 180 0 87 0 0 0 0 0 0 0 0 0 0 0 103 0 0 0 0 106 0 0 0 127 0 163 0 0 173 0 0 0 0 0 0 0 0 0 0 0 0 148 0 0 116 0 0 0 0 183 75 0 140 0 0 0 0 0 0 0 0 0 0 0 0 98 0 0 0 0 34 0 0 0 0 0 0 0 0 0 0 0 0 0 0 0 0 0 0 0 0 0 33 0 0 0 0 0 0 0 0 0 0 0 0 0 0 0 0 0 
105 145 1 0 20 164 0 0 0 0 0 0 0 130 32 94 18 0 130 0 0 0 0 113 0 63 0 0 0 0 174 0 0 0 128 0 0 0 0 0 0 0 0 131 0 0 0 0 0 0 0 0 0 0 0 0 0 0 0 0 0 127 38 0 0 72 0 71 0 0 0 0 136 0 0 0 0 0 0 0 0 0 0 0 70 65 0 0 0 0 0 0 0 7 0 0 0 0 0 0 0 0 0 0 0 0 0 0 0 0 0 0 0 0 0 0 0 0 0 0 0 
121 0 87 0 0 158 0 0 79 0 0 0 174 0 131 58 0 74 147 61 218 0 117 0 91 118 0 0 0 0 0 0 0 0 0 0 0 0 107 0 0 0 0 0 0 0 63 161 83 0 166 0 0 0 0 41 0 0 0 0 0 0 0 0 65 0 0 0 0 0 0 0 0 27 0 0 0 110 0 0 0 0 121 0 48 129 0 0 86 0 0 0 0 0 0 0 0 0 18 61 0 0 0 0 0 0 0 0 0 0 0 0 0 0 0 0 0 0 0 0 0 0 0 
125 66 137 194 142 115 0 48 0 0 0 0 0 187 0 0 54 0 52 121 0 0 0 0 0 0 0 0 0 167 0 179 0 0 111 170 0 0 0 0 0 141 0 0 0 0 59 0 0 127 176 0 0 0 22 63 0 0 0 0 0 0 0 36 0 0 138 0 0 0 0 0 0 0 0 144 0 0 0 0 0 0 0 0 0 0 127 124 97 0 0 0 0 0 0 0 0 97 0 0 0 0 0 0 0 0 0 0 0 0 0 0 0 0 0 0 0 0 0 0 0 0 0 0 0 0 0 0 0 
64 86 9 116 95 134 180 8 0 167 142 42 0 18 0 0 139 0 163 0 0 147 134 0 116 0 0 192 137 52 80 153 0 133 156 0 0 126 92 89 0 62 0 0 0 164 109 0 190 27 216 117 165 0 0 0 185 0 0 0 220 136 0 160 123 127 171 0 0 0 155 0 0 168 105 53 0 0 125 0 0 142 140 0 85 0 0 52 62 59 0 0 0 179 0 0 72 158 33 0 114 165 0 0 0 82 173 0 86 0 68 200 157 0 43 0 70 0 0 142 31 0 81 0 76 0 0 212 18 183 3 0 0 0 89 0 129 0 0 51 0 0 0 21 0 124 32 118 0 0 79 0 0 106 0 0 0 124 80 0 0 0 0 36 0 0 105 122 0 85 94 56 0 66 0 0 0 0 69 0 0 0 0 0 0 9 0 0 0 0 0 0 76 0 0 0 0 14 0 36 0 0 0 0 0 0 0 0 0 0 0 0 0 0 0 0 0 0 0 0 0 0 0 0 0 0 0 0 0 0 0 0 0 0 0 0 0 0 
0 180 63 0 90 0 161 205 62 20 120 164 223 0 0 0 56 0 0 102 30 0 123 10 213 202 0 118 0 180 183 0 0 0 167 203 0 0 140 0 0 139 108 49 0 0 0 0 139 151 27 67 0 71 0 0 108 98 0 204 0 40 94 0 0 0 0 22 206 0 176 0 0 130 0 116 161 0 0 181 0 0 121 0 0 162 157 0 60 124 155 0 100 0 94 180 0 151 0 0 144 120 156 155 0 1 0 200 18 16 200 0 0 0 69 0 195 0 0 0 142 121 82 168 145 0 128 132 0 0 0 0 82 157 0 0 0 92 114 6 0 104 0 0 55 13 0 0 0 0 0 0 0 0 0 0 0 0 0 0 0 104 0 0 0 0 104 0 0 0 137 0 0 0 0 0 111 0 0 0 107 0 0 0 0 0 0 0 0 108 0 0 0 0 0 0 0 0 0 0 0 0 0 0 57 0 0 0 0 0 0 0 0 0 0 0 35 0 0 0 0 35 0 0 0 0 0 0 0 8 0 0 0 0 0 0 0 0 0 
171 35 144 169 173 179 132 44 0 165 50 0 152 92 0 0 96 0 0 50 0 0 0 16 220 179 0 125 0 46 169 0 124 96 0 0 204 179 182 161 126 0 0 72 172 97 138 0 129 0 167 0 64 175 0 0 125 138 0 156 198 0 0 129 0 0 0 41 178 181 158 0 192 198 0 69 172 0 0 37 54 0 175 0 0 0 0 99 0 0 0 0 0 159 189 49 0 0 114 0 0 0 0 0 207 0 0 139 114 0 72 0 16 137 0 84 0 0 0 151 181 0 0 198 0 176 0 0 0 54 0 0 0 0 167 130 0 0 119 21 0 0 0 178 0 0 0 0 101 0 27 0 174 134 0 0 0 0 0 0 0 0 0 0 0 0 0 118 135 118 107 48 0 0 0 0 45 0 0 0 0 0 0 0 0 0 0 0 0 5 44 16 0 0 0 0 0 99 40 0 0 0 0 0 0 0 0 0 0 0 58 0 38 0 0 0 0 0 0 0 0 0 0 0 0 5 0 0 0 0 0 0 0 0 0 0 0 0 0 0 
136 82 0 79 0 0 0 161 0 44 0 0 133 0 156 0 0 143 0 0 0 0 0 0 2 20 0 176 22 73 4 0 104 167 0 0 0 0 0 0 94 0 0 0 12 0 0 36 0 0 0 177 0 0 0 0 0 136 0 0 20 0 0 0 0 0 0 0 0 0 0 167 0 0 117 0 0 0 0 0 0 0 116 0 0 0 0 0 0 0 0 0 0 0 0 0 0 0 0 92 0 0 0 0 0 0 99 0 0 0 0 75 82 0 0 0 0 0 0 0 0 0 0 0 0 0 0 3 0 0 0 0 0 0 0 0 0 0 0 
102 42 0 0 22 0 0 58 0 0 0 116 35 0 0 0 88 188 0 103 64 178 0 175 193 0 0 0 0 0 167 0 0 0 0 230 0 33 0 0 181 37 163 0 184 0 0 15 0 0 0 0 114 178 0 0 175 0 0 0 0 0 0 42 0 0 0 0 92 0 0 0 0 0 0 21 0 0 0 0 0 0 0 0 0 0 0 0 0 0 0 0 0 0 41 0 0 0 0 0 0 0 0 0 0 0 0 0 0 0 0 0 0 0 0 0 
122 0 0 0 0 0 0 123 0 0 0 0 0 0 25 74 56 0 0 0 0 0 0 151 0 0 0 0 0 0 0 0 0 165 0 0 0 0 70 0 173 192 104 0 106 65 0 0 0 145 0 45 0 0 0 0 154 0 0 0 177 108 0 0 0 0 0 155 0 0 3 184 0 0 0 0 0 0 0 0 0 0 0 103 148 0 0 0 0 0 0 118 63 0 0 0 0 0 0 0 54 0 0 45 0 0 0 0 0 0 0 0 0 0 0 0 0 0 0 0 0 0 0 0 0 0 0 0 
170 28 51 0 137 238 0 84 0 186 0 20 182 157 29 0 164 0 0 168 165 0 174 0 147 59 66 0 136 0 148 0 27 0 112 119 139 166 0 0 0 0 143 62 93 86 0 125 84 77 64 0 177 158 0 208 173 0 67 0 0 0 0 52 0 108 129 146 0 0 94 0 0 204 83 0 0 163 0 146 76 0 0 19 119 0 153 83 170 0 0 0 81 0 29 124 0 0 145 170 169 0 0 0 0 0 0 227 0 11 0 0 42 92 157 158 0 0 0 0 0 0 144 59 0 0 0 0 159 138 0 86 0 163 0 0 0 0 0 0 121 0 157 142 0 0 0 148 0 99 0 92 0 0 84 167 0 0 31 0 0 0 0 0 0 37 117 63 141 0 25 20 0 0 0 0 96 125 0 0 100 0 0 0 0 0 0 0 107 11 0 0 0 0 0 14 0 0 0 0 0 0 0 0 0 0 0 0 0 0 0 0 0 0 36 0 51 0 0 0 0 0 0 0 0 0 0 0 0 4 0 0 0 0 0 0 0 0 0 0 0 0 0 0 0 0 0 0 0 0 0 0 
128 0 0 0 130 176 0 169 0 0 0 0 149 0 0 0 4 0 0 102 164 99 16 0 0 0 0 149 0 0 0 0 0 169 177 0 0 0 170 0 95 131 0 111 0 0 0 0 204 0 0 0 0 77 0 163 0 0 0 0 175 0 0 0 183 0 0 0 0 0 0 0 0 0 0 120 0 0 0 0 0 0 0 74 0 0 24 0 0 110 0 0 0 19 0 0 0 0 35 59 0 0 0 0 14 0 0 44 0 0 0 0 23 0 0 0 0 0 0 0 0 0 0 0 
131 112 0 0 0 0 0 0 0 0 43 0 0 0 0 0 175 82 0 130 0 74 80 0 0 126 0 0 0 0 0 0 0 0 0 101 74 0 0 139 112 0 18 0 0 0 0 0 0 0 0 175 0 0 0 0 0 137 0 0 0 0 0 94 0 0 0 0 98 0 0 0 0 0 0 0 4 0 0 0 0 0 0 124 0 0 0 0 0 0 0 0 0 0 101 59 0 0 0 0 0 0 0 0 9 0 0 0 0 0 0 0 0 0 0 0 17 0 0 0 0 0 0 0 0 0 0 0 0 0 0 0 0 2 0 
115 0 0 0 0 0 23 0 0 0 0 0 53 0 102 0 0 0 177 0 106 0 0 99 0 105 200 0 0 13 48 75 0 0 117 0 0 0 175 0 0 0 0 0 0 130 0 174 0 0 0 15 0 0 19 0 0 0 0 138 80 0 103 84 0 0 168 49 0 0 0 0 0 0 0 0 143 0 0 87 0 0 0 0 0 0 117 0 0 144 0 0 0 0 0 0 0 0 0 0 0 0 0 0 19 0 0 0 0 27 0 0 0 0 0 0 0 0 0 0 0 0 0 
109 0 121 0 0 0 0 245 0 0 55 0 0 144 0 0 0 0 58 0 0 97 105 0 0 0 0 139 153 0 0 0 0 0 0 85 0 136 127 0 0 0 0 0 0 0 0 62 0 0 142 181 130 0 0 140 0 103 165 0 0 0 0 0 0 0 0 0 0 0 0 120 0 0 98 0 41 0 0 0 0 0 0 0 0 11 0 0 0 0 0 0 0 0 0 0 0 0 0 0 0 0 0 0 0 28 31 0 0 0 0 0 0 0 0 0 
53 0 0 136 0 178 0 104 175 145 157 0 146 133 0 142 255 0 0 0 182 0 113 0 42 34 24 125 197 58 0 0 0 184 64 201 0 0 0 148 0 0 185 227 240 0 92 0 0 0 0 0 0 0 152 82 0 0 0 0 0 174 0 19 174 121 0 107 122 0 0 88 0 189 0 0 0 0 27 108 0 154 89 126 198 0 0 0 1 0 46 0 0 0 0 0 112 129 0 167 44 54 0 66 0 69 0 12 143 0 0 0 0 0 0 0 0 168 187 0 0 0 69 0 0 0 89 0 0 0 0 174 0 20 18 124 0 180 171 0 0 128 34 0 130 153 21 0 0 0 0 0 0 103 0 0 54 0 0 0 155 163 0 0 0 0 0 0 0 0 42 0 72 0 121 0 140 0 0 0 0 0 0 0 0 0 23 0 0 0 105 0 0 0 0 0 42 36 26 0 40 0 0 0 0 0 0 15 0 0 0 0 0 0 0 0 0 0 0 0 0 0 0 0 0 9 0 0 0 0 0 0 17 0 0 0 0 0 0 0 0 0 0 0 0 0 0 0 0 0 
47 0 11 34 207 0 189 0 196 67 0 98 0 68 0 177 0 0 50 0 0 139 0 93 132 0 106 149 129 81 103 165 25 94 0 220 100 166 94 0 0 157 77 132 0 0 81 0 0 0 225 151 110 169 130 188 0 111 157 0 0 147 0 0 95 0 0 212 0 0 0 0 0 207 109 151 116 151 176 195 175 97 0 161 12 122 0 0 0 0 0 121 186 0 0 0 0 0 123 0 35 180 139 153 0 93 0 0 0 95 0 151 174 0 0 0 1 183 93 0 0 0 0 0 171 31 36 100 0 0 126 0 0 0 0 189 0 0 8 0 0 164 51 190 0 0 158 0 0 0 0 0 137 32 57 73 145 0 0 132 49 0 0 0 95 0 0 0 132 48 0 146 111 0 0 0 0 0 0 0 65 0 136 0 0 0 0 0 0 0 0 0 79 36 0 0 0 0 0 0 0 0 3 0 0 0 0 0 0 39 0 0 0 0 0 60 0 0 0 0 0 0 0 0 0 0 0 11 0 0 0 0 0 0 0 0 0 0 0 0 0 0 0 0 
142 0 203 0 203 76 184 0 243 233 237 167 0 157 0 130 72 0 70 0 0 0 49 116 153 82 0 118 23 0 135 204 50 127 0 0 0 0 41 0 0 149 139 198 98 0 191 128 79 100 140 103 80 0 178 0 78 149 0 152 26 70 0 95 0 0 0 99 174 173 0 0 141 0 0 0 132 0 196 142 0 0 0 0 171 0 161 87 0 20 0 185 187 0 97 21 137 168 0 122 54 194 142 139 0 0 0 0 146 177 137 0 0 43 148 0 93 0 179 0 0 0 154 152 0 0 136 116 174 0 174 0 0 145 77 0 0 171 159 0 31 0 0 0 0 0 0 68 0 0 169 0 0 0 139 0 0 0 0 0 0 8 0 163 0 0 33 106 0 118 94 124 0 0 147 0 0 83 0 0 0 0 4 0 0 0 101 0 0 0 0 0 0 0 0 0 0 0 0 0 0 83 0 0 0 40 0 0 0 69 0 0 22 0 0 0 0 0 0 0 0 0 0 0 0 0 0 0 0 0 0 0 0 0 0 0 0 0 0 0 0 0 0 0 0 0 0 0 0 0 0 
0 96 0 0 0 151 0 1 0 177 0 67 0 0 159 196 167 0 86 0 0 252 227 70 42 194 43 213 134 0 101 141 183 0 148 0 0 0 86 0 89 9 0 110 164 159 76 0 148 120 0 0 0 150 143 187 0 214 0 0 0 156 0 30 150 0 0 183 152 184 202 117 136 128 191 0 0 159 2 251 189 140 0 16 142 12 164 153 0 0 0 14 0 0 153 0 0 0 0 168 43 0 55 0 114 0 0 143 21 0 101 201 0 60 132 209 0 180 0 0 0 0 0 150 0 0 26 0 32 179 117 0 96 0 0 162 0 0 0 199 189 0 0 122 39 111 0 0 0 0 154 41 0 20 87 0 0 0 0 101 36 0 0 0 0 0 0 0 0 0 0 0 0 0 0 0 65 0 0 0 0 91 0 27 0 0 20 44 0 58 54 0 0 0 0 0 0 0 0 0 0 0 0 0 59 0 75 0 0 0 45 0 0 23 0 0 0 0 0 0 0 0 0 15 0 0 0 0 0 0 0 0 0 0 0 0 0 0 0 0 0 0 
123 0 90 0 136 0 0 122 0 0 0 0 143 0 0 0 0 0 0 0 78 0 0 0 0 0 100 0 100 0 30 0 19 0 166 122 189 0 0 0 0 0 0 74 0 0 0 0 0 0 0 0 13 0 0 0 228 0 0 176 0 164 0 183 0 0 159 0 0 161 0 0 0 0 40 0 0 119 10 0 0 0 0 0 0 0 0 0 0 0 0 0 53 0 108 0 0 0 0 0 0 0 0 0 0 0 0 0 0 0 0 0 0 0 0 0 0 0 0 21 0 0 0 0 0 0 11 0 0 0 
99 0 44 36 0 0 0 106 159 60 0 0 0 161 140 0 148 0 83 0 0 0 0 0 0 0 27 0 0 0 0 0 0 30 0 0 0 0 140 0 0 0 0 0 0 0 0 0 0 0 0 0 0 176 0 182 102 0 0 100 0 104 0 0 0 1 86 0 0 0 0 0 0 0 0 140 0 0 0 0 0 0 0 0 0 0 32 0 0 0 0 0 0 0 0 0 0 0 0 0 0 0 0 0 0 0 0 0 0 0 0 0 0 0 0 0 0 0 0 0 0 0 0 
91 175 0 182 190 186 0 0 39 0 0 0 66 169 212 183 0 158 145 190 0 0 0 120 0 195 0 191 86 0 0 0 0 176 190 0 98 63 0 143 265 173 173 130 134 102 184 100 76 156 0 185 0 180 0 231 131 163 149 213 223 166 0 0 130 0 60 0 0 0 158 183 0 187 179 0 238 0 152 107 134 73 0 0 0 0 29 122 114 0 99 0 241 0 0 110 164 0 88 137 145 0 198 0 112 160 0 123 0 0 0 134 177 193 154 0 82 0 33 0 0 0 0 167 0 0 0 0 0 0 0 84 0 23 178 15 0 0 0 0 0 134 146 0 110 44 0 0 0 0 0 0 170 0 0 0 0 123 102 0 0 0 138 0 0 0 117 0 0 136 130 0 0 0 0 0 0 0 0 0 0 0 0 0 0 0 0 0 0 0 0 0 94 0 0 2 0 0 0 0 0 46 0 75 0 0 0 33 0 43 0 0 0 0 0 0 0 0 0 0 9 0 0 0 0 0 0 2 0 0 0 0 0 
89 0 37 0 0 162 141 0 0 0 110 0 0 0 78 0 0 0 78 0 187 0 0 20 161 0 86 0 0 49 0 0 126 0 0 0 172 76 0 0 0 0 154 178 0 0 173 0 183 0 0 0 0 0 0 79 0 0 0 0 0 0 0 0 0 0 0 0 144 0 0 0 0 124 0 0 0 0 0 0 0 0 0 0 108 0 0 0 22 0 0 0 0 0 0 0 0 0 0 0 0 0 0 0 0 0 0 0 0 0 0 
0 25 192 197 32 151 0 193 0 134 88 126 150 102 34 0 0 152 179 49 129 146 0 0 0 0 0 106 138 33 78 0 0 97 0 70 0 4 149 44 0 154 0 93 29 0 92 243 145 0 0 92 0 56 0 96 154 0 70 0 76 72 105 0 174 0 189 140 131 0 200 225 0 184 0 0 0 155 157 0 196 41 0 208 234 158 178 109 0 205 202 28 184 186 11 0 139 137 0 169 217 0 89 89 68 0 170 0 0 168 188 93 154 0 0 0 125 0 35 0 153 157 0 0 0 0 19 0 16 0 0 75 0 0 150 0 0 0 76 61 58 0 0 143 0 0 0 0 122 131 0 0 0 0 6 103 0 142 0 22 1 0 99 0 2 0 138 31 0 0 120 70 0 120 105 59 0 0 0 38 21 0 0 0 0 4 14 0 0 0 0 0 0 0 47 0 9 71 0 0 0 0 35 0 0 0 33 2 0 0 0 0 0 0 0 0 0 0 0 0 0 0 0 0 0 0 0 0 0 
0 0 0 0 166 51 0 104 155 177 0 0 219 242 76 129 0 127 0 0 0 170 188 172 0 175 125 237 88 205 63 12 213 0 100 86 0 223 138 0 0 96 0 71 222 242 212 0 218 113 215 191 0 0 131 15 0 0 93 156 0 0 0 0 0 109 69 0 0 159 0 0 75 83 157 150 134 0 0 188 40 0 0 0 169 192 0 144 121 0 160 105 168 167 23 148 45 147 151 0 129 82 45 0 0 134 0 132 0 0 131 160 55 0 0 0 0 194 0 0 0 0 158 0 172 47 0 0 0 0 0 16 0 0 0 0 0 0 167 180 196 0 0 87 128 0 178 0 191 0 0 0 0 0 0 0 0 0 88 110 140 147 179 0 138 0 26 0 0 117 0 0 0 92 0 0 37 0 147 0 0 0 0 0 126 0 0 0 0 0 0 0 13 0 93 0 0 121 0 0 0 0 0 0 0 0 0 43 0 51 34 0 0 0 0 0 0 0 0 0 0 0 0 0 0 0 0 0 0 0 0 0 0 0 0 7 0 0 0 0 8 0 0 0 0 0 0 0 0 
135 157 191 226 0 12 44 0 108 0 56 0 0 0 0 0 255 62 0 99 145 144 0 118 98 233 131 0 170 142 0 180 190 91 0 119 99 0 140 13 137 0 0 0 0 67 38 124 5 0 0 0 191 155 122 126 4 127 0 0 27 190 104 166 214 169 0 50 0 177 16 0 0 0 0 0 0 0 0 0 0 0 150 117 95 0 91 0 159 234 162 0 0 20 50 0 0 105 160 0 0 46 185 0 173 110 182 146 89 0 0 0 0 0 57 0 0 0 186 0 0 0 225 145 0 61 111 0 151 0 0 55 3 38 0 177 0 0 100 0 0 0 0 63 0 149 0 23 187 0 97 11 0 0 23 123 0 109 0 0 2 0 5 0 0 27 115 0 76 0 0 53 0 0 0 0 0 0 117 0 0 0 0 106 0 0 0 67 0 0 56 0 0 0 0 83 0 0 21 99 0 0 11 0 0 0 0 0 0 0 0 0 0 0 0 0 0 30 0 29 0 0 0 0 0 0 27 0 0 0 0 0 0 0 0 0 0 0 0 0 0 0 0 0 0 0 0 0 0 0 
83 5 0 132 0 0 0 37 25 0 206 58 0 0 236 57 0 0 79 59 50 191 0 180 171 27 0 0 76 142 0 0 0 0 0 0 234 155 0 170 140 0 123 0 0 164 65 0 232 123 103 148 59 234 113 83 104 137 0 51 119 0 0 210 8 161 132 193 188 0 94 230 213 134 0 31 61 0 197 0 120 95 0 38 176 0 0 0 0 0 129 0 0 0 157 173 112 175 72 126 24 183 182 146 0 0 74 0 0 185 153 0 0 164 0 181 0 0 229 162 0 0 0 0 187 123 50 0 0 188 0 0 97 0 0 127 0 144 0 178 169 0 0 0 0 52 0 63 115 157 4 39 0 19 0 0 0 0 184 0 0 0 46 0 29 0 0 0 0 0 0 36 0 124 0 0 0 0 0 0 0 0 0 41 94 0 0 0 0 0 0 0 0 0 0 0 0 15 0 37 0 0 0 0 101 0 0 0 0 68 0 0 0 61 36 0 0 0 87 0 3 0 0 0 0 0 0 0 0 30 0 0 0 0 0 0 0 10 0 0 0 0 0 0 0 0 
104 0 0 0 0 0 66 0 0 0 0 0 0 0 0 0 0 0 0 0 0 45 0 0 0 0 0 154 73 0 0 0 143 175 86 68 176 154 0 192 0 0 0 0 0 0 0 0 0 0 0 0 130 0 0 0 0 0 0 0 0 0 25 0 192 0 171 0 43 0 0 0 0 0 151 107 0 0 0 29 0 0 0 0 0 69 123 0 0 0 0 0 0 0 0 0 0 0 0 0 0 0 0 0 56 0 0 0 0 0 0 0 0 0 0 0 0 0 0 0 0 0 0 0 0 0 
84 0 81 101 86 112 189 0 0 161 0 19 86 75 0 33 169 111 0 0 146 0 0 0 0 251 39 23 119 0 159 63 20 103 181 184 0 207 0 0 0 0 0 0 0 247 186 0 145 0 0 199 157 0 0 56 0 230 0 0 130 111 110 180 203 185 45 153 0 67 0 95 0 168 0 0 88 0 0 75 103 0 0 0 154 0 144 42 0 0 0 175 0 0 180 59 0 191 144 25 0 0 257 142 0 0 69 0 0 217 0 3 0 189 181 0 26 0 0 0 0 0 0 0 182 0 229 0 194 56 135 0 0 0 116 189 0 49 93 63 55 79 0 0 0 171 0 0 126 14 0 0 193 95 0 0 195 181 0 91 112 0 0 0 0 0 161 0 77 114 150 89 87 0 47 0 108 0 0 0 0 154 0 0 0 0 0 0 112 131 0 127 0 37 0 0 104 0 24 0 0 0 0 47 60 63 2 0 74 0 0 0 0 0 0 0 0 0 0 0 0 0 0 0 0 0 0 0 0 0 0 0 0 0 0 0 0 0 0 0 0 0 
119 0 87 121 0 0 64 0 0 192 0 120 9 99 0 130 56 79 193 0 0 0 0 0 80 0 0 0 136 0 106 118 0 0 0 0 2 0 0 160 154 0 0 0 0 0 0 0 0 0 9 0 0 0 0 0 0 0 0 0 22 0 0 150 0 124 0 88 0 0 0 0 0 105 78 0 53 0 0 0 0 47 0 0 118 0 0 0 0 0 0 0 0 0 0 0 0 0 0 0 44 0 0 0 20 0 0 37 0 0 0 0 0 0 0 0 0 0 0 0 0 0 0 
107 84 0 123 0 0 191 0 0 0 45 39 0 73 0 76 0 0 187 98 0 140 0 0 141 137 0 0 0 0 142 186 0 0 0 0 0 0 0 0 0 0 0 0 51 0 0 0 0 0 0 166 4 85 0 157 0 0 175 0 69 0 0 0 74 0 0 31 0 0 0 0 0 0 0 0 0 0 0 0 106 0 0 0 0 0 0 73 0 0 0 91 0 28 0 0 0 52 0 0 0 0 0 0 0 0 0 0 0 0 0 0 0 0 39 0 0 0 0 0 0 18 0 0 0 0 0 0 0 
250 157 181 30 35 243 16 189 0 157 0 262 0 0 0 233 22 101 0 0 44 0 0 31 147 109 166 49 0 114 0 70 174 0 178 121 0 0 121 88 0 148 125 0 136 0 0 106 0 58 172 17 171 187 0 0 13 0 51 160 0 0 150 78 270 186 165 172 0 0 0 196 179 99 0 98 177 0 0 12 0 0 0 0 0 46 0 0 0 22 40 160 238 150 191 0 0 0 151 74 184 0 0 0 182 115 0 137 0 35 215 0 0 0 0 0 0 2 0 178 67 36 0 121 0 22 0 0 0 0 0 196 0 0 0 0 40 115 0 13 0 0 0 0 34 0 174 0 137 0 0 0 0 111 0 0 79 0 0 0 0 149 0 0 0 0 137 0 48 0 0 0 0 0 0 0 51 0 0 0 0 0 0 0 0 83 0 0 0 0 24 0 0 99 0 18 0 37 0 0 0 0 0 0 0 72 0 0 0 0 0 0 0 0 0 0 0 0 11 0 38 60 0 0 0 0 0 0 0 12 0 0 0 21 0 0 39 0 0 0 0 0 0 0 0 0 0 0 0 0 0 0 0 0 0 0 0 
114 0 0 74 0 0 44 0 0 0 0 0 0 72 0 0 24 0 0 0 0 0 56 0 169 178 118 0 168 0 53 0 0 0 67 124 0 56 0 0 0 47 0 0 0 23 0 0 0 0 0 0 173 0 0 0 0 0 0 0 0 0 0 103 0 0 0 86 0 0 0 118 0 0 101 0 0 0 0 0 0 0 0 0 0 56 0 0 0 0 0 0 0 0 108 0 0 0 0 0 0 0 0 0 0 0 0 0 0 0 0 0 0 0 0 0 0 0 0 0 0 0 0 0 0 0 0 0 0 0 0 0 
107 0 0 141 0 101 49 104 72 17 120 0 0 0 253 26 137 0 168 159 0 244 218 0 91 0 40 141 259 0 0 0 37 0 169 38 157 143 164 0 0 0 166 0 0 90 54 28 76 174 0 0 113 0 0 232 0 130 45 127 0 0 227 0 261 0 0 0 0 121 34 0 87 56 160 155 0 142 132 0 154 0 128 0 0 0 67 9 0 126 155 0 191 147 0 0 0 4 0 0 163 0 0 136 0 0 84 0 0 137 257 167 27 177 53 112 123 158 84 62 0 160 211 28 0 184 23 182 0 0 0 125 135 0 0 43 0 0 0 197 162 0 0 163 0 0 0 123 192 0 0 168 0 178 0 40 0 52 0 0 0 0 0 0 0 0 115 119 0 0 118 0 0 136 87 129 0 0 0 92 0 0 41 0 0 0 0 0 0 127 0 0 0 90 32 0 0 0 0 0 0 29 0 0 26 0 0 92 0 0 0 0 0 33 0 0 0 0 0 0 28 0 0 24 0 0 0 0 0 0 0 0 0 0 0 0 0 0 0 0 0 0 0 0 0 
144 70 0 23 0 0 0 0 138 0 103 0 141 0 0 0 113 105 0 18 66 187 0 132 0 0 0 254 0 51 163 0 81 175 0 0 136 0 70 0 153 0 0 129 0 0 0 188 131 0 0 0 0 0 0 0 0 166 184 0 97 0 0 0 0 0 0 0 184 21 0 0 0 0 0 182 22 0 0 0 0 0 103 0 0 0 0 0 0 0 0 0 0 0 0 71 0 39 0 0 0 0 0 0 37 0 0 0 0 0 0 0 0 0 0 0 0 0 0 0 0 0 0 0 0 0 0 0 0 0 0 0 0 0 0 0 0 0 0 0 
105 0 180 0 0 59 0 0 0 0 0 156 8 5 111 0 0 0 0 0 0 0 0 0 0 90 90 0 0 0 0 0 0 0 0 0 0 114 0 0 104 0 0 0 0 0 0 0 0 0 0 236 0 0 87 0 132 0 109 0 0 0 24 0 46 0 29 0 0 0 0 109 0 0 0 0 138 0 0 0 0 134 0 7 0 0 0 0 0 0 0 0 0 0 0 64 0 0 0 0 0 0 0 0 56 0 0 0 0 0 0 0 0 0 0 0 0 0 0 0 
103 0 0 139 0 0 0 0 0 0 0 0 216 0 0 0 0 0 0 0 0 0 0 0 0 0 193 0 144 0 122 0 189 0 0 0 0 0 0 0 0 0 0 0 0 68 0 143 0 0 0 139 0 0 0 0 0 75 0 0 0 0 0 0 0 0 0 146 0 0 0 0 0 0 0 0 52 0 0 0 0 0 0 0 0 0 78 0 102 120 0 0 0 101 0 0 0 0 0 0 0 0 56 0 0 0 0 0 0 0 0 0 0 0 0 0 0 0 0 0 0 0 0 0 0 0 0 0 0 0 
