10
299 100
1 2 1 1 1 1 1 1 3 1 1 4 1 1 1 1 1 5 1 6 1 7 1 1 1 1 1 1 8 1 1 9 1 1 10 11 12 13 14 1 1 1 1 1 1 15 1 16 17 1 1 1 18 1 19 20 1 1 21 22 23 24 25 26 27 1 1 28 1 1 29 30 31 1 1 32 33 1 1 1 34 35 1 1 6 1 36 1 1 1 1 37 38 39 40 41 1 42 1 1 1 1 43 31 44 1 1 1 1 1 45 1 46 1 47 48 1 1 1 1 40 1 49 50 1 1 51 52 53 1 1 1 1 1 2 1 1 1 54 1 1 1 1 1 55 1 56 1 57 1 1 1 58 13 1 59 1 60 61 1 62 1 63 1 1 64 1 65 66 67 1 1 1 68 1 69 1 1 70 1 1 71 1 1 1 1 1 1 1 72 73 1 1 1 1 70 1 36 74 75 1 1 76 1 77 1 1 78 1 1 1 79 80 1 1 81 1 82 1 62 1 1 1 83 1 1 84 1 1 1 85 1 1 1 1 1 1 1 86 1 87 10 1 1 1 1 77 4 1 88 1 1 1 1 1 14 89 1 90 44 1 1 1 1 1 1 1 1 1 91 92 93 1 94 1 95 1 1 95 96 1 43 1 77 97 1 1 1 98 14 99 1 1 1 35 95 34 1 100 
298 189
1 2 3 4 5 6 7 8 9 10 11 12 13 14 15 16 17 18 19 20 21 22 23 24 25 26 27 28 29 30 31 32 33 34 35 36 37 18 38 39 40 41 42 2 43 44 45 46 47 48 49 50 51 43 51 52 53 54 37 55 56 57 58 59 55 60 61 62 63 64 65 66 67 68 69 70 65 71 72 73 74 75 76 77 78 79 80 81 82 83 84 85 86 87 88 89 51 90 38 91 92 29 93 94 95 96 10 17 97 98 66 99 100 101 1 102 103 104 105 106 11 9 71 107 60 28 108 109 110 111 21 112 113 114 115 116 117 71 16 118 27 72 87 103 89 7 119 120 121 42 122 123 124 89 30 125 126 127 90 128 34 129 19 130 4 17 49 131 132 133 68 134 59 135 136 37 64 137 67 86 74 127 135 70 138 18 139 140 141 113 142 143 128 144 33 145 146 147 148 149 150 4 151 105 152 81 49 114 153 55 50 154 155 28 41 5 156 65 91 157 158 95 159 160 55 58 82 161 162 10 163 164 96 165 166 167 168 169 109 67 170 120 8 88 66 4 171 172 32 173 41 174 2 160 133 175 176 142 177 106 72 134 178 103 117 65 179 180 15 126 181 122 60 182 183 179 184 116 167 119 72 185 186 46 60 183 187 188 189 47 85 157 143 128 103 41 158 77 
297 104
1 2 3 1 4 1 1 1 1 1 5 1 6 7 8 1 9 10 1 11 1 1 1 1 12 1 1 13 14 1 1 1 15 16 1 1 17 1 1 18 19 20 1 1 1 1 1 21 1 1 22 1 1 23 3 1 24 25 1 1 26 1 1 27 1 28 1 1 1 29 30 16 31 32 33 34 1 1 35 1 36 1 1 1 37 1 1 38 39 1 1 1 40 1 1 1 41 1 1 42 37 22 1 1 1 43 1 1 44 45 46 47 1 48 49 1 50 1 1 1 1 1 51 13 1 1 1 1 52 1 53 54 1 55 56 57 58 1 1 1 59 22 1 1 1 60 61 62 1 1 19 1 46 1 1 1 63 1 1 1 64 54 12 1 1 1 1 1 65 66 1 67 1 68 69 1 12 14 1 1 1 1 1 1 1 70 71 72 1 73 1 74 1 1 1 75 76 1 77 1 37 1 78 79 1 80 1 1 81 1 1 1 82 1 83 1 1 1 1 1 1 1 1 84 1 1 1 85 1 1 1 86 1 1 1 1 87 1 1 1 88 1 1 1 1 1 1 1 1 89 90 91 1 92 1 93 90 71 94 1 95 1 1 1 1 1 1 1 1 1 1 1 1 96 97 1 15 78 98 99 1 1 100 1 1 38 1 101 89 65 1 1 102 103 1 1 104 
296 173
1 2 3 4 5 6 7 8 9 10 11 12 13 14 15 16 17 18 19 20 21 22 23 24 25 26 27 28 29 30 5 29 31 32 14 5 33 34 35 28 36 37 38 39 40 41 42 43 44 45 46 47 48 49 49 50 51 52 53 10 54 55 42 56 57 58 59 60 61 52 62 63 58 64 65 66 67 68 69 70 22 71 72 73 74 75 76 53 31 77 78 79 80 81 51 40 82 30 83 45 84 85 86 87 5 88 89 79 90 91 92 42 35 93 94 1 45 22 95 96 74 97 43 55 98 6 99 43 100 91 101 102 47 103 34 104 105 106 80 107 39 85 108 109 32 49 110 111 95 112 113 114 101 113 115 47 116 117 118 119 12 51 120 121 44 122 53 123 107 69 3 7 124 125 126 116 127 50 24 128 129 23 19 130 131 132 133 5 99 134 40 84 135 136 31 4 34 106 132 107 14 137 138 113 139 140 2 51 141 142 71 143 106 27 144 89 145 146 147 18 53 77 148 149 95 129 47 80 56 150 79 58 151 152 153 154 17 59 155 111 156 157 121 72 158 159 160 103 64 161 39 60 63 162 163 133 93 80 60 138 111 22 164 165 54 77 85 142 16 7 87 147 166 167 168 102 55 10 87 169 124 108 170 133 146 132 171 55 19 172 116 107 101 156 34 173 
295 99
1 1 1 2 1 3 4 1 5 1 1 6 1 1 1 1 1 7 8 9 10 11 12 1 1 13 14 15 16 17 18 19 1 1 20 1 1 21 1 22 1 1 1 1 1 1 23 24 1 1 25 1 1 26 1 1 27 28 29 1 30 31 32 1 1 1 1 33 1 1 1 34 1 35 1 1 36 1 37 1 38 1 1 1 37 1 1 1 1 1 1 1 39 1 1 40 1 1 39 1 1 1 1 41 1 42 1 1 43 44 1 1 1 1 1 1 1 1 1 1 45 46 47 48 49 1 50 1 1 1 1 1 51 1 52 53 54 55 1 1 1 56 14 1 1 57 1 47 1 58 59 1 60 1 1 61 1 1 1 1 1 62 17 1 63 1 1 1 1 1 1 1 1 64 65 1 66 1 1 1 1 1 1 67 68 69 1 22 70 71 72 1 1 1 63 1 1 1 1 10 1 1 1 73 15 1 1 1 57 1 74 1 75 1 76 1 77 1 1 1 78 1 1 1 1 79 1 80 1 1 81 1 1 82 1 1 1 43 1 77 1 1 83 84 85 1 1 1 37 84 86 1 1 87 1 1 57 88 89 1 1 1 1 1 1 1 1 1 1 1 1 90 91 41 92 1 1 1 93 1 1 94 95 1 1 13 1 96 1 1 13 97 98 99 1 
294 104
1 1 2 3 4 1 5 1 1 6 1 7 1 5 1 1 1 1 1 1 8 9 10 1 11 12 13 14 1 1 15 1 16 17 1 1 1 1 1 1 1 1 18 1 1 19 20 1 21 1 22 1 23 1 1 24 25 26 27 28 1 29 1 1 1 1 1 30 1 31 1 1 1 1 1 1 1 21 1 32 1 33 34 35 1 36 7 37 1 38 1 39 1 20 40 1 1 41 42 43 1 44 1 45 1 46 1 1 1 47 1 1 48 1 49 1 1 1 1 50 19 1 1 1 1 51 1 30 1 1 52 1 1 1 53 1 1 54 1 55 1 1 56 1 1 57 1 58 59 60 1 61 62 63 1 64 65 1 66 1 1 1 20 1 41 1 22 1 1 67 1 68 69 48 1 1 1 70 71 1 72 1 73 1 74 1 1 65 1 1 1 1 1 75 1 76 1 77 1 78 1 1 1 79 1 1 80 1 1 1 1 81 1 82 83 84 85 1 86 87 88 76 1 89 1 1 1 1 1 47 1 1 1 90 1 91 1 1 92 1 93 58 1 94 95 1 96 1 97 55 1 1 78 1 1 98 1 1 99 1 1 1 1 1 1 1 1 100 1 1 101 1 1 1 1 19 8 1 1 1 1 1 1 55 49 1 83 102 1 31 1 103 1 104 
293 92
1 1 2 1 1 3 4 5 6 1 7 1 1 8 1 9 10 11 12 13 1 14 1 1 1 15 1 1 1 1 16 17 1 1 18 19 1 20 21 22 1 23 24 25 26 1 1 27 1 1 28 1 1 29 1 1 1 1 1 1 30 31 1 32 3 33 1 34 35 36 37 15 38 1 39 1 1 1 40 41 1 1 1 42 1 1 43 1 44 1 1 1 1 1 1 1 1 1 44 45 46 47 1 35 48 1 49 50 51 52 1 1 53 1 1 54 1 1 55 1 1 1 1 46 1 1 1 1 1 56 57 58 1 59 1 1 1 60 61 1 1 1 1 62 1 1 63 63 1 1 64 1 31 1 1 1 1 29 1 1 56 65 1 1 66 67 68 1 1 1 1 69 1 70 71 1 1 1 1 1 1 1 1 23 72 1 73 1 1 1 1 1 1 74 1 75 1 1 1 76 1 77 60 78 1 1 1 71 1 1 1 1 1 1 79 1 1 1 80 18 3 81 1 1 82 1 1 1 51 1 1 1 1 20 1 1 1 83 1 1 1 1 84 1 85 86 1 1 1 1 1 1 1 38 1 1 1 1 1 1 1 1 87 8 1 1 1 88 15 1 26 1 1 1 73 1 89 90 1 1 91 1 62 1 1 1 1 1 92 1 1 42 1 
292 96
1 1 1 1 1 1 2 1 1 1 3 4 1 1 5 1 6 1 7 8 9 1 1 1 1 1 10 11 12 1 1 1 1 13 14 1 14 1 1 15 16 1 1 17 4 18 19 1 1 1 1 1 1 1 1 1 20 1 1 11 1 1 21 22 23 24 1 25 1 1 1 1 1 1 26 1 27 1 1 1 1 1 28 29 30 31 1 32 33 1 34 35 1 1 36 1 1 1 37 9 38 39 40 1 1 1 10 1 1 1 1 1 1 1 1 41 1 1 1 42 43 44 1 1 45 46 1 1 1 47 48 49 50 1 12 51 52 1 1 53 54 1 1 55 1 1 1 1 56 1 57 1 1 58 1 1 1 1 59 1 60 1 61 1 1 62 1 63 1 1 1 64 1 65 1 1 1 66 1 67 1 68 27 69 66 1 1 35 70 71 72 1 1 73 1 1 1 74 75 1 1 46 1 25 1 1 1 76 77 1 78 1 1 79 1 1 5 77 80 1 1 1 1 26 81 82 1 83 20 84 30 1 85 1 1 1 1 1 1 77 1 1 1 1 1 73 1 1 86 1 1 1 1 1 1 1 1 48 1 1 1 1 87 10 1 1 1 88 52 89 90 1 91 1 92 93 94 1 95 1 1 1 18 96 1 1 1 1 1 1 1 1 
291 102
1 1 1 1 1 1 2 1 3 1 1 1 4 1 5 1 6 7 1 8 9 1 1 1 1 1 1 10 11 1 12 1 13 14 1 1 15 16 1 1 1 1 1 1 1 17 1 18 19 1 1 20 1 1 1 21 1 22 1 1 1 1 1 23 24 1 1 1 1 1 1 25 26 27 1 28 29 1 1 30 1 1 31 32 2 1 13 1 33 1 34 35 1 34 1 36 1 1 37 38 1 1 1 1 39 1 40 1 41 1 42 1 1 1 43 44 38 45 1 46 1 1 47 1 48 49 1 1 1 1 50 51 1 52 1 53 18 1 54 1 1 1 1 1 1 55 56 1 57 31 1 1 1 58 1 1 1 1 1 1 1 59 1 60 61 62 63 1 1 1 1 1 64 1 65 1 66 1 67 1 1 1 1 1 1 1 1 68 1 1 69 1 62 1 1 70 1 71 72 1 1 1 1 1 73 74 32 75 76 1 48 77 56 49 1 14 19 11 78 79 9 1 58 80 81 27 22 82 39 83 1 83 1 84 1 1 1 1 1 1 85 86 1 87 1 1 88 1 89 66 1 90 1 67 1 91 1 19 1 1 20 1 1 92 1 1 69 1 93 1 94 95 1 31 1 1 1 96 1 1 97 98 99 28 100 1 1 1 101 18 102 
290 96
1 2 3 4 5 1 1 1 1 6 7 1 1 1 8 1 1 9 1 1 1 10 11 1 12 13 1 14 1 1 15 1 1 1 1 1 1 1 1 16 1 1 1 17 1 1 1 1 1 1 1 1 1 18 19 1 1 1 20 1 21 22 1 23 1 1 1 1 24 1 25 26 27 1 1 1 28 1 1 1 1 10 22 1 1 1 22 1 29 30 1 1 1 1 15 1 1 31 32 1 1 1 1 1 1 33 34 1 8 1 1 35 1 36 1 37 38 39 40 1 41 1 1 1 42 43 44 1 45 46 47 1 1 1 1 48 1 1 49 50 1 51 52 53 1 1 54 1 55 56 1 1 1 57 58 59 1 1 60 1 17 1 61 1 1 62 1 17 63 1 1 62 64 1 1 1 1 1 1 1 1 1 1 1 65 1 1 1 66 1 1 1 67 1 68 1 1 1 69 54 1 1 1 1 36 1 70 1 1 1 71 1 1 72 1 73 1 1 74 1 75 76 1 1 1 1 77 78 79 1 1 80 81 82 81 1 1 1 1 63 83 78 1 1 84 1 1 1 85 86 46 87 88 89 90 1 1 1 1 1 91 3 1 1 1 1 92 93 94 45 1 95 93 82 1 1 96 1 1 1 1 1 1 1 1 1 1 1 1 1 
