80 91 42 0 0 0 0 0 0 0 119 139 55 0 92 0 82 122 0 134 25 50 0 0 0 143 173 24 67 47 114 0 143 115 12 0 0 74 60 0 90 126 89 0 0 0 102 0 0 0 126 72 29 116 70 110 157 0 114 124 51 140 176 0 127 99 0 115 132 0 21 0 0 0 180 138 0 0 113 147 143 161 116 0 64 145 128 0 0 17 97 8 0 143 0 160 0 91 0 0 0 0 0 0 0 0 0 141 17 147 0 0 0 0 0 0 124 0 74 93 0 99 84 0 0 3 63 98 0 0 0 84 0 0 65 80 0 76 6 51 0 0 0 0 51 0 0 0 0 0 0 1 0 50 0 74 34 0 0 61 0 0 0 0 0 0 0 0 1 0 0 0 0 0 0 0 0 0 0 0 0 0 1 
139 0 90 0 0 20 0 122 0 0 79 34 0 122 0 43 133 0 73 97 137 10 0 45 0 0 143 35 0 0 0 0 46 0 84 107 130 175 0 73 50 0 99 0 0 176 123 133 0 0 1 0 99 0 2 0 53 103 72 169 0 10 106 0 138 0 0 0 123 0 0 138 0 0 0 16 33 185 29 91 46 0 0 169 145 0 112 0 0 0 0 0 177 145 67 0 0 0 142 84 142 0 0 70 0 85 0 0 0 0 23 0 0 0 84 0 0 93 75 0 37 4 90 0 0 64 0 0 0 0 0 68 0 0 86 0 0 0 64 85 0 23 0 0 0 0 42 0 0 0 0 27 0 12 0 0 0 0 0 0 0 0 0 0 0 0 0 0 44 0 0 0 0 0 0 0 0 0 0 0 0 0 0 0 0 0 0 0 15 0 0 0 0 0 0 0 0 0 0 0 0 0 
75 0 108 106 0 158 80 145 34 124 98 79 164 0 52 0 0 0 81 0 70 126 0 46 119 0 47 0 94 87 0 57 0 63 11 19 0 0 220 153 0 43 87 0 72 0 129 79 66 0 0 0 0 99 0 0 167 123 138 71 0 0 0 0 135 0 124 63 0 0 0 0 137 91 0 0 127 0 89 0 0 0 110 0 22 0 0 0 144 0 0 142 0 0 98 0 0 0 0 0 0 64 0 0 0 46 0 0 116 0 0 0 0 61 50 0 0 0 48 0 130 0 0 0 0 125 0 0 21 38 0 116 0 0 127 0 0 98 0 11 0 0 0 0 1 55 0 0 0 7 88 0 0 0 0 34 0 0 0 26 0 0 41 0 0 0 0 54 0 0 0 6 0 0 0 0 44 35 0 0 27 0 0 24 0 0 0 0 0 0 0 0 0 0 0 
96 92 155 0 0 0 0 0 0 0 0 0 0 35 36 0 0 0 0 0 58 70 0 0 0 0 0 0 163 0 0 22 0 0 0 0 0 127 0 55 83 139 86 0 37 0 0 51 0 0 0 90 0 0 0 0 142 0 0 101 0 92 0 0 0 0 0 0 0 0 0 0 0 0 0 0 0 0 0 0 0 0 0 0 0 0 0 0 0 0 0 0 0 0 0 0 0 0 0 0 0 0 0 0 
101 0 0 0 103 0 0 144 0 0 0 115 0 92 0 0 42 0 123 0 0 0 129 0 0 0 67 0 0 108 0 0 110 0 0 0 140 121 0 0 0 0 0 0 49 0 0 0 0 0 98 112 75 0 0 0 0 109 0 0 0 0 0 0 0 0 25 0 0 0 0 0 0 0 0 0 0 0 0 0 0 0 0 0 0 0 0 0 35 0 0 0 0 0 0 0 0 0 0 0 0 0 0 0 0 0 0 0 
91 0 0 115 0 46 0 134 103 0 0 0 86 3 0 0 101 0 0 35 128 0 137 0 136 75 0 0 0 0 0 0 0 0 99 0 0 0 78 36 0 135 0 0 133 0 0 0 0 0 0 0 43 0 0 0 0 61 48 0 0 0 0 0 0 0 0 0 0 0 0 0 0 0 0 0 0 0 0 0 0 0 0 0 0 0 0 0 0 0 0 0 0 0 0 0 0 0 0 
0 0 0 0 72 0 155 0 133 131 60 134 0 0 0 128 60 89 0 98 125 0 62 94 0 30 0 0 0 132 0 62 59 0 119 0 0 84 0 6 0 141 145 0 0 146 100 0 0 65 36 0 0 12 75 0 0 165 90 63 13 0 0 76 45 156 177 0 106 0 55 0 0 0 145 115 107 0 145 108 0 0 146 62 0 0 105 111 0 1 130 129 110 0 0 0 118 0 0 0 0 0 73 45 0 91 0 126 0 100 0 0 0 0 71 57 0 0 0 0 0 52 0 0 0 0 88 0 20 0 59 67 38 0 0 0 97 108 2 53 0 80 0 0 0 0 95 68 0 0 0 0 72 0 0 0 0 0 42 0 0 0 0 53 0 0 0 0 0 0 0 0 15 0 0 0 0 0 20 0 0 0 22 0 0 0 0 0 0 0 0 
99 0 0 63 0 0 0 130 40 0 0 2 0 0 19 0 13 59 0 0 0 0 47 0 114 94 0 0 0 0 0 0 0 0 55 0 91 0 0 0 0 0 0 0 0 84 0 136 0 0 0 0 96 0 0 20 0 0 0 0 0 0 0 0 0 119 0 0 105 0 0 56 0 0 0 0 0 0 58 0 0 0 0 0 0 0 0 0 5 0 14 0 0 0 0 0 0 0 0 0 0 
31 122 74 114 0 81 0 110 172 120 69 0 0 0 135 168 54 54 0 189 54 0 0 122 96 73 24 123 168 0 116 0 0 0 0 0 0 0 114 117 0 0 0 18 63 117 0 0 0 143 0 0 133 0 80 58 0 124 133 35 0 0 84 0 121 114 0 119 17 0 0 112 0 20 0 79 0 0 127 0 0 0 0 150 84 95 116 14 117 0 0 141 117 0 0 115 0 0 0 0 137 22 0 0 72 56 0 0 0 44 0 0 23 98 0 0 0 0 15 0 115 0 0 0 19 112 39 0 0 0 0 0 39 29 0 0 0 0 0 98 36 0 52 0 48 42 0 84 0 0 0 0 0 0 0 0 0 0 0 51 0 0 0 0 0 0 0 0 0 0 0 0 0 30 0 0 0 12 0 0 0 0 0 0 0 0 0 0 0 
68 0 0 0 0 0 0 0 0 0 0 0 0 0 0 124 0 132 30 0 0 0 0 30 0 0 0 0 76 0 12 129 0 0 0 0 0 0 108 111 0 126 40 0 0 0 0 30 79 101 0 0 0 0 0 0 0 53 56 0 0 0 0 0 0 0 0 0 0 0 0 0 0 0 0 0 0 0 0 0 0 0 0 
