92 70 0 0 34 83 0 0 0 125 0 0 0 0 0 96 0 110 0 0 123 0 0 0 0 0 46 0 0 17 0 0 0 0 139 0 0 0 135 116 0 0 0 0 0 0 0 0 0 0 0 0 0 0 0 0 0 0 0 0 17 0 22 29 0 9 0 0 0 0 64 0 0 0 0 52 0 0 0 0 0 62 0 0 0 0 0 0 0 0 32 0 0 0 0 0 0 0 0 0 0 0 
0 171 43 0 121 194 140 25 86 136 0 0 66 119 0 0 142 0 136 124 57 49 0 182 0 136 53 0 118 129 90 133 0 121 95 143 146 0 0 111 151 0 4 120 0 77 0 0 170 85 110 58 0 46 59 138 147 0 0 0 213 0 0 130 0 0 0 0 0 0 0 125 0 110 3 0 128 136 0 0 0 87 0 113 0 0 0 0 150 9 21 0 0 117 0 0 0 133 138 0 113 0 115 0 19 111 0 0 84 20 0 0 41 19 0 0 0 25 0 0 0 22 0 0 0 51 0 45 0 6 0 0 0 0 0 0 0 0 0 100 0 48 0 0 0 0 64 0 0 40 0 41 0 0 0 0 0 0 0 0 0 0 0 0 50 0 0 0 0 0 0 0 0 0 0 0 0 0 0 0 0 14 0 0 0 0 0 0 0 0 0 
0 1 113 0 136 14 0 28 34 75 0 25 0 133 23 0 0 93 0 139 82 8 0 0 0 45 0 0 126 86 74 0 0 119 147 21 0 101 0 0 84 0 107 0 77 146 136 183 54 0 79 0 144 100 143 91 25 145 0 0 131 63 0 174 123 0 0 0 54 40 125 133 0 158 0 111 11 0 0 104 13 0 142 86 0 0 0 0 0 3 139 0 0 107 0 0 0 0 136 0 0 4 146 108 0 0 24 135 48 89 0 21 58 101 104 0 0 0 0 84 0 0 0 0 0 0 0 80 43 0 0 0 0 73 0 88 0 0 0 38 60 103 0 74 0 0 0 36 43 0 0 0 0 70 0 0 0 0 0 0 0 0 23 35 0 0 0 0 0 0 4 19 23 0 12 0 0 9 0 0 
0 0 121 160 97 133 0 138 0 124 140 0 75 44 0 0 0 125 131 0 0 94 122 65 29 160 0 186 68 0 0 114 0 123 0 0 0 81 129 0 141 0 72 0 110 135 0 0 54 5 155 67 0 27 0 0 0 0 0 0 0 0 81 134 123 56 0 0 0 0 83 0 0 159 0 0 0 11 88 97 0 149 0 0 157 0 93 77 148 0 0 16 0 0 129 0 127 88 0 0 0 0 122 0 122 0 0 107 93 8 0 0 0 0 118 0 22 10 0 0 116 0 0 29 91 0 0 0 0 0 9 82 90 0 45 0 0 0 0 49 0 64 0 0 85 0 0 0 70 0 64 0 0 0 0 0 72 0 0 0 0 0 0 0 8 0 0 0 20 0 0 0 0 0 0 0 0 6 0 0 0 0 0 0 0 0 10 0 5 0 0 0 0 0 0 
109 0 37 0 106 0 81 0 0 0 0 0 0 10 0 0 0 143 37 0 129 23 0 0 0 0 0 0 0 89 0 106 0 0 0 0 0 0 0 0 127 0 0 0 100 0 0 131 0 0 0 0 0 0 32 0 85 37 0 0 0 96 0 0 0 0 0 0 0 0 0 0 0 0 0 0 0 0 0 36 0 0 0 0 0 0 0 0 0 20 0 49 0 0 0 0 0 0 0 0 0 0 0 0 0 0 0 0 0 0 
88 0 0 0 0 0 0 0 0 0 0 72 49 0 0 0 122 0 140 0 0 0 0 0 0 0 0 0 0 0 0 93 0 140 0 0 131 0 0 0 97 0 45 0 0 0 138 0 0 0 0 0 0 0 38 137 0 0 0 122 0 0 0 88 0 0 86 0 50 103 0 0 0 0 0 0 0 0 0 0 0 0 0 0 0 0 0 0 0 0 0 0 0 0 0 0 0 0 0 0 0 0 0 0 
69 0 0 0 0 81 87 0 0 0 0 62 0 0 0 0 0 0 0 0 0 0 0 0 0 8 90 0 0 0 0 0 0 0 127 116 0 15 0 0 0 0 0 0 46 0 0 0 39 0 0 24 0 0 0 0 0 0 0 0 0 0 0 73 0 0 75 0 0 46 0 0 0 0 0 0 18 0 0 0 0 0 0 0 0 0 0 0 0 
0 76 0 16 113 127 164 77 71 77 72 51 145 104 180 73 94 136 110 121 150 0 30 143 124 141 79 174 0 85 0 97 0 0 0 0 0 92 0 0 0 0 107 0 0 0 0 88 168 0 0 0 87 123 148 67 91 0 123 0 94 0 0 70 54 0 0 143 0 0 0 0 70 0 0 0 0 8 0 0 123 7 0 0 0 146 0 0 107 32 15 0 0 0 0 130 0 0 0 0 0 0 0 0 0 50 0 89 0 74 10 114 0 0 0 129 0 0 33 0 82 0 73 0 9 0 0 58 2 40 0 0 65 0 0 43 80 85 0 0 0 0 0 8 0 0 39 0 0 36 0 37 0 43 58 0 0 0 0 0 0 0 0 0 0 0 0 0 0 0 0 0 0 0 0 0 0 0 0 7 0 0 0 0 0 0 0 0 2 0 0 0 0 0 
69 0 0 0 0 71 0 165 0 0 0 0 0 0 0 0 0 0 85 0 137 120 0 103 0 0 0 124 0 24 139 10 106 98 0 0 127 0 0 0 0 0 0 61 0 73 116 0 9 54 0 0 0 0 0 84 0 92 0 0 0 0 0 0 17 0 0 0 0 0 0 0 0 0 0 0 0 0 0 0 0 
64 0 0 115 0 0 117 0 0 61 0 40 0 28 131 121 135 0 0 0 0 0 0 0 0 0 0 0 122 0 0 0 0 0 0 0 0 0 0 0 0 0 0 0 0 0 0 0 55 0 0 81 0 0 0 0 0 0 0 0 0 0 0 1 0 0 0 0 0 0 0 0 0 0 47 0 0 0 0 0 0 0 0 0 0 0 0 0 0 0 
