10
299 183
1 2 3 4 5 6 7 8 9 10 11 12 13 14 15 16 17 18 19 20 17 21 22 23 24 25 26 27 28 29 30 31 32 33 34 35 36 37 38 39 40 41 42 43 44 45 46 47 35 48 33 28 42 49 28 50 12 51 52 53 54 55 56 57 58 59 60 61 62 63 64 65 66 22 67 68 69 70 30 71 72 1 47 71 73 74 75 76 77 53 78 79 80 81 82 83 84 29 31 85 17 86 71 87 88 89 90 31 91 92 56 68 11 93 51 60 94 95 92 61 96 97 98 99 90 100 101 102 57 103 104 11 41 75 105 106 107 108 109 110 111 112 113 114 63 27 115 116 31 117 34 47 12 118 119 63 109 120 121 122 123 124 81 125 85 126 127 128 129 126 42 130 66 69 131 132 75 54 133 134 135 26 136 20 128 51 137 138 139 140 141 142 68 18 143 139 144 75 145 146 147 148 27 149 33 150 91 151 2 152 69 152 83 153 98 154 155 156 157 158 15 159 82 160 161 62 76 162 163 119 127 164 165 166 167 168 128 169 81 169 170 140 65 80 171 123 135 96 172 59 145 120 43 157 86 13 138 82 3 122 132 132 38 136 173 138 154 57 128 174 75 94 175 87 117 63 79 39 62 108 176 177 96 178 52 160 179 110 60 55 180 181 156 182 21 57 183 56 183 
298 202
1 2 3 4 5 6 3 7 8 9 10 11 12 13 14 15 16 17 18 19 20 21 22 23 24 25 6 26 27 28 29 30 31 22 32 33 34 35 36 37 38 39 40 41 42 43 44 12 45 46 47 48 49 50 51 52 51 53 54 41 16 55 56 57 55 58 59 60 61 62 63 64 65 66 67 68 69 70 70 71 62 72 33 73 74 75 76 77 78 79 80 81 82 83 84 41 85 86 87 88 89 90 91 76 92 93 94 95 96 97 98 99 100 101 102 103 40 57 104 79 105 77 106 107 108 109 110 111 112 111 113 8 114 115 116 117 118 14 81 59 119 120 121 78 122 123 124 125 126 122 84 17 111 127 128 129 130 1 131 132 38 133 134 135 136 137 138 139 140 46 141 142 143 78 142 95 144 145 119 93 121 21 27 146 147 48 1 148 87 104 149 150 151 101 60 152 142 100 38 153 69 154 155 156 157 158 37 159 106 160 161 3 87 126 154 162 163 119 115 164 20 165 166 152 47 167 36 147 132 11 118 65 139 168 169 170 123 171 172 173 72 174 43 19 60 175 176 177 85 35 135 178 179 180 140 53 181 101 94 58 182 63 46 43 183 184 99 185 35 186 187 38 188 189 190 191 24 84 192 169 193 36 36 78 93 194 195 196 197 189 198 28 3 199 200 201 80 202 
297 195
1 2 3 4 5 6 7 8 9 10 11 12 13 14 15 16 17 18 19 20 21 22 23 24 25 26 27 28 29 30 21 31 32 33 34 35 36 37 38 39 40 41 42 9 43 44 45 35 46 47 48 19 49 50 51 7 36 6 52 53 54 55 56 57 58 59 60 61 62 63 24 64 65 66 27 67 68 69 70 71 72 73 74 75 76 77 42 3 7 67 32 39 78 79 58 8 80 81 34 82 83 19 84 39 85 86 87 88 89 90 4 91 3 92 93 94 95 40 96 97 98 99 100 101 102 103 104 85 105 106 102 107 108 109 10 110 111 112 113 114 68 115 116 13 25 106 117 118 119 120 121 122 123 124 8 125 126 57 127 128 129 130 131 132 133 6 134 135 136 137 138 139 126 140 74 39 141 106 114 142 143 144 129 79 145 140 145 146 147 148 102 22 115 59 149 40 150 119 151 57 130 67 114 152 150 59 153 11 65 154 155 156 157 77 158 95 47 159 160 161 1 162 163 164 165 13 166 167 12 168 29 169 170 57 1 171 163 39 30 168 73 172 173 146 174 160 156 175 172 176 109 177 178 43 179 21 92 54 15 180 89 181 182 183 184 163 58 48 184 138 45 185 186 187 188 11 189 39 190 191 132 121 49 126 192 168 83 151 178 181 184 60 193 194 195 135 177 
296 104
1 2 3 4 1 1 5 1 1 1 1 1 6 7 1 8 1 9 1 10 1 1 1 11 1 12 1 1 13 14 15 16 17 18 1 19 20 21 1 22 23 1 24 1 1 25 26 27 1 1 28 1 1 29 30 31 1 32 33 34 35 1 1 36 1 3 1 15 1 37 1 38 1 39 1 1 1 1 1 1 32 40 41 1 42 29 1 43 1 44 45 1 1 1 1 1 46 47 1 1 1 1 1 1 48 1 1 49 50 1 22 1 51 1 1 52 1 1 1 1 53 54 55 56 1 57 1 1 45 1 58 29 1 59 60 61 62 40 1 1 63 1 1 64 1 1 65 1 1 1 1 1 1 1 66 1 48 1 1 67 68 69 1 1 1 1 41 70 1 1 1 71 1 1 43 72 73 1 1 1 1 74 1 1 1 1 1 75 1 1 1 1 1 76 1 1 1 1 1 38 1 1 1 3 2 77 52 78 1 1 79 1 1 1 1 80 81 82 83 84 1 85 86 3 87 1 1 1 60 62 1 1 88 1 89 1 1 60 90 1 42 91 1 1 1 1 1 1 1 1 92 93 1 1 94 95 1 96 1 1 1 29 1 1 1 1 97 98 1 1 1 99 1 1 21 1 1 1 57 100 101 1 1 102 1 1 103 1 1 14 1 1 104 1 1 1 
295 108
1 2 1 3 1 4 1 5 1 6 1 1 1 7 8 1 1 9 10 11 12 1 13 1 1 1 1 1 14 15 1 16 1 1 1 17 1 1 18 19 1 20 1 1 21 22 1 23 24 1 25 26 1 27 1 1 1 1 28 1 1 1 29 1 1 1 1 30 1 31 32 33 34 35 1 36 37 1 17 38 1 1 1 1 1 1 1 1 39 1 40 41 1 42 1 1 1 1 1 1 1 1 1 1 1 33 1 43 1 44 1 5 45 46 47 48 49 1 1 1 1 1 1 1 1 1 50 1 51 1 1 1 1 1 1 1 12 52 1 53 1 54 1 1 1 1 1 55 1 1 1 56 57 58 59 1 60 1 61 1 1 1 45 1 8 1 62 1 63 1 64 65 66 67 1 68 1 23 1 1 69 1 1 70 71 1 1 72 1 73 1 1 1 1 74 75 1 1 1 67 1 76 1 1 1 1 1 77 1 78 19 79 80 81 82 53 83 84 1 85 1 86 87 1 1 1 88 51 1 14 37 1 89 1 1 1 90 1 1 1 91 1 1 92 93 1 1 1 1 94 52 95 38 30 1 96 1 1 1 97 98 1 1 58 1 1 1 99 89 1 100 1 1 1 101 102 1 103 1 1 27 1 14 104 1 105 1 1 33 1 1 106 107 1 108 
294 99
1 1 2 3 4 1 1 1 1 1 5 1 1 1 1 6 7 8 1 1 1 9 1 1 10 1 11 1 1 1 1 12 13 14 1 1 1 14 15 1 1 1 1 1 16 1 17 1 18 1 1 1 19 20 1 1 21 22 23 24 25 26 6 27 1 1 1 1 28 1 1 1 1 1 1 29 1 1 1 1 1 1 1 1 1 30 1 31 1 20 32 33 1 34 35 1 36 1 4 37 38 1 1 1 39 1 40 1 1 41 1 1 42 43 1 1 1 44 1 13 1 4 45 46 47 48 1 49 1 1 1 1 1 50 1 1 1 1 51 1 52 53 1 40 54 55 1 56 1 1 57 1 8 58 1 1 1 1 1 1 1 59 1 60 1 61 1 62 63 1 1 64 65 1 1 1 1 66 1 1 1 1 1 39 67 53 1 1 1 1 68 69 1 1 1 70 71 72 1 1 73 1 1 1 74 1 1 1 1 1 59 9 75 23 1 58 1 25 1 1 1 21 76 1 1 1 1 77 78 79 80 81 82 83 1 1 1 1 17 1 84 85 86 1 1 23 87 88 42 89 1 1 1 1 90 91 1 1 1 1 92 1 1 1 93 1 1 94 95 1 1 1 1 96 1 1 1 1 1 26 97 1 45 98 1 99 1 1 35 1 1 1 1 1 
293 191
1 2 3 4 5 6 7 8 9 10 11 12 13 14 15 16 17 18 19 20 21 22 23 24 25 26 27 28 29 30 31 32 33 34 35 36 37 38 39 40 41 42 43 44 45 46 40 47 48 49 50 51 52 53 54 55 56 57 58 59 60 61 62 63 64 17 65 54 66 67 66 68 69 70 71 61 72 5 17 73 65 74 75 76 77 78 79 80 51 81 7 82 83 84 75 85 86 87 76 88 9 89 90 91 90 21 92 93 94 95 96 97 98 65 99 100 101 102 20 103 104 105 106 107 60 103 108 109 110 75 71 55 12 111 112 79 113 114 115 93 116 10 117 9 118 119 120 21 121 106 122 123 124 125 35 126 84 127 128 129 130 131 132 133 134 135 104 136 137 138 139 140 141 139 142 143 144 145 146 16 129 147 148 67 58 149 150 151 43 30 46 91 42 152 103 153 80 154 116 155 76 156 133 122 66 157 158 159 131 160 115 88 161 162 46 106 163 164 165 93 18 24 131 166 43 140 7 167 168 110 132 83 58 169 170 91 92 171 172 47 83 173 11 174 175 38 127 176 177 66 159 148 23 178 179 142 180 173 69 181 32 59 182 183 32 33 137 184 153 77 185 164 186 187 75 179 50 147 138 188 64 79 50 189 87 97 183 26 190 12 67 191 108 
292 101
1 1 1 1 2 3 1 1 1 1 1 4 1 1 1 5 6 1 1 7 8 9 1 1 1 1 10 1 1 1 1 1 11 1 1 12 1 13 12 14 1 1 15 16 1 1 17 1 1 1 1 1 1 18 1 1 1 19 20 21 17 22 15 23 1 1 1 1 1 1 1 24 25 26 27 1 28 1 29 1 1 30 1 1 1 31 32 1 33 34 35 36 37 38 1 1 1 39 40 1 1 1 41 1 42 1 43 1 44 1 1 23 1 1 1 1 1 1 45 46 47 1 48 49 1 1 1 50 51 52 1 53 1 1 54 1 1 1 55 1 1 1 1 1 1 56 35 57 1 58 58 8 59 60 61 62 1 1 63 64 65 1 66 67 1 1 56 1 26 68 48 1 1 1 1 1 1 69 1 70 1 1 71 1 37 72 73 25 1 1 1 1 1 74 1 75 1 1 76 1 1 77 78 1 46 79 1 1 80 1 1 1 1 1 1 1 81 1 1 1 1 69 1 1 1 82 1 1 53 1 1 1 83 1 1 84 1 85 86 4 1 87 72 1 1 88 1 1 1 89 1 1 1 1 90 89 1 1 91 1 48 1 92 1 79 1 93 94 1 95 1 1 9 91 1 1 96 1 97 98 1 1 66 99 69 18 1 100 101 1 1 1 
291 189
1 2 3 4 5 6 7 8 9 10 11 12 13 14 15 16 17 18 19 20 21 22 23 24 25 26 27 28 29 28 30 31 32 33 34 35 36 37 38 39 40 41 42 43 44 45 46 47 9 48 49 27 50 51 52 53 54 55 56 25 57 58 59 44 60 61 62 63 64 65 66 17 67 68 69 70 60 71 72 73 11 74 75 76 77 78 79 6 80 81 82 83 69 84 85 86 87 88 89 26 90 60 74 91 92 93 94 95 20 45 96 97 88 98 99 100 2 56 4 101 102 103 104 105 106 107 108 79 65 109 10 110 111 112 113 114 16 115 29 116 117 118 102 119 102 84 120 121 39 122 15 123 63 124 125 39 126 127 113 119 114 128 9 76 46 129 130 131 92 132 133 134 135 136 125 137 110 138 139 85 140 106 141 9 142 121 143 8 144 53 24 72 65 145 146 28 105 127 147 50 145 134 148 149 31 150 151 20 152 153 133 154 155 40 156 79 89 3 59 141 157 158 159 16 160 161 96 58 162 163 164 165 143 166 167 114 168 146 3 169 143 170 59 145 68 84 66 92 171 24 172 173 25 18 174 21 175 176 29 1 177 178 179 180 121 181 20 55 21 126 87 182 101 183 178 29 160 31 93 140 184 185 2 186 2 174 187 148 188 189 86 
290 83
1 1 1 2 1 1 1 3 4 5 6 7 1 1 1 8 1 1 1 9 10 1 11 1 1 12 1 1 1 1 1 1 13 1 14 15 1 16 1 1 1 17 1 18 1 19 1 1 1 20 21 1 22 1 1 23 1 24 1 1 1 1 1 1 25 1 1 1 26 1 1 1 1 1 1 1 19 27 1 1 28 1 29 1 1 30 1 31 24 1 1 32 1 1 33 1 1 1 1 1 31 29 1 34 1 35 36 1 1 1 1 1 1 1 1 37 38 1 39 1 40 1 1 1 1 41 1 1 1 1 1 42 43 1 1 1 44 1 1 1 45 1 1 1 1 1 1 1 1 1 1 46 1 1 47 1 48 1 1 49 29 1 16 50 1 51 1 1 1 52 1 1 1 43 1 1 1 1 1 1 1 1 53 54 1 55 1 48 56 57 1 1 58 1 59 1 60 1 61 1 18 50 1 62 1 63 1 1 64 1 1 1 65 1 66 1 1 67 1 1 1 32 1 68 1 1 69 39 1 1 1 1 40 70 1 1 1 1 1 49 1 1 1 1 1 1 58 1 1 71 1 59 1 1 1 1 1 72 42 73 1 74 75 1 76 77 50 1 1 78 1 79 1 1 1 1 1 1 80 1 81 1 1 82 1 1 83 1 1 1 
