10
299 102
1 2 1 3 1 1 1 4 1 1 5 6 1 1 1 7 8 1 9 10 1 1 1 11 12 13 1 14 1 1 1 15 1 1 1 16 1 17 1 1 1 1 1 1 1 18 1 1 19 1 1 1 1 20 21 1 1 1 1 22 1 1 23 1 24 1 1 1 10 25 1 8 1 1 26 1 1 27 1 28 1 29 1 30 22 26 1 1 31 1 1 32 33 34 35 36 1 37 38 36 1 39 23 1 17 40 41 1 42 43 44 1 45 1 46 1 1 1 1 47 48 1 1 1 1 49 50 1 1 51 1 52 45 1 53 54 1 55 56 1 1 1 1 57 1 28 1 1 58 1 1 59 11 60 50 1 1 61 1 56 1 1 62 1 60 1 1 1 1 63 1 1 1 64 1 1 1 65 1 66 1 1 1 67 1 14 1 1 1 1 1 68 1 1 69 1 1 1 70 1 1 1 71 1 1 72 1 1 1 73 25 1 1 1 1 1 1 1 1 74 75 27 1 59 1 76 1 1 42 44 31 77 1 1 45 78 1 1 79 80 1 81 1 82 1 1 1 83 84 28 1 1 1 85 6 1 1 1 1 1 86 87 1 1 75 39 88 89 1 62 90 91 1 1 1 1 92 1 7 93 94 95 96 97 1 1 61 1 98 1 1 1 1 69 1 99 100 101 102 
298 102
1 2 1 3 1 1 1 1 1 4 1 1 5 6 7 1 1 8 9 1 1 10 1 1 11 12 1 13 14 1 15 16 1 17 18 1 1 19 20 1 1 21 1 9 22 1 23 1 1 24 1 1 1 1 1 25 26 1 27 1 1 1 28 1 29 30 1 1 1 31 18 32 1 1 5 1 33 1 34 1 1 1 35 1 1 1 1 1 36 1 37 1 38 1 1 1 39 1 40 1 1 1 41 1 42 1 43 1 1 1 44 1 6 45 1 1 46 1 47 48 1 1 11 1 1 1 1 49 1 28 1 50 1 1 2 33 1 1 51 1 1 52 1 1 1 53 54 1 55 56 57 1 1 58 1 1 1 59 60 1 1 61 1 1 1 1 62 1 63 1 64 1 1 65 1 66 1 1 67 1 1 1 68 1 69 70 1 1 71 72 73 1 74 75 1 76 1 77 78 1 1 6 1 1 1 13 1 79 1 11 1 1 41 80 1 1 1 81 82 83 84 85 1 1 1 35 1 83 1 1 86 1 1 8 1 87 1 1 1 1 1 18 1 88 1 89 83 90 1 1 18 91 92 1 1 1 24 1 1 1 93 1 1 42 77 1 94 1 95 96 1 1 97 1 1 1 98 1 1 1 1 1 1 1 1 1 1 1 99 100 1 1 1 1 1 101 102 1 
297 104
1 2 1 3 1 4 1 1 1 5 1 1 1 1 1 6 7 8 1 9 1 1 1 1 10 1 1 11 1 12 1 1 1 1 1 1 1 13 1 1 1 1 14 15 1 1 16 1 17 1 18 1 19 20 14 1 21 22 1 1 1 23 24 1 1 25 1 26 27 28 29 30 31 1 1 1 1 32 1 33 34 35 1 1 25 1 36 1 37 1 26 38 39 1 1 1 16 1 40 41 1 42 1 1 1 1 43 44 1 45 46 9 7 47 48 1 49 1 1 50 51 1 52 1 1 1 1 31 53 1 1 1 54 55 1 1 56 1 57 1 1 1 58 1 55 59 1 1 1 1 60 1 35 1 1 61 29 62 1 1 1 63 1 1 64 1 1 1 1 10 65 1 1 1 1 1 1 1 1 66 67 68 69 70 1 1 1 1 1 71 72 1 1 1 1 1 73 74 1 1 75 1 1 1 50 1 1 76 61 66 1 77 60 1 1 78 1 17 29 1 1 79 1 80 81 1 82 1 1 1 1 1 83 1 1 1 1 84 1 47 1 85 86 1 87 1 88 89 1 54 20 1 1 1 90 1 91 46 92 1 93 1 1 1 1 1 94 1 1 95 1 96 1 1 1 1 1 1 97 39 1 69 1 98 99 8 100 101 1 102 1 103 104 1 1 1 1 
296 192
1 2 3 4 5 6 7 8 9 10 11 12 13 14 15 16 17 18 19 20 21 22 23 24 25 26 27 28 29 30 21 31 32 33 34 35 36 37 38 31 39 40 41 42 43 44 45 46 47 48 49 50 51 52 53 54 55 56 57 58 32 59 51 60 61 62 63 64 65 66 67 68 69 70 71 72 73 74 75 76 32 77 78 70 79 80 18 81 82 34 83 84 85 86 87 88 89 25 39 90 22 18 91 92 93 86 94 25 21 95 96 97 98 99 100 101 102 77 103 97 79 24 68 35 104 105 106 39 107 108 109 110 52 36 111 56 14 112 113 114 115 116 117 118 119 120 121 122 82 123 124 125 126 55 91 127 128 88 82 121 71 129 130 131 8 86 109 89 80 132 44 117 133 134 85 135 136 137 26 138 139 140 141 91 124 142 60 143 47 144 72 79 145 146 147 55 11 148 23 55 149 150 151 152 79 153 154 14 155 125 156 17 157 108 158 107 48 45 47 58 159 73 160 10 161 162 163 164 52 165 18 56 166 167 2 81 114 168 169 131 144 136 146 115 168 63 43 158 147 170 20 100 171 172 4 168 173 149 54 2 131 174 175 62 176 177 178 179 180 115 147 27 97 181 5 182 70 178 154 22 139 148 183 184 148 185 186 51 187 5 188 86 189 190 191 192 
295 193
1 2 3 4 5 6 7 8 9 10 11 12 13 14 15 16 17 18 19 20 21 22 23 24 25 15 26 27 28 29 30 31 32 33 34 35 36 37 38 39 40 41 42 43 44 45 37 46 47 48 49 11 12 50 51 52 53 54 55 56 57 53 58 59 60 61 62 63 64 4 65 28 66 67 68 56 69 2 70 39 71 72 73 74 43 75 76 77 78 49 79 67 80 80 81 82 83 84 85 86 87 88 48 17 89 58 90 91 92 93 94 95 96 97 98 99 100 101 102 103 104 53 105 106 107 108 46 105 109 85 110 111 112 107 113 114 115 6 116 4 6 96 117 118 13 78 90 119 120 121 47 21 122 73 123 33 124 30 125 120 107 126 55 98 127 128 9 8 48 129 130 3 131 132 133 134 84 117 19 20 135 136 137 138 139 140 37 141 142 143 144 145 146 147 148 149 150 120 151 72 30 129 152 153 4 154 105 155 76 156 54 67 157 133 158 159 62 137 106 159 160 50 161 158 44 144 106 162 163 164 165 90 166 167 168 161 49 169 170 171 172 36 109 100 173 174 175 52 176 177 178 175 174 134 179 175 32 70 180 83 77 181 54 69 134 37 103 182 130 183 184 185 186 137 129 164 8 137 187 188 107 189 41 162 190 184 191 192 177 113 193 182 147 19 87 
294 107
1 2 3 4 1 1 5 1 1 1 1 6 1 7 1 8 9 1 1 1 10 11 12 13 1 14 8 15 16 1 17 1 18 1 1 1 19 20 1 1 21 1 22 1 1 1 1 1 23 1 24 25 1 26 1 27 28 1 1 1 1 29 1 1 1 1 30 1 1 1 1 31 1 1 32 33 1 18 1 1 34 1 1 1 35 1 1 36 1 37 38 1 8 39 40 1 41 1 1 1 42 43 1 1 44 1 45 1 1 1 46 1 1 47 48 1 49 1 1 50 1 51 52 53 54 16 16 1 1 1 1 1 1 1 1 1 55 1 56 1 57 1 1 1 58 1 1 59 60 61 1 1 1 1 62 52 1 63 64 65 66 13 51 67 1 1 68 1 69 1 59 1 1 1 1 1 1 70 1 1 46 71 1 1 1 1 1 72 23 1 73 1 74 35 1 75 76 77 1 1 78 1 1 1 1 79 1 1 1 80 1 81 1 1 1 1 1 82 12 1 33 1 83 84 85 1 30 1 1 1 1 86 1 87 1 1 1 1 1 1 88 1 89 1 1 1 90 91 1 92 1 1 1 93 94 1 1 89 95 96 1 2 1 97 98 1 99 1 1 1 100 101 1 33 102 1 103 104 1 1 92 105 1 1 1 106 1 1 1 1 107 1 1 1 
293 108
1 1 2 3 1 1 1 2 4 1 1 1 1 1 5 1 6 7 1 1 8 9 1 10 1 1 11 12 1 13 14 1 1 15 1 1 16 1 17 1 18 19 1 20 1 1 1 21 1 22 1 23 24 1 25 1 1 1 26 1 1 27 28 1 1 1 29 30 31 1 1 11 32 1 1 33 1 34 1 1 1 35 36 37 38 1 1 39 1 1 40 1 1 1 41 1 1 29 1 1 1 42 23 1 43 44 1 1 1 1 45 46 1 47 1 48 1 49 1 1 50 1 1 1 1 1 51 52 53 54 1 55 1 1 56 57 58 1 1 59 60 1 1 61 1 49 1 62 1 1 1 63 1 64 65 66 67 1 1 68 1 69 1 1 1 1 1 1 31 15 70 71 72 73 12 1 1 1 74 75 76 73 1 1 1 77 78 1 1 1 1 79 1 1 1 1 1 1 1 1 1 80 1 81 82 1 83 84 1 1 85 1 86 87 1 1 88 1 89 1 1 90 91 8 1 55 1 60 1 1 1 1 1 92 93 1 94 67 1 1 1 23 1 1 95 1 1 96 1 96 1 97 1 98 99 100 1 101 1 1 1 1 1 1 1 1 102 1 1 103 1 1 1 1 28 1 1 104 1 105 106 107 108 1 1 1 1 1 1 1 68 1 1 
292 96
1 2 1 1 1 1 1 3 1 4 5 6 7 1 8 9 1 10 1 11 12 1 13 1 1 1 14 15 1 1 16 17 1 1 1 18 19 1 20 1 7 1 21 22 23 24 1 1 1 25 26 27 28 1 1 29 1 1 30 1 31 1 32 1 33 1 34 1 1 1 1 1 35 36 1 1 1 1 37 1 37 1 1 1 38 1 1 1 8 1 1 39 1 1 1 1 1 40 1 1 41 42 43 6 1 44 1 1 1 1 1 45 1 1 46 33 1 1 1 1 1 47 1 1 1 1 1 48 49 1 1 1 1 1 1 50 51 1 1 1 52 53 1 40 1 1 1 50 1 33 1 1 1 1 54 1 55 1 56 57 1 1 1 1 1 58 59 60 1 41 1 1 1 61 1 62 1 63 1 64 1 1 1 65 66 67 1 66 68 1 69 1 70 1 71 1 1 72 1 73 74 1 72 1 64 75 52 1 76 51 21 77 1 65 1 1 1 1 78 79 80 81 50 1 1 82 1 66 78 83 1 1 1 84 1 1 1 1 1 29 1 85 64 1 1 1 70 1 1 1 1 1 86 1 1 32 1 1 87 1 88 89 24 1 90 1 91 1 1 63 1 92 93 1 1 1 1 1 94 1 1 88 1 1 1 1 95 1 1 1 17 96 
291 93
1 1 1 1 2 1 1 1 3 4 1 1 5 6 7 1 8 9 1 1 1 1 1 10 11 12 1 13 1 1 1 8 14 1 15 1 1 1 16 7 1 1 1 1 1 1 1 17 1 18 1 1 1 1 1 1 1 1 1 1 19 20 1 21 22 1 23 1 1 1 1 1 24 25 1 26 27 1 1 1 1 1 1 1 1 1 28 29 1 1 30 1 1 1 1 1 31 1 32 33 1 1 34 1 1 1 35 1 1 1 36 37 38 39 40 1 41 1 29 1 42 1 1 1 43 1 1 1 1 44 45 1 1 1 46 1 1 47 1 1 48 1 1 49 50 1 51 1 1 52 24 1 1 1 38 1 1 1 1 1 53 54 1 1 55 1 56 1 57 58 59 1 60 1 61 1 62 1 1 63 1 1 64 65 1 66 67 1 1 1 1 1 1 23 68 69 1 1 70 1 1 71 59 1 72 1 1 73 74 1 1 1 75 76 77 1 1 13 1 1 22 1 78 1 79 1 58 1 63 1 80 1 31 1 1 1 1 1 81 1 1 1 82 1 1 83 1 84 21 75 1 85 86 1 1 1 1 63 1 28 1 1 32 87 88 1 21 82 89 1 1 39 90 1 1 17 1 1 91 1 92 1 1 1 1 1 53 1 93 1 1 
290 179
1 2 3 4 5 6 7 8 9 10 11 12 13 14 15 16 17 18 19 20 21 22 23 24 25 26 27 28 29 30 31 32 33 34 35 36 37 38 37 39 40 41 42 43 27 44 45 46 47 48 49 19 50 51 52 53 54 35 55 56 53 57 27 58 59 60 59 61 62 63 13 34 64 65 66 67 68 69 53 25 51 70 71 72 73 3 73 74 75 76 72 77 78 45 79 80 11 81 58 82 35 70 83 12 84 85 86 87 88 89 90 91 14 92 93 94 95 36 96 97 98 99 100 17 5 101 102 103 104 105 27 106 107 108 109 32 110 111 112 113 39 27 100 114 115 43 54 21 61 116 73 117 118 119 120 43 118 121 29 122 123 48 87 124 125 126 25 79 112 28 127 24 77 33 128 39 129 130 88 68 116 48 83 131 54 94 31 99 99 44 132 6 92 24 133 134 126 135 135 136 137 22 8 77 138 73 92 139 140 91 141 142 92 143 144 145 115 146 102 147 148 149 97 150 101 151 152 30 153 154 155 18 156 157 158 9 159 160 127 10 8 104 112 161 162 145 12 163 60 164 122 165 139 77 166 167 16 87 168 169 36 170 171 9 24 144 17 172 5 173 45 158 14 71 67 161 153 174 156 120 67 175 176 33 75 75 56 177 178 179 
