10
299 102
1 2 3 4 1 1 5 1 1 1 6 1 1 7 1 1 1 1 1 8 1 9 10 11 1 1 1 1 12 13 1 14 1 15 1 16 1 1 17 1 18 1 1 1 1 1 19 1 20 21 22 1 1 1 1 23 1 1 1 1 24 25 26 1 27 1 1 28 29 30 1 1 2 1 1 31 1 1 1 1 1 1 1 1 1 32 33 30 34 35 1 1 1 36 1 1 1 37 38 39 40 1 1 41 1 1 42 43 44 1 45 27 1 46 1 1 1 1 1 47 1 48 1 49 1 1 50 51 1 1 1 1 16 1 1 52 1 1 1 1 1 53 54 55 1 1 1 1 10 56 1 18 57 1 58 1 59 1 60 1 61 62 1 1 1 1 63 1 64 65 1 1 66 67 68 1 1 1 61 69 1 1 66 1 1 70 1 71 72 63 1 1 73 1 74 1 1 1 64 75 76 77 1 1 78 79 1 1 80 1 1 1 81 1 1 82 1 40 1 1 1 1 1 21 1 6 83 84 21 1 1 85 1 86 1 1 1 1 1 1 87 1 1 1 88 89 90 91 35 1 1 1 71 76 1 1 1 92 1 1 1 1 39 1 1 1 93 94 1 1 5 1 1 95 1 1 96 97 82 98 91 1 1 1 1 99 1 1 1 1 100 101 1 1 1 102 1 1 1 
298 191
1 2 3 4 5 6 7 8 9 10 11 12 13 14 15 16 17 18 19 20 21 22 23 24 25 21 26 27 28 13 29 30 31 32 33 34 31 35 36 37 38 39 22 40 41 42 3 43 44 45 46 2 43 47 48 49 50 51 52 31 53 52 54 55 56 57 58 59 60 61 62 63 22 64 65 66 61 67 68 69 13 70 71 72 73 74 75 76 49 77 75 78 79 80 81 82 83 84 85 86 87 88 40 89 90 24 29 6 91 54 92 93 94 95 90 96 7 97 52 98 37 99 100 55 101 31 102 103 46 24 91 104 105 106 107 108 109 110 111 57 49 112 50 113 114 115 10 116 64 117 89 118 105 119 120 19 121 61 110 17 17 122 123 124 114 125 126 32 51 127 128 129 130 131 132 133 2 118 134 130 5 135 36 82 122 113 26 136 137 41 14 138 20 139 140 141 74 142 142 30 143 144 145 146 147 64 103 148 6 34 149 84 26 150 57 151 128 152 126 9 61 109 153 56 154 44 155 156 78 157 94 158 159 34 160 41 152 161 101 35 162 163 24 164 103 106 165 142 166 167 168 169 170 98 150 72 171 77 172 173 152 174 175 14 21 49 176 177 178 147 37 27 7 179 34 180 181 182 183 8 99 184 185 186 29 187 188 40 182 61 77 189 190 182 191 140 89 165 
297 180
1 2 3 4 5 6 7 8 9 10 8 11 12 13 14 15 16 17 18 14 19 20 21 9 22 23 24 25 26 27 28 29 30 22 31 32 33 34 12 35 36 37 14 38 9 39 40 41 42 43 44 45 46 47 48 48 18 49 50 51 52 26 36 53 54 38 55 55 56 57 58 59 45 60 61 26 62 63 64 65 66 67 68 69 41 10 70 62 71 72 73 74 75 76 77 57 78 20 79 77 80 81 82 51 83 84 85 77 86 31 87 88 49 18 89 81 90 91 56 30 90 92 93 94 95 96 97 70 98 99 20 100 101 41 102 103 104 105 69 102 51 62 106 107 108 109 38 110 111 112 113 114 115 116 117 118 119 43 29 120 121 56 122 20 5 48 123 124 107 125 126 112 127 128 129 103 130 131 132 133 134 135 136 137 138 3 35 139 140 141 142 143 84 144 109 145 128 146 64 147 148 149 46 14 150 151 152 153 53 113 154 55 47 34 71 155 156 157 129 47 58 158 110 72 159 160 104 140 74 161 162 94 163 64 164 165 21 148 110 61 166 167 168 169 120 149 104 83 48 170 141 34 65 114 134 128 163 115 171 35 54 58 74 171 172 173 99 174 144 175 164 136 176 64 91 35 8 8 76 177 108 154 175 103 172 178 48 6 15 173 45 179 80 180 142 178 2 
296 195
1 2 3 4 5 6 7 8 9 10 11 12 13 14 15 16 17 18 19 20 21 22 23 24 25 26 27 28 29 30 31 32 33 34 35 36 37 38 39 40 41 42 43 44 45 25 46 47 48 49 50 51 52 53 54 25 50 55 14 56 57 58 59 60 61 62 63 64 65 66 67 19 68 69 70 71 72 73 74 75 76 77 54 78 79 80 6 81 82 24 83 28 84 85 86 78 87 88 11 89 90 91 5 92 49 66 93 94 10 28 95 96 79 97 98 43 99 100 101 102 92 103 104 105 19 106 80 66 107 108 109 28 110 18 111 109 109 4 112 113 114 110 115 116 18 28 8 117 63 118 119 120 11 121 122 45 123 124 125 26 118 121 126 127 128 129 130 131 39 132 117 133 134 135 79 88 3 131 136 137 138 139 46 140 80 51 4 124 89 141 87 142 143 144 41 23 145 26 146 147 148 149 150 98 151 34 132 152 51 153 154 32 155 74 156 157 158 82 28 135 159 160 22 161 162 163 109 164 64 165 85 166 13 140 167 168 169 108 165 82 65 97 170 171 172 173 105 6 174 89 125 38 175 132 176 29 142 169 177 178 179 115 133 180 74 181 178 182 85 151 183 121 149 184 185 32 95 186 10 187 52 188 145 189 190 191 19 71 157 189 187 192 193 194 103 195 
295 110
1 1 1 1 1 2 1 1 3 1 1 1 4 5 1 6 1 1 7 8 1 1 9 1 10 1 11 12 13 1 1 14 1 1 1 15 16 1 17 1 1 1 14 18 1 1 3 19 1 1 1 20 21 1 22 23 24 1 1 1 1 1 1 1 1 1 1 25 1 1 1 26 1 1 27 28 1 29 22 30 31 1 1 32 1 19 33 34 1 1 1 35 1 1 1 1 1 36 37 38 1 1 39 1 1 40 1 41 1 1 1 42 43 44 1 45 1 46 1 1 47 1 48 49 1 50 51 52 53 54 1 1 55 56 57 1 1 1 1 1 1 1 58 1 1 1 59 58 21 1 60 61 1 1 62 1 1 63 64 1 65 1 66 67 1 55 68 1 58 1 69 70 71 1 72 1 1 73 41 74 1 1 58 21 1 1 75 18 1 76 32 1 77 1 78 79 1 80 1 1 1 5 81 1 1 1 1 82 1 1 1 1 83 1 1 84 45 1 1 85 57 86 1 1 87 1 88 1 1 89 1 7 1 1 80 90 41 1 1 1 1 91 92 1 93 94 95 1 96 97 1 62 98 1 1 1 90 1 99 1 1 1 100 1 1 101 102 1 103 104 1 105 106 1 1 1 1 1 1 107 1 1 1 1 30 48 1 1 1 108 109 1 92 110 1 
294 104
1 1 1 1 2 1 1 1 1 3 4 5 6 1 1 1 1 7 1 1 1 1 1 1 1 1 1 1 8 9 1 10 11 12 1 13 1 14 1 1 1 15 1 16 17 1 1 1 18 1 19 1 1 20 21 1 1 1 1 1 1 1 22 23 24 25 1 26 1 27 28 29 1 1 1 30 31 1 32 33 34 35 36 1 1 13 1 1 37 38 1 39 40 41 42 43 1 1 44 1 1 45 1 1 46 1 12 34 47 1 48 1 49 1 1 50 1 1 51 1 1 1 1 52 1 1 1 53 54 55 1 1 1 1 1 56 1 1 1 57 1 43 1 1 1 1 58 1 59 60 1 1 1 1 61 1 1 62 1 1 63 1 1 64 65 1 1 1 55 1 66 1 32 67 1 1 68 1 1 69 70 1 71 72 1 73 1 74 1 1 75 19 1 76 1 1 1 77 78 79 1 1 80 1 1 81 1 82 1 83 1 1 84 1 1 17 1 1 1 1 37 1 34 85 1 1 86 87 88 1 69 1 1 1 89 1 1 1 1 1 1 90 1 1 1 1 1 91 1 1 1 1 64 92 1 1 93 1 1 94 67 95 1 47 96 1 1 1 1 1 1 1 60 1 97 1 98 1 99 1 100 101 1 102 70 103 104 1 1 41 1 56 1 1 
293 89
1 1 2 1 1 1 1 1 1 3 1 1 1 4 5 1 1 1 1 6 1 1 7 8 9 10 1 1 1 1 1 1 1 1 1 11 1 1 12 1 1 13 1 1 1 1 1 14 1 1 1 15 1 1 1 1 1 1 1 16 17 1 1 1 1 1 1 1 1 18 1 1 1 19 20 1 1 1 21 1 1 22 1 1 1 23 1 24 1 1 1 1 1 25 1 26 1 27 1 28 1 6 1 1 26 1 29 1 1 1 1 1 30 1 1 1 31 32 33 1 34 35 36 1 37 1 38 1 39 1 1 40 41 1 1 1 42 43 1 1 1 1 38 1 1 44 45 1 1 1 1 1 46 1 1 47 1 1 1 48 1 49 1 35 1 1 1 1 50 1 51 1 52 53 1 54 55 1 1 1 1 1 56 57 1 58 1 1 27 1 59 1 1 45 60 1 61 52 62 63 1 49 1 1 1 64 1 65 66 1 1 1 67 68 69 1 1 1 1 1 1 1 1 70 1 1 1 7 71 1 1 1 72 73 1 1 1 1 1 36 74 75 1 1 76 1 77 78 1 1 35 1 1 1 1 79 1 1 1 1 80 81 1 82 83 77 84 85 12 1 70 1 1 1 1 1 1 1 86 64 1 1 1 87 88 1 1 89 67 1 1 1 1 
292 194
1 2 3 4 5 6 7 8 9 10 11 12 13 14 15 16 17 18 19 20 4 21 22 23 24 25 17 26 27 28 29 30 31 32 33 34 35 36 37 38 39 40 41 42 43 44 45 25 46 47 48 49 50 51 15 52 6 53 54 55 56 57 58 59 60 61 62 63 64 65 66 67 68 69 70 71 72 73 2 74 75 76 7 11 77 8 78 79 80 16 81 82 83 7 5 78 84 15 55 82 85 86 87 88 89 90 91 92 27 93 94 24 17 95 96 97 97 30 49 5 98 28 91 99 65 100 21 101 56 102 68 103 38 104 26 105 106 107 90 64 108 20 109 110 111 112 113 114 73 115 116 25 43 57 117 111 118 119 13 120 61 121 122 89 59 123 124 125 7 24 126 18 127 21 7 128 129 125 130 129 131 132 133 134 135 136 137 106 59 138 139 119 140 141 142 143 144 15 145 19 14 146 147 148 149 144 150 151 152 55 153 154 155 89 81 156 157 6 110 130 158 49 159 10 160 161 54 32 9 136 108 162 163 86 128 164 165 28 166 123 167 6 147 150 121 96 152 168 133 86 169 12 170 48 171 154 172 173 174 175 112 53 176 177 178 179 180 137 181 182 183 155 184 185 180 138 6 68 186 18 116 187 188 26 23 189 190 191 189 192 193 194 
291 81
1 1 2 3 1 1 1 1 4 1 1 1 1 1 1 5 1 1 6 7 1 1 1 1 1 1 8 9 1 10 11 1 12 1 13 1 1 1 1 1 1 1 1 1 1 1 14 1 1 15 1 1 1 1 1 16 17 18 19 20 21 1 1 22 23 1 24 1 1 1 1 1 1 1 1 1 1 25 26 1 27 1 1 1 1 28 29 1 1 30 6 1 1 31 1 1 32 1 1 1 1 33 8 1 1 1 1 32 1 1 1 1 34 35 30 1 36 37 1 38 1 1 1 39 40 1 41 1 42 1 1 1 1 43 1 1 1 1 1 44 45 1 1 46 1 47 1 1 1 1 48 49 1 1 50 1 51 52 1 53 1 49 54 1 1 1 55 1 1 1 44 44 56 1 1 1 1 1 57 1 1 1 58 1 1 1 59 1 1 60 1 1 61 1 1 1 1 1 21 1 1 1 1 44 1 1 1 1 33 50 1 34 1 1 62 63 1 46 64 1 1 1 1 65 1 1 8 66 67 1 68 1 1 22 69 1 70 71 1 1 72 65 73 74 31 37 1 1 1 1 75 28 1 24 1 1 1 56 1 76 1 1 47 19 1 1 1 77 1 1 1 1 1 1 78 58 1 1 1 79 1 1 80 1 81 1 1 1 1 1 1 
290 90
1 2 3 1 1 1 1 4 1 5 1 1 1 6 1 7 1 1 1 8 9 1 10 11 12 1 13 1 1 1 14 1 15 1 1 1 1 1 1 16 1 1 17 1 1 1 1 1 1 1 18 1 1 1 1 1 19 20 1 14 21 22 1 1 23 12 24 1 1 25 1 1 26 27 1 1 28 29 1 1 30 31 32 33 10 34 1 1 1 35 1 36 1 1 1 1 1 37 38 39 1 1 1 1 40 1 1 41 1 1 1 1 42 43 44 1 1 45 1 1 1 1 46 1 1 1 1 1 1 1 1 1 1 1 47 48 1 49 50 1 51 1 1 52 53 1 54 1 1 1 55 1 1 56 1 1 1 57 1 58 59 16 1 1 60 1 1 1 1 1 1 1 1 61 62 63 1 64 17 64 65 4 1 66 67 1 1 7 1 1 15 68 1 49 1 1 1 1 1 1 29 1 1 69 70 71 72 1 73 1 1 74 1 75 76 1 77 1 1 1 1 1 1 78 1 52 1 79 1 1 1 1 1 80 81 1 1 1 1 1 82 1 83 1 1 1 1 84 1 1 1 1 1 1 1 1 1 1 1 1 85 75 1 1 1 1 1 1 86 1 1 1 1 87 1 88 1 1 1 1 1 1 1 1 89 90 1 1 1 1 
