66 95 0 26 0 0 0 85 67 0 0 0 102 0 0 47 0 0 99 0 79 0 0 51 0 0 0 0 0 0 0 0 21 0 0 0 45 115 0 0 0 0 0 0 102 10 0 0 0 0 20 0 0 0 0 0 0 0 0 0 0 0 0 0 0 0 0 0 0 0 15 17 0 0 0 0 0 0 0 0 0 0 0 0 0 
0 0 0 23 145 49 64 77 0 0 0 116 0 131 103 0 39 166 0 0 36 0 142 149 148 89 0 0 34 0 107 122 0 0 105 76 34 62 0 97 0 124 0 104 93 0 58 117 0 0 0 81 147 81 0 154 0 96 71 193 146 94 66 79 130 0 0 87 0 144 135 0 115 44 0 81 102 0 91 0 9 117 0 0 0 0 0 0 109 0 145 0 115 0 0 145 0 0 164 0 131 0 11 0 133 128 0 0 130 0 134 0 16 0 0 58 125 122 0 0 107 99 0 0 0 57 0 119 132 0 0 0 89 0 0 0 58 0 12 89 0 0 44 61 0 0 0 51 101 0 0 86 39 0 0 0 13 0 0 0 0 0 0 0 0 0 0 0 0 0 0 0 0 0 0 0 0 0 0 0 0 0 0 0 0 0 0 7 0 0 
0 124 124 0 127 145 193 112 60 0 165 142 148 0 0 135 142 0 0 0 0 131 161 0 183 161 65 0 42 0 0 0 114 95 0 51 0 99 0 0 51 0 62 0 0 124 0 144 0 25 0 136 0 144 0 137 80 88 0 0 96 154 0 138 0 92 0 0 123 0 0 0 0 0 110 145 0 128 0 0 8 134 59 111 0 92 6 0 73 0 0 59 0 0 0 0 142 4 0 0 136 0 146 0 6 0 0 88 0 112 0 107 0 0 17 0 0 0 0 119 0 0 85 0 65 1 0 17 0 0 0 0 0 0 76 0 0 0 97 0 104 97 0 0 0 0 0 0 0 0 0 0 0 0 0 0 0 0 31 0 0 0 0 8 0 43 0 39 0 0 0 0 0 0 0 0 0 0 0 0 0 0 0 0 0 0 0 
0 121 74 126 80 0 0 152 154 86 46 0 88 45 147 0 0 0 0 67 0 0 121 125 0 129 152 8 101 0 0 23 0 27 0 64 94 104 126 0 115 123 0 66 60 0 0 16 134 0 82 30 172 0 123 145 117 122 99 70 93 0 186 0 168 0 127 126 90 0 0 17 122 87 144 126 0 127 0 0 0 0 0 128 0 0 146 0 0 0 0 0 80 81 0 98 13 0 0 0 0 123 0 157 0 144 0 0 92 0 41 13 137 145 43 0 5 0 0 0 127 96 80 0 82 0 0 35 126 103 0 8 0 0 0 0 0 0 5 0 0 0 79 0 0 0 0 0 0 0 0 0 0 51 0 0 0 0 0 52 23 0 0 40 0 33 0 0 0 0 11 0 0 0 0 10 0 0 0 0 0 
0 0 50 1 121 91 98 16 88 144 0 157 62 101 0 0 167 126 0 92 0 56 35 35 0 45 173 28 60 149 0 0 1 46 134 139 0 146 77 0 0 0 55 132 0 48 83 0 140 57 69 79 0 0 0 0 67 111 0 104 0 0 146 0 0 123 132 131 0 78 130 132 0 105 47 0 101 102 0 34 0 77 0 0 9 0 0 0 46 0 88 0 0 38 138 52 0 0 137 0 0 0 0 0 55 93 0 0 0 92 0 0 0 140 0 0 120 0 0 78 0 0 26 0 0 0 57 0 0 0 0 0 122 120 0 54 0 0 0 0 0 73 0 0 0 0 0 0 0 0 0 34 0 10 0 0 0 0 0 0 0 1 0 0 0 47 0 13 0 0 0 0 0 0 9 0 29 0 0 9 0 0 0 0 0 0 0 0 0 0 0 0 0 0 
0 83 34 0 0 60 0 0 136 72 45 119 0 69 123 149 91 104 0 61 0 85 0 0 74 98 0 146 31 74 0 131 0 115 0 0 0 0 106 0 0 0 0 0 0 105 69 96 69 34 83 122 81 113 189 0 0 96 132 179 0 75 145 0 0 170 94 91 181 79 22 0 0 0 0 0 86 0 0 89 3 0 146 0 155 97 0 0 66 99 171 0 73 0 0 0 0 0 98 0 0 83 0 124 0 0 42 0 0 69 0 144 105 143 0 0 0 0 129 0 0 95 41 106 103 0 131 103 0 0 0 0 0 7 0 0 53 0 0 0 0 0 15 0 0 91 2 0 0 0 0 0 65 0 58 79 0 0 0 19 0 0 0 65 0 0 0 53 0 0 0 58 0 0 0 41 0 0 0 0 0 0 0 0 0 0 0 0 0 0 
89 71 0 0 0 26 98 78 137 0 0 48 0 0 0 0 30 0 14 0 0 0 0 96 0 0 0 0 0 72 0 122 0 138 0 0 0 0 0 0 0 0 125 1 0 0 0 0 0 79 52 119 0 0 49 0 0 0 0 0 0 0 42 0 13 0 0 40 0 0 0 0 0 0 0 0 0 0 0 0 0 0 0 0 0 0 0 0 0 0 0 0 0 0 0 0 0 0 0 0 
97 0 0 0 0 0 131 0 0 159 0 0 0 0 0 134 0 0 0 0 54 0 0 0 0 0 0 138 0 104 0 0 0 134 0 0 0 18 130 0 0 0 0 0 0 0 59 135 118 0 0 0 0 0 0 0 76 0 0 0 0 0 3 0 0 0 0 0 14 0 0 0 0 0 0 0 0 0 0 0 0 0 0 0 0 0 0 0 0 0 0 0 0 0 0 0 0 0 0 0 2 0 0 0 0 0 0 
82 0 0 0 121 0 0 0 52 0 87 33 0 32 56 0 0 37 130 52 0 43 0 0 0 0 56 0 126 0 0 0 0 0 0 0 0 0 49 0 0 0 0 0 89 0 0 0 0 0 0 0 0 0 0 0 57 0 0 0 0 0 0 0 0 0 0 0 27 0 0 0 0 0 0 0 29 0 0 14 0 0 0 0 0 0 0 0 0 0 0 0 0 0 0 0 0 0 
70 0 163 199 70 44 128 55 32 0 81 84 87 0 97 109 110 0 0 0 0 0 53 142 0 0 0 0 0 125 82 0 101 0 0 47 0 86 44 11 86 0 60 127 80 113 115 120 145 79 0 0 114 0 0 101 83 0 97 12 0 186 135 0 137 0 176 0 56 98 0 0 11 0 0 0 0 0 106 132 90 0 82 68 102 0 0 0 0 119 0 0 0 0 125 131 84 0 47 109 0 0 0 0 113 0 3 143 0 42 0 0 57 0 0 33 0 0 0 0 35 0 45 0 10 56 0 0 0 0 0 0 0 0 98 58 0 0 0 0 0 0 13 86 0 0 0 0 0 43 0 0 0 0 0 55 0 0 0 0 0 27 0 0 0 27 0 0 0 0 0 0 0 0 1 0 0 5 0 0 0 
0 0 0 0 146 0 97 0 111 0 34 131 0 0 0 140 94 84 118 44 0 178 64 70 70 25 153 122 19 134 59 0 120 0 125 18 0 0 0 145 0 98 35 78 0 43 175 89 0 0 0 127 88 0 0 120 129 104 52 0 175 0 190 0 79 77 0 131 0 0 0 0 0 98 0 0 0 67 116 0 0 143 187 56 0 0 0 132 49 0 101 18 31 0 0 0 0 83 0 0 0 70 0 0 123 0 0 141 0 60 3 0 59 81 0 0 108 0 118 0 48 0 45 91 0 116 0 72 0 0 115 0 43 0 0 0 0 0 0 0 52 0 0 0 0 0 61 0 0 68 0 33 0 0 0 0 33 0 40 47 0 0 0 0 0 0 0 0 0 0 0 0 0 0 0 0 0 0 0 0 0 
0 0 0 0 131 54 112 0 14 112 182 0 72 106 91 33 0 35 58 141 0 80 0 49 0 124 140 0 138 125 34 70 0 0 137 50 141 154 118 68 0 174 89 128 14 0 93 112 0 135 65 0 0 0 158 110 140 9 120 165 115 133 57 0 74 140 0 80 0 0 0 90 127 0 32 0 0 0 0 0 76 47 0 0 129 93 0 0 0 0 136 0 97 128 0 0 0 0 130 0 60 0 0 0 136 0 0 0 0 130 0 0 0 0 0 0 110 0 0 0 0 36 0 56 0 101 62 45 0 0 0 0 0 68 0 0 0 0 0 88 73 0 0 0 0 0 0 8 0 0 0 25 0 0 0 0 0 0 0 0 0 0 0 0 0 0 0 0 0 0 0 16 0 12 0 0 0 0 0 1 0 
71 0 0 0 0 129 0 0 0 0 0 69 89 0 0 0 0 0 85 0 0 5 0 0 121 0 0 104 0 0 0 0 83 0 0 0 0 0 109 0 0 0 0 71 0 0 70 0 0 0 30 0 0 0 109 0 0 65 0 0 0 78 0 0 0 0 0 0 0 0 0 0 0 0 0 43 0 0 0 0 0 0 0 0 0 0 0 0 0 0 
0 13 157 119 0 85 0 127 138 139 131 0 90 49 0 0 13 0 64 0 60 0 75 61 39 55 69 149 0 105 74 0 40 0 151 0 92 0 168 0 0 0 0 0 91 175 117 0 111 162 0 0 20 131 0 136 0 114 0 0 139 45 0 0 120 0 116 63 102 0 0 5 0 0 166 0 0 0 0 154 158 114 79 0 0 45 0 0 0 0 132 0 0 121 109 0 0 16 163 123 0 0 0 0 139 61 4 0 0 0 104 30 57 0 96 0 74 119 0 0 0 0 0 0 8 0 106 113 53 0 78 21 0 0 0 0 95 0 0 0 0 0 0 0 0 41 0 9 0 0 21 0 0 0 0 0 0 0 0 0 0 0 1 7 0 0 0 0 0 0 0 0 0 0 0 0 0 0 0 
154 189 41 32 0 47 0 41 22 0 93 0 109 77 118 111 71 127 81 81 132 0 0 20 0 99 137 29 145 101 84 0 56 0 86 84 0 0 0 0 114 116 47 116 0 0 0 108 129 138 0 0 78 117 0 0 0 80 0 0 97 0 79 101 135 0 0 136 119 0 0 89 0 18 152 131 0 136 0 0 121 69 0 0 0 0 0 0 62 0 0 88 138 11 0 0 0 0 0 93 0 72 0 3 129 37 129 0 0 0 137 0 22 64 0 0 0 0 75 110 115 0 0 0 0 73 94 0 0 0 0 11 0 0 8 67 74 0 0 34 0 0 65 0 0 0 0 62 62 0 0 49 0 0 0 0 38 0 0 0 0 0 0 0 25 14 8 0 0 0 0 0 0 0 0 0 0 0 
93 0 0 88 127 41 0 146 0 0 0 97 59 0 0 0 0 0 0 0 0 44 0 136 133 0 0 118 101 0 0 0 0 0 127 0 99 25 0 0 0 69 102 0 0 140 116 0 27 0 21 0 0 42 0 0 0 0 0 0 0 0 0 93 0 0 0 0 0 7 0 0 0 0 0 0 0 0 0 0 0 0 0 0 0 0 0 0 0 0 0 0 0 0 0 0 0 0 
97 35 0 0 0 11 0 0 0 0 117 0 84 0 86 0 86 0 0 0 96 81 0 0 74 0 0 102 153 167 0 0 0 0 0 0 0 0 0 0 0 118 0 0 133 0 0 0 109 95 0 0 0 85 105 0 0 0 0 0 0 0 0 0 0 92 0 0 0 30 50 0 0 0 0 0 0 0 0 0 0 0 0 0 0 0 0 0 0 0 0 0 0 0 0 0 0 0 0 
39 129 0 0 0 106 165 0 66 201 0 0 66 165 93 0 128 0 119 117 0 0 126 108 0 0 0 0 10 144 104 50 130 108 0 0 0 91 122 76 141 117 83 39 114 83 0 0 131 137 68 61 96 145 0 95 0 52 123 0 156 98 0 62 0 120 84 111 0 0 0 0 26 172 89 0 0 1 0 124 0 110 0 109 0 83 103 6 0 0 36 98 0 0 14 0 29 0 0 0 0 100 0 0 119 0 0 0 75 0 0 121 0 0 51 12 80 0 0 0 0 0 0 0 0 0 0 0 0 98 0 0 0 23 0 0 0 37 21 67 0 0 8 0 0 0 0 0 0 0 0 0 0 0 0 0 26 0 0 14 0 0 0 0 0 0 0 0 0 0 0 0 0 
90 138 0 69 0 0 0 0 0 0 104 70 0 0 0 0 0 0 86 65 0 58 90 0 78 134 0 0 106 135 0 118 0 0 0 17 0 0 0 0 14 0 0 0 0 0 0 0 75 0 20 0 0 0 0 0 0 105 0 0 0 0 0 0 0 0 0 0 7 0 0 0 0 56 0 0 0 0 0 0 0 0 0 0 0 0 0 0 0 0 0 0 0 0 0 0 0 0 0 
96 0 106 150 0 0 8 95 0 99 0 7 0 0 82 0 0 0 8 0 120 0 0 0 0 138 0 93 0 0 74 0 114 55 0 0 97 0 63 0 0 0 0 38 0 0 0 0 0 0 0 0 0 0 0 0 0 0 0 95 0 0 0 0 0 62 0 0 0 0 0 0 0 0 0 48 0 0 0 0 0 0 0 0 0 21 0 0 0 0 0 0 0 0 0 
33 0 0 67 0 137 105 0 87 32 52 70 0 97 8 0 55 2 0 188 0 0 136 0 0 0 76 0 0 45 0 121 0 0 0 126 0 0 0 104 45 79 0 121 107 0 105 0 0 121 85 0 181 0 112 0 0 0 93 0 87 105 168 71 56 0 0 0 128 105 0 121 146 150 0 69 0 0 50 52 0 36 0 122 0 0 131 0 0 0 0 113 39 0 149 0 126 73 0 69 116 97 123 0 0 0 1 108 101 0 0 0 91 0 0 0 106 108 0 0 106 0 0 0 39 70 35 84 0 0 19 0 9 29 86 0 0 0 0 0 0 82 0 0 0 0 22 0 0 0 0 57 0 0 0 0 0 0 0 0 0 19 0 0 0 0 7 0 0 0 0 0 0 0 0 0 0 0 
0 167 158 50 51 0 0 82 195 104 0 80 64 0 16 112 0 122 60 0 84 62 167 0 14 54 0 34 0 0 0 88 34 24 0 0 87 0 0 71 97 75 69 150 86 135 89 0 0 0 0 120 116 107 82 0 134 124 121 25 0 0 123 0 0 0 0 70 0 125 0 0 0 103 80 110 0 72 92 0 0 0 69 72 0 0 95 131 18 0 0 0 0 0 113 0 0 0 134 0 0 101 0 93 0 90 34 109 0 0 23 55 0 0 0 0 0 104 108 50 0 0 0 0 0 88 0 0 0 78 0 81 0 0 0 0 0 0 42 0 0 0 0 9 0 0 48 0 0 0 0 0 0 0 0 0 0 0 0 0 0 0 0 0 0 0 18 0 0 0 5 0 6 0 0 0 
90 0 0 54 0 0 52 87 0 0 92 0 0 0 132 0 0 0 0 0 95 0 0 0 92 0 0 0 77 60 0 0 0 123 0 0 0 0 0 0 0 0 0 0 107 46 0 59 0 0 95 0 74 54 0 0 0 0 0 0 0 0 32 0 0 0 0 0 0 0 0 0 0 0 0 0 0 0 0 0 0 2 0 0 0 0 0 0 0 0 0 0 0 0 0 0 0 0 
87 23 0 0 107 45 0 0 0 0 0 0 0 0 0 136 95 0 97 0 0 0 0 0 0 28 0 0 0 0 0 0 0 0 0 0 0 0 134 0 0 0 0 0 0 0 0 0 0 20 0 0 0 0 0 0 0 0 0 0 73 12 0 0 0 0 0 0 0 51 28 78 0 0 41 0 52 0 0 49 0 0 0 0 0 0 0 0 0 0 0 0 0 0 0 0 0 0 
0 0 121 0 0 0 25 0 131 125 63 0 18 0 0 90 0 0 117 124 173 149 17 58 0 0 52 111 62 58 0 0 1 175 66 20 92 0 0 178 175 110 168 88 134 123 0 0 0 0 56 105 106 72 0 0 47 0 85 92 0 0 131 0 0 0 0 0 0 0 0 174 0 0 0 0 0 0 0 42 0 0 0 25 0 0 127 99 56 69 0 165 71 0 0 129 123 0 93 0 0 0 0 0 0 105 0 75 0 96 0 0 0 0 0 0 3 0 0 0 0 87 0 0 35 78 0 0 0 18 73 0 0 0 0 57 8 0 0 0 69 0 0 0 0 0 0 52 0 0 0 0 0 0 43 0 42 0 0 43 0 0 0 0 14 0 0 7 0 0 0 6 0 0 0 0 0 0 
79 0 0 0 0 0 0 0 0 0 108 0 0 22 0 0 0 0 0 0 0 0 68 103 0 0 0 0 56 0 0 73 0 134 41 0 110 0 90 0 0 0 0 0 0 63 0 57 0 0 97 0 0 0 0 0 0 0 0 0 0 0 0 0 0 0 0 0 0 0 0 0 0 0 0 0 0 0 0 0 0 0 0 0 0 0 0 0 0 0 0 0 0 0 
66 6 64 40 0 0 0 25 124 119 0 0 125 101 108 96 77 0 72 0 29 13 0 70 0 0 58 0 0 44 103 0 102 0 0 12 0 76 0 94 126 59 154 125 0 16 0 0 131 0 52 0 97 0 0 0 139 0 123 111 0 0 63 0 119 57 0 123 21 0 67 0 91 63 60 0 0 0 87 0 106 0 35 38 43 0 0 0 0 0 4 116 55 65 0 0 0 0 109 0 0 0 0 0 74 120 0 37 0 113 0 11 0 0 46 121 0 0 0 106 0 0 0 79 12 0 75 0 82 0 0 0 0 0 0 0 0 43 0 0 0 71 39 0 0 0 30 0 0 0 0 0 0 0 19 0 0 0 50 0 20 0 0 0 0 0 17 0 0 17 0 0 0 0 0 0 0 0 0 0 0 0 0 0 0 
47 113 160 0 128 61 0 48 86 113 29 65 85 98 0 145 132 125 108 74 68 104 63 0 0 169 114 75 45 106 0 115 0 126 107 0 63 0 126 0 116 109 99 167 126 0 101 95 88 94 0 6 86 160 0 0 0 88 0 0 0 112 0 0 0 0 174 0 93 111 0 6 0 25 0 35 142 0 134 0 0 55 0 0 0 115 4 116 0 0 128 0 113 0 128 73 0 0 0 0 0 0 0 0 0 117 0 0 0 48 0 62 114 0 0 18 0 0 0 84 0 79 41 0 87 0 0 0 0 0 0 0 46 0 0 0 0 0 0 0 34 0 0 0 0 0 0 0 0 0 0 0 10 0 0 0 26 0 0 0 0 0 0 0 0 0 5 0 0 0 
84 0 0 0 0 0 66 0 0 0 82 0 0 0 0 0 15 168 0 0 88 0 0 0 121 0 0 0 0 0 0 0 134 134 0 0 116 0 0 0 0 0 0 0 0 0 33 0 46 0 0 129 133 0 0 0 0 0 0 0 0 0 0 0 0 82 0 0 11 0 0 0 0 0 0 38 0 0 0 29 0 0 0 0 0 0 0 0 0 0 0 0 0 
75 0 55 0 19 0 10 0 139 0 0 0 130 0 44 0 0 82 0 0 0 0 0 73 0 0 0 0 0 0 0 38 0 0 0 89 0 0 0 113 102 0 0 0 0 0 0 0 0 0 0 0 0 0 0 0 0 0 0 3 0 0 0 0 0 0 0 0 0 0 0 0 38 0 0 0 0 0 0 0 0 0 0 0 0 0 0 0 
171 0 73 97 45 29 90 77 113 89 0 37 0 162 0 35 180 111 62 116 0 0 16 40 99 0 0 31 0 32 0 0 0 0 150 80 0 73 146 69 0 0 57 0 0 0 62 0 0 0 0 73 0 0 0 129 0 30 0 95 56 96 0 96 60 117 0 78 0 0 92 140 0 20 0 0 0 0 0 0 98 0 78 0 115 0 0 0 0 108 0 0 32 120 64 0 0 50 0 0 0 0 0 34 113 0 0 0 0 0 117 0 0 5 107 69 0 0 66 0 0 86 0 85 0 26 0 0 13 0 0 90 0 0 0 36 0 0 39 67 0 0 0 0 0 0 60 0 0 0 0 0 0 0 0 18 37 0 13 0 0 0 0 0 0 0 0 0 0 0 0 0 0 0 0 12 0 0 0 0 
46 158 0 40 15 0 76 0 0 0 0 123 60 0 82 0 0 168 0 4 0 12 0 0 39 131 119 107 125 115 0 108 0 0 69 0 0 14 90 0 0 0 105 84 58 17 0 0 172 0 3 80 0 80 142 60 0 0 0 8 89 23 0 127 87 0 0 141 0 0 0 0 130 0 117 0 79 0 0 0 0 6 125 0 0 119 0 20 109 0 17 0 0 38 0 0 95 131 0 0 11 0 0 0 82 0 0 122 116 0 0 0 60 0 123 0 4 0 9 0 0 0 0 0 0 30 0 0 0 82 16 64 87 0 37 0 0 31 87 0 58 0 0 18 0 0 0 0 24 0 0 0 0 0 0 0 0 0 0 0 0 0 0 0 0 0 0 24 0 0 0 0 0 0 1 
0 125 81 47 125 142 10 108 39 24 17 131 118 149 103 92 0 0 183 7 123 0 108 103 92 85 57 102 134 135 0 0 139 119 119 0 85 0 82 148 0 0 0 117 108 0 104 0 101 99 95 101 0 117 0 0 40 104 114 0 14 0 0 0 0 0 0 0 0 142 0 55 0 61 27 0 162 168 0 122 129 133 23 0 0 0 130 0 0 0 0 0 39 0 0 14 86 95 0 70 0 128 0 46 0 12 0 41 0 48 69 0 51 0 0 0 0 0 0 9 0 78 0 0 0 0 76 0 0 0 0 0 32 0 35 0 0 0 0 0 0 27 0 0 0 0 0 0 0 0 0 0 0 0 0 0 0 0 0 0 0 0 
0 64 0 0 151 150 0 0 14 0 77 150 95 2 135 113 45 63 159 103 85 70 26 90 93 42 0 76 0 0 118 30 0 0 110 0 28 133 111 106 0 0 0 76 104 110 0 0 125 75 41 162 0 112 0 0 71 112 134 46 118 0 88 120 0 38 0 0 0 0 0 18 66 117 0 0 0 0 27 0 112 0 116 125 0 100 0 121 0 71 26 120 64 80 0 129 0 99 0 0 0 0 0 19 91 36 0 0 26 0 106 0 0 0 0 0 103 0 0 81 0 0 6 0 71 0 0 0 0 0 0 0 0 0 0 0 0 23 0 0 0 0 0 0 0 0 0 41 22 0 0 0 0 0 0 0 0 0 0 0 0 0 0 0 0 0 0 0 0 0 0 0 
94 0 0 0 0 71 0 0 0 118 0 0 0 0 0 0 0 122 0 0 0 56 0 98 0 0 147 0 0 0 0 0 0 0 0 4 0 0 0 0 0 0 34 0 0 0 115 0 0 0 0 0 26 0 0 0 0 0 0 0 33 0 0 0 0 0 72 68 0 0 0 0 0 0 0 0 0 47 0 0 0 46 0 0 0 25 0 0 0 0 0 0 0 0 0 0 0 0 0 
0 0 0 0 120 178 43 115 0 21 99 32 0 0 112 0 47 0 0 169 148 99 0 61 0 98 149 119 38 30 69 0 35 0 82 0 0 50 0 0 101 0 89 0 0 116 0 0 66 5 57 82 96 0 0 174 0 146 45 55 13 69 159 30 56 0 100 69 120 0 0 0 11 0 0 21 90 113 0 0 37 46 0 89 0 0 0 82 0 0 0 0 140 0 124 0 48 0 92 0 80 0 0 0 26 121 0 24 0 70 0 0 0 0 0 0 69 0 56 30 0 0 1 28 8 0 0 24 0 0 0 29 0 0 0 0 0 0 0 0 0 14 0 0 1 9 0 0 0 0 0 0 0 14 0 0 7 0 0 0 0 0 0 0 0 
0 124 130 73 7 0 75 0 0 0 27 133 50 0 69 130 0 132 0 72 144 88 0 110 0 0 0 59 0 110 102 0 37 0 109 0 119 0 97 59 0 121 160 0 166 0 0 31 0 120 102 123 80 0 51 0 0 0 88 0 0 0 0 0 0 31 56 84 80 112 74 0 0 0 0 0 58 65 0 107 0 0 0 0 107 0 68 0 80 0 0 0 53 0 25 116 27 0 0 0 0 0 0 125 0 0 6 0 0 0 0 0 0 46 103 76 0 0 0 0 46 0 0 0 0 0 0 0 0 5 5 44 0 0 0 45 0 24 0 0 0 0 0 43 0 0 0 0 39 0 0 6 17 0 0 0 0 0 0 0 0 0 0 5 0 
71 150 33 102 0 0 6 59 125 0 0 0 0 0 24 73 48 0 0 0 0 0 0 0 0 0 0 0 0 0 0 0 0 0 97 0 0 0 0 0 0 0 0 0 0 0 0 97 0 0 0 0 0 0 0 0 0 0 0 0 0 0 0 0 16 0 0 22 2 0 0 0 0 0 0 0 0 0 0 0 0 0 0 
61 0 0 0 39 0 106 79 0 0 0 0 90 0 114 58 0 0 0 0 0 10 0 0 0 0 63 0 0 0 0 0 0 0 0 0 0 0 0 0 0 0 0 0 0 0 0 85 0 38 0 0 0 0 0 0 0 0 0 0 0 48 0 66 0 0 0 0 0 0 0 0 0 0 0 0 0 0 0 0 0 0 
36 0 142 0 116 130 0 0 0 103 0 0 72 0 66 0 0 23 82 0 60 0 0 117 129 0 124 38 0 71 83 120 64 0 0 165 67 0 0 132 56 52 45 0 0 82 0 3 0 19 80 0 164 0 0 82 79 151 129 123 126 96 31 0 37 127 0 0 96 158 0 120 74 0 0 61 25 0 151 0 0 100 81 0 40 0 96 22 102 0 79 0 0 117 0 0 0 0 0 0 92 0 2 67 114 0 0 88 0 0 0 0 102 116 0 111 0 0 9 0 0 0 26 0 63 0 0 0 68 0 0 76 0 20 0 0 0 0 0 57 0 0 0 0 5 0 0 0 0 9 10 0 29 0 0 0 0 0 0 0 0 0 0 
76 0 0 0 0 0 10 8 0 35 0 0 0 0 0 58 0 0 0 73 0 0 104 0 0 125 0 68 98 0 0 0 0 84 0 0 0 0 0 0 124 22 80 0 0 0 114 11 40 0 0 0 56 0 0 0 0 0 20 0 83 0 0 0 0 0 0 0 0 0 0 0 0 0 0 0 0 0 0 0 0 0 0 0 0 0 0 
124 26 106 14 0 0 0 0 0 0 0 0 0 51 0 0 91 68 105 110 127 0 0 0 0 0 0 0 0 147 0 0 0 0 0 0 17 0 65 0 0 0 0 0 0 106 0 0 41 0 61 0 0 0 108 0 0 0 0 0 103 0 0 0 0 0 0 0 0 0 0 0 0 0 0 14 0 0 0 0 0 51 0 0 0 0 0 0 0 0 0 0 0 0 0 0 0 0 0 0 0 0 0 0 0 0 0 
74 0 4 84 0 0 27 7 6 86 6 14 94 102 0 97 0 116 0 101 0 0 127 78 114 0 0 125 0 63 0 0 88 0 45 118 43 0 58 0 0 8 113 146 0 0 30 105 0 0 120 141 85 147 0 94 0 71 57 107 0 0 0 42 0 89 85 79 0 0 0 0 0 0 0 109 0 0 0 73 0 0 51 0 27 118 0 77 37 0 107 0 0 92 90 0 0 0 126 3 0 0 127 0 121 78 0 84 0 122 9 19 0 0 33 0 27 0 71 39 44 0 0 0 0 56 0 0 0 0 0 0 77 0 0 39 0 0 0 0 48 0 0 0 0 0 0 0 0 0 0 0 0 0 0 0 0 0 0 0 0 0 0 
73 0 97 0 0 39 19 0 0 0 0 94 0 65 60 0 1 0 0 117 0 57 0 0 0 49 0 0 0 0 0 0 0 0 0 148 0 0 118 0 40 0 110 50 122 0 0 0 0 0 0 0 0 0 50 0 0 0 0 0 0 0 0 0 0 45 0 0 0 0 0 0 0 0 0 0 0 0 0 
44 0 67 50 0 24 0 99 24 77 44 72 5 62 0 0 83 0 23 1 0 0 100 0 7 31 89 71 0 0 0 21 120 63 141 74 0 101 55 113 87 79 102 0 69 51 0 117 0 104 0 104 82 82 0 100 104 80 108 118 0 92 127 0 0 0 94 20 0 111 69 47 39 0 99 119 3 0 125 93 0 41 0 24 0 0 93 0 80 0 90 45 47 0 0 0 133 0 0 0 100 20 79 0 0 105 0 46 27 0 0 0 0 0 31 0 0 0 0 0 61 0 0 47 0 0 0 0 0 0 0 0 0 0 0 0 0 0 0 0 0 0 0 0 0 9 0 0 0 0 0 3 0 0 0 0 0 0 
68 92 0 115 140 0 0 143 96 66 130 86 0 57 62 148 96 0 0 0 0 45 0 16 0 0 0 31 140 143 0 56 0 0 85 109 0 0 92 99 0 0 87 0 160 96 0 0 59 67 0 97 17 0 67 111 124 0 0 91 0 0 27 0 0 0 0 77 0 0 0 26 43 125 107 157 0 119 31 0 0 122 0 0 72 0 78 39 104 0 0 0 126 0 0 0 15 0 0 0 0 0 14 22 0 10 0 0 0 16 99 70 0 0 0 0 47 0 0 59 0 0 0 0 20 22 0 0 23 0 48 0 7 0 0 6 0 0 23 0 0 0 0 0 27 0 0 0 0 0 17 0 0 0 0 0 0 0 0 0 0 
0 0 0 0 63 0 0 0 32 63 119 84 79 45 172 152 95 73 54 69 124 0 0 64 77 156 0 79 40 121 0 69 144 6 73 21 126 0 108 0 160 0 0 0 0 0 0 97 0 122 144 97 120 109 0 85 0 0 8 58 0 0 0 0 0 0 0 0 62 35 0 0 0 93 42 78 13 40 0 104 0 0 0 76 0 17 115 0 0 0 48 0 0 0 15 83 0 0 0 24 0 0 0 0 41 0 0 8 99 0 66 0 17 27 88 0 0 0 0 0 0 0 0 0 63 0 0 0 0 0 0 0 0 0 0 0 0 55 32 0 24 0 16 0 0 0 31 0 0 0 0 0 0 0 0 0 0 0 0 0 0 0 0 0 0 
0 108 0 143 91 26 3 0 39 136 0 0 0 113 0 122 100 0 67 49 101 54 0 0 94 72 101 107 134 57 46 5 0 0 0 107 83 0 83 92 0 48 0 0 16 35 80 0 22 107 114 115 81 106 38 0 0 2 0 9 0 102 0 109 5 126 0 103 0 7 0 102 0 0 106 12 38 42 56 0 72 55 121 82 0 92 0 0 90 0 0 77 60 0 101 110 73 0 71 0 0 0 104 111 0 96 0 56 0 45 0 0 7 59 41 0 46 0 17 0 0 61 0 0 0 43 42 0 0 0 0 0 0 2 0 0 0 0 0 0 0 0 0 0 0 0 0 0 0 0 
84 51 0 0 39 62 0 0 0 0 0 0 0 0 27 0 0 0 0 0 0 0 114 0 0 22 96 0 0 0 0 0 67 83 54 83 0 0 112 120 0 24 0 0 93 69 0 46 0 0 0 0 0 0 0 0 3 0 0 0 0 0 3 0 0 0 0 0 0 0 0 0 0 0 0 0 0 0 0 0 0 20 0 0 0 0 0 0 0 
16867 0 2283 0 0 0 4114 0 7696 14203 0 0 0 23117 10643 0 0 0 0 0 23334 21663 0 18215 6130 11355 0 0 0 0 0 0 0 11599 0 19138 0 7955 0 0 17948 0 0 0 0 0 0 3167 1859 0 21595 0 0 0 22297 0 0 0 0 0 0 10083 9666 22050 11656 0 0 0 0 0 16369 4567 0 9834 0 7927 0 0 0 22983 0 0 0 0 0 0 13703 15617 0 0 0 0 18136 7500 5361 5010 10066 0 9803 24462 0 3051 7644 13055 0 0 0 0 871 3106 19498 0 0 4113 0 0 0 0 0 0 0 0 0 24813 0 0 0 0 0 18311 0 0 22632 0 0 0 26279 0 12202 5856 0 22631 0 16182 0 0 0 20692 0 0 0 0 0 0 0 22893 14828 0 0 9110 0 0 0 0 24293 11317 24655 0 14937 8723 14024 21522 11953 0 13835 0 0 0 0 0 0 8348 0 6857 13272 0 0 0 0 23462 0 0 0 21204 0 0 0 0 15015 0 0 17890 0 0 0 0 0 18874 0 0 0 0 0 0 0 12670 0 0 22901 0 0 14272 6804 0 0 0 0 0 0 0 0 0 0 0 0 0 8218 0 17213 0 3752 22349 0 15888 0 9366 0 4354 0 2647 4667 0 0 2575 21192 0 0 0 11992 7605 0 0 0 0 24505 20244 0 0 0 0 0 22333 0 9629 0 0 0 0 0 2361 0 0 19530 20365 6330 0 9253 16168 0 0 6830 4213 0 12585 0 0 0 0 13276 2659 0 0 0 5653 0 19253 7117 17758 13491 0 0 8853 0 23850 9879 24338 9400 0 0 0 23148 0 0 0 0 0 0 21845 0 0 10490 11078 0 4457 0 8708 0 0 23224 0 20234 0 0 12856 14720 0 0 0 0 17595 0 0 0 0 0 7942 0 0 0 17816 0 0 20384 0 0 0 21023 21790 0 0 4188 26617 0 11610 17277 0 0 0 7892 0 2683 24239 0 0 0 16340 0 0 0 4418 29432 0 0 1862 0 0 5427 29342 0 3780 0 0 20656 0 0 22643 0 0 9069 18311 0 0 0 0 0 25529 0 0 22367 0 16102 14616 11813 20207 2990 10709 7189 0 0 0 1357 0 0 21383 0 0 3473 0 953 10527 6104 1569 0 0 0 0 21921 29545 0 0 0 6403 14346 23329 17448 3145 0 0 0 0 14229 0 22807 13562 9979 0 0 10050 0 20922 4515 6246 23500 3142 0 0 0 13631 474 6691 12355 0 2651 0 0 0 23063 0 0 0 0 24924 0 0 0 0 6716 0 0 0 0 16782 0 13562 10334 21724 0 20092 0 0 18462 0 0 25274 0 0 0 0 0 0 0 0 8822 22868 14827 6660 0 0 0 11888 0 19331 0 0 0 12348 6527 0 0 19648 0 21347 0 941 24436 0 20732 10207 12597 0 0 3689 0 8338 0 0 0 0 0 0 24270 0 24796 0 0 4299 19612 21383 0 21619 0 0 0 17509 0 0 0 3204 2763 13125 0 13091 0 0 0 0 0 0 0 0 0 0 0 0 0 0 16047 0 0 0 6349 0 0 21535 0 0 0 0 21541 1836 0 0 0 0 0 0 8557 0 0 21048 0 0 0 0 0 23945 0 0 0 0 0 20612 0 0 0 14683 0 2076 25388 0 0 20928 22838 0 0 0 0 0 11522 3894 0 0 0 0 0 0 0 0 16868 0 12071 0 18576 23189 10318 0 15984 0 14703 0 0 0 23660 0 0 0 0 0 0 0 15504 26107 0 17166 0 13391 0 0 0 0 0 0 4102 0 0 0 0 0 0 0 5923 0 3753 0 0 0 0 0 19665 6338 0 23303 0 0 0 0 0 0 9808 0 0 12859 22059 0 0 12693 0 21293 0 0 0 0 11971 0 0 0 4526 0 0 1260 0 0 0 19365 0 0 17141 0 0 0 0 0 7171 0 15154 0 0 0 0 11517 0 0 17667 0 0 0 13503 9897 0 0 14101 0 0 0 2937 0 25700 8591 2270 0 6653 0 0 5339 0 0 0 0 18488 5306 19973 0 7700 11096 0 0 13261 0 0 0 9676 0 0 0 0 0 0 20755 0 15672 0 0 16058 0 0 0 0 0 0 7555 0 0 17967 0 0 0 18662 0 17628 0 0 0 0 0 7281 0 0 0 0 3757 0 0 0 0 21834 0 0 8267 0 0 0 0 0 0 0 0 0 0 0 0 0 0 0 0 0 0 0 0 0 29056 0 0 0 0 0 6486 0 5219 0 0 0 6276 16309 0 0 0 943 0 11128 24395 9893 0 0 392 0 0 0 0 7049 0 0 19214 0 0 8366 0 26624 0 0 0 19622 0 0 0 15290 0 0 0 0 9566 0 22861 0 0 14349 16857 0 0 0 22817 26132 0 0 9369 0 0 0 0 0 0 0 0 0 10867 0 0 0 0 4175 26721 0 0 0 0 0 24820 0 0 0 0 0 0 0 0 22967 18800 0 21314 0 0 17572 0 22634 0 1439 11702 0 153 24322 0 0 0 0 11084 10028 0 0 6619 24458 0 0 0 12512 0 0 0 0 0 7921 0 0 18930 0 0 0 0 0 0 0 0 3342 0 0 0 0 0 836 0 0 0 13469 0 0 0 20172 0 0 23548 0 22404 0 32584 0 0 0 0 5203 22208 5978 0 0 14766 0 0 0 0 23575 2169 0 23665 0 0 10356 7192 14798 0 0 0 0 0 0 0 18128 17850 0 0 0 16598 0 18371 0 0 0 13866 0 0 0 9163 0 0 0 0 18389 0 14153 0 0 0 0 22953 0 0 0 13121 21502 0 0 0 0 0 0 24255 19768 0 0 0 0 0 0 0 0 1302 0 0 0 25708 10997 21319 26436 0 0 10455 0 21163 0 0 10878 0 0 17996 18606 0 0 0 6159 0 6710 0 20017 0 0 0 0 0 7223 5048 15444 0 0 0 18755 0 0 0 0 0 0 0 0 0 0 0 24575 0 0 20922 2210 5692 0 0 0 13857 0 0 0 0 5760 10637 0 0 0 0 0 0 3088 0 0 0 0 0 0 0 0 15942 0 0 7338 0 538 0 0 0 23125 0 0 0 1938 0 0 0 0 19833 0 0 9018 0 0 0 0 0 0 0 0 0 0 0 0 0 0 0 0 0 0 3435 0 0 0 0 0 0 0 0 0 0 18568 5704 0 0 6967 4469 0 17838 0 21348 0 0 0 0 0 0 0 0 0 0 0 23347 26947 3669 0 0 10916 0 0 0 8893 0 15134 13664 10879 0 23204 14570 0 24467 23772 0 0 0 0 0 0 0 0 0 23649 0 0 0 0 7069 23548 0 0 17045 12229 0 13388 0 20024 0 18022 23010 0 0 0 0 3612 0 9070 0 0 0 0 0 0 0 13974 0 0 0 11932 0 0 5439 0 15987 0 0 0 24669 0 0 0 0 0 1499 0 0 0 0 0 10397 0 10652 0 9065 0 0 363 0 0 0 0 0 0 0 0 16085 19162 9140 0 0 0 11299 22861 0 0 0 0 13355 4077 13344 0 0 24144 0 0 14919 0 0 0 15394 0 0 0 0 11083 24221 0 0 26681 0 0 0 0 19964 1215 0 0 0 0 0 0 8212 0 23401 0 0 0 0 0 0 0 0 4163 0 0 0 0 0 0 0 0 12196 11957 0 0 0 0 0 10771 0 0 0 16738 0 0 16510 0 0 11824 0 0 0 0 0 0 0 0 14810 0 0 0 0 9923 0 0 0 0 9646 0 6204 19174 0 0 0 0 0 4447 0 0 20988 0 0 19862 19823 6915 0 0 0 0 0 9429 14397 0 11911 0 0 11699 0 0 0 0 0 7292 21435 0 0 0 22398 0 8042 0 0 0 0 0 0 0 18602 0 0 0 0 0 10186 23378 10887 25119 0 0 0 12303 8738 0 0 0 0 0 0 0 0 0 24177 8532 0 0 4637 29788 0 0 16048 13719 0 0 0 0 0 11967 0 0 0 0 0 3660 0 0 0 1831 0 0 773 0 0 0 0 0 1774 0 0 0 0 0 14672 0 0 12640 25118 0 21364 0 0 0 17374 0 0 14306 0 0 0 0 0 0 0 0 0 0 15631 0 0 4558 0 0 23059 0 0 0 0 0 0 7734 0 24758 0 0 0 0 22473 0 6893 0 0 0 4958 0 0 0 0 0 0 14236 5157 0 0 0 0 0 0 0 2599 0 0 0 4618 11674 0 0 20779 0 0 0 0 19572 0 0 0 0 0 0 0 0 0 19291 0 0 12081 0 0 0 0 0 0 0 0 0 5778 0 18224 0 0 4950 0 14366 0 0 0 0 0 16592 17342 19845 22552 1047 24742 23789 15988 20580 24787 0 0 0 0 9962 0 0 5590 0 0 0 7388 0 0 7080 8569 0 16450 0 0 0 0 0 0 0 0 0 0 0 0 0 3076 0 24561 21597 0 0 0 0 0 9426 13639 0 0 0 0 0 0 29006 0 22933 22387 0 23666 13213 4507 20528 0 0 0 0 23570 0 0 0 0 0 0 0 6584 6675 5329 2491 0 0 0 0 0 5666 0 0 0 0 0 1082 15144 0 4566 22184 0 0 10821 19412 0 20760 6184 0 10967 0 6068 0 10508 24977 0 16200 21426 13583 0 19843 2739 0 0 0 7906 15294 0 0 13299 0 0 0 0 6943 11035 0 28613 2779 0 0 30605 0 0 0 6964 0 0 0 0 0 0 0 0 17502 0 0 0 16015 0 0 0 0 0 0 3375 14549 0 0 0 0 22972 17177 0 15854 0 0 16104 2148 0 0 0 0 13540 0 0 13000 0 0 0 14056 0 0 29100 0 0 0 0 0 0 0 0 6697 0 0 0 19190 0 0 23129 26913 0 0 8840 19318 15521 0 0 8104 0 18158 0 0 0 16000 7668 1945 0 0 0 0 0 0 715 11034 0 0 0 0 0 0 21243 0 0 0 10696 0 9010 0 0 0 0 0 0 0 0 5074 0 7717 13645 13927 0 20417 0 9412 0 0 0 0 0 0 0 21650 0 0 0 18108 0 0 0 18470 0 0 0 0 8022 19429 0 0 0 13801 29580 0 16671 0 0 5791 0 14632 0 0 0 0 0 6391 0 0 0 0 0 0 23980 27227 17182 0 0 0 0 0 0 18647 0 0 0 0 20760 0 1713 5024 0 8484 5919 0 0 0 18132 0 0 0 0 0 24375 0 4950 0 0 0 0 0 23018 0 0 0 0 19227 0 0 0 0 32502 0 0 0 15156 0 19757 0 0 0 0 0 0 0 0 0 0 7390 0 0 19751 36460 0 11299 24298 0 0 0 0 0 0 18939 8526 18375 10952 0 0 7744 0 0 0 3545 0 0 12894 0 0 0 0 0 0 7970 0 0 0 0 15497 0 0 0 0 21814 0 21666 17284 0 0 0 0 0 0 0 0 5192 0 19602 0 10982 0 0 12823 0 6860 20276 15347 0 0 0 0 24452 0 17005 29689 0 0 0 8852 2981 19033 0 0 23822 0 0 1104 0 0 0 0 0 0 0 0 0 0 0 21193 0 0 24163 0 995 0 0 0 0 0 0 0 0 0 0 25197 0 0 0 0 0 0 0 5583 10518 0 0 0 23932 0 18252 0 0 8516 30869 0 0 0 9129 0 21008 0 0 0 0 0 0 0 0 0 0 20369 0 0 0 5138 0 0 10120 3265 0 0 0 0 0 0 7473 0 7230 0 0 0 0 32297 0 0 0 0 0 0 0 9237 0 0 0 0 0 0 5749 0 0 0 0 0 0 7356 0 8784 6468 0 0 0 0 0 0 0 0 0 0 0 0 0 9129 0 21644 0 24165 0 0 4983 0 0 22062 0 0 0 0 9588 0 0 0 0 0 0 0 0 0 0 0 0 4334 31557 0 0 7884 0 0 6893 0 0 0 0 0 4755 0 0 0 0 16495 1994 10240 0 0 0 0 0 0 0 0 2235 0 0 9690 4668 0 0 15958 0 0 20448 0 10292 0 0 0 0 3212 6236 0 0 0 0 11955 0 0 0 124 0 0 0 0 14698 3314 23149 34908 24724 0 0 0 0 0 0 0 0 20126 13571 6479 20787 0 0 0 11820 13031 11790 0 0 0 0 19018 0 10504 677 11608 0 0 17720 0 13003 20074 0 0 0 0 17753 0 0 0 15595 0 0 0 24611 0 0 8232 12420 0 0 11973 0 0 0 0 12988 22410 0 0 13694 0 9608 23079 0 0 17679 7043 7114 0 0 0 0 0 0 0 0 0 0 0 0 21352 0 0 0 0 0 2613 31833 0 0 16798 0 2763 0 21643 16177 15683 0 0 0 23047 0 18158 0 17647 0 0 13304 19608 0 0 0 0 0 0 19901 0 6619 0 0 0 0 0 6691 0 0 0 0 0 0 0 0 0 0 0 0 0 0 0 0 0 0 0 0 0 0 0 0 0 0 15097 0 16892 22288 0 0 0 0 0 0 23447 0 0 0 2122 0 0 0 0 22880 0 0 0 0 0 0 0 0 0 0 0 22965 12996 0 0 0 0 3751 0 0 0 0 0 0 14870 0 15431 0 0 23602 13482 11738 27623 0 0 13485 769 0 0 0 22132 10278 14418 0 15197 7941 15916 8720 20857 6811 12919 0 0 0 7726 0 24771 0 0 0 22449 7605 21059 20264 11760 0 17755 0 0 0 0 0 0 12791 19728 0 0 0 0 9288 0 0 21710 0 0 6054 1944 0 0 0 0 0 0 0 12050 0 0 0 0 20833 16431 0 0 0 0 3508 10715 0 0 0 17305 19567 8556 0 0 0 0 4797 18455 31987 0 16834 23653 0 21655 13479 0 20715 0 15694 1144 0 0 0 0 36495 0 0 24724 0 0 0 0 0 22836 13523 0 26321 0 0 28470 0 0 0 24763 0 16497 0 0 0 24371 0 0 0 0 7626 15214 0 0 19775 0 0 7368 0 0 0 5100 0 18375 4704 18419 5696 11357 0 16350 0 26501 965 0 0 0 0 0 0 0 0 14007 25174 0 0 6855 0 0 0 0 23234 20694 0 0 0 0 0 0 0 23705 0 0 13288 0 0 0 0 7531 0 0 23619 0 8912 12577 21375 0 0 0 0 0 0 0 0 17200 24243 3019 0 15139 0 0 26035 0 0 8244 21951 0 0 0 0 0 0 21377 0 0 0 0 22417 17812 0 14746 14559 26457 0 19346 6989 0 14541 0 0 0 0 0 0 0 0 12916 0 0 0 0 0 0 15094 0 0 0 0 0 0 0 18090 19661 0 0 0 2411 4740 0 9087 21974 9690 16802 0 0 4964 0 24794 0 0 0 0 0 0 9507 0 0 0 0 0 19395 0 0 0 0 0 0 0 1271 16660 18616 9139 0 0 11890 0 0 25388 0 9811 0 0 19540 18388 0 0 22210 29213 0 0 0 0 0 0 0 0 10803 0 0 1637 0 0 11934 0 0 0 0 0 0 0 0 15029 9 0 0 0 12655 13904 0 0 0 11507 25262 14493 0 0 0 0 8151 0 3008 0 0 0 0 0 21210 0 0 0 0 0 25441 0 0 0 10477 0 0 0 0 0 4209 0 0 19727 0 1958 0 0 0 0 762 18173 0 0 23231 0 15006 0 0 0 14833 0 0 0 0 0 0 0 0 0 0 0 15574 0 0 13824 0 11233 4773 0 21008 9167 0 0 0 0 0 0 0 0 0 20910 9825 0 27374 0 0 0 0 0 0 0 0 24449 0 7930 0 19412 22300 0 0 0 21487 0 1621 0 8780 0 8825 9722 787 0 0 22364 10534 0 0 5151 0 0 21467 0 0 0 3444 12893 0 24889 26567 0 8774 0 0 0 12746 0 0 0 0 13141 0 0 0 0 2660 0 9737 0 0 0 12098 0 12797 0 15977 0 0 0 7095 0 0 17969 16043 19665 0 24919 0 0 0 0 0 0 0 0 0 21061 0 0 0 0 0 22897 9325 0 1455 8424 0 15008 10249 0 0 0 0 0 0 0 0 16952 13177 0 0 16079 2212 10938 19821 0 0 0 0 0 0 0 15537 24018 0 6153 0 14940 0 0 0 22047 0 0 0 0 0 0 0 0 0 0 14826 0 12076 0 20115 0 0 0 16867 0 7614 0 0 0 0 0 0 0 0 7719 11733 23175 0 0 0 0 0 20670 23824 0 0 0 0 0 0 0 0 0 6267 21143 24489 2679 18898 0 0 21196 0 0 0 0 0 23724 0 0 12767 28864 24816 16789 0 0 0 0 0 0 0 0 0 0 22501 3408 0 0 0 30109 0 0 0 21215 0 0 0 13193 0 0 0 0 0 16343 0 0 9222 0 0 0 0 9115 0 21387 0 0 0 0 22742 0 0 0 0 20937 0 15047 0 0 158 0 0 0 0 0 0 0 0 0 0 0 12995 17115 0 0 0 0 0 0 16895 6018 0 10499 0 0 0 0 0 0 13314 0 0 0 0 0 0 0 0 0 0 0 0 0 11692 0 16135 0 0 0 16633 5319 0 6150 0 0 0 8620 0 0 21753 0 0 19449 10205 0 5601 0 0 12814 0 0 0 0 0 19451 10968 8553 0 0 0 13768 0 0 0 24246 9804 21949 0 0 23271 0 21738 18731 0 10904 0 0 7297 9778 0 0 0 0 21760 15163 0 6678 14517 4339 0 0 0 0 0 0 0 0 0 0 17682 14857 0 23734 0 0 7382 0 0 0 0 19771 26904 24025 0 0 0 0 27938 0 0 11084 24236 13912 0 0 23807 0 0 0 0 0 0 0 0 0 18710 0 0 0 0 0 0 0 7999 0 9858 0 0 0 12855 5641 0 0 0 20482 0 17086 0 0 0 0 0 1669 0 0 14395 0 2354 27833 0 0 0 0 3849 0 726 0 0 20117 0 0 0 12586 0 0 0 22654 0 23214 18928 0 0 0 1204 0 20445 0 0 0 21440 0 0 0 0 0 3859 0 0 0 10418 0 0 12406 0 0 0 0 0 19283 0 0 17224 0 0 23459 0 13241 0 8452 23733 0 18769 0 5696 0 0 0 843 13123 8789 0 0 9266 0 0 0 0 23672 0 0 1611 24534 0 0 16270 0 21793 0 0 0 0 0 10254 697 0 0 23498 361 20607 0 22939 33049 17581 0 27734 0 0 0 0 18749 17378 0 0 2627 0 0 0 0 0 0 0 0 0 0 0 0 0 0 24481 0 0 0 25654 0 0 0 16629 0 0 22232 0 0 22516 21702 0 0 0 0 18354 0 27734 0 0 995 25201 24548 0 0 0 15270 9952 0 0 19989 22382 0 0 0 0 0 13806 24996 0 0 2230 0 0 0 0 8388 0 0 0 14484 13360 0 0 0 0 0 18970 0 1863 16953 0 10153 0 0 0 0 0 0 0 0 0 0 13859 16910 0 0 0 0 0 0 0 12966 0 0 0 0 9582 0 23374 12076 13699 0 0 14412 0 0 0 0 22468 0 0 14781 0 0 0 0 12429 0 0 0 0 0 0 0 0 0 5085 0 0 0 0 0 0 0 0 0 17655 20403 0 0 0 15525 0 23831 22288 0 0 0 21534 0 0 0 0 0 0 0 28774 0 0 0 12573 0 0 0 13283 0 0 0 0 0 0 0 0 5462 0 2322 0 0 5914 22839 0 0 0 0 0 0 17274 0 17738 20698 26770 0 0 0 0 2658 0 0 10486 0 0 0 0 0 0 0 23304 0 24181 0 0 0 0 19113 0 19527 7891 0 0 17980 24615 0 23003 0 0 0 0 0 14903 0 0 0 16227 22381 22148 25081 0 0 0 0 0 0 0 0 11985 0 0 14162 13600 13509 0 15948 9567 11405 0 0 0 0 0 20778 0 0 0 0 6199 5623 0 18388 0 0 19983 0 0 0 4804 0 0 0 0 6457 0 20630 0 22255 0 0 0 0 0 0 0 0 21760 0 0 0 17643 0 0 0 0 0 0 2046 0 0 0 0 19245 0 0 23967 27818 0 0 0 0 0 0 3278 6244 0 0 0 13497 0 0 0 0 0 20430 0 24882 23381 0 0 0 0 6266 24248 0 13987 0 0 21129 0 0 0 0 11382 27300 0 0 0 0 0 0 17294 0 13067 0 0 0 0 18593 0 18720 25170 0 0 15219 0 0 5278 0 21817 0 0 11604 17602 7856 0 19333 0 0 0 0 8460 16802 0 17258 0 0 0 18663 22454 7062 0 0 0 0 0 0 21538 0 0 0 0 0 0 0 0 0 0 0 23534 0 0 0 0 11431 0 23935 17131 0 0 0 0 0 0 0 0 0 0 10350 0 0 0 0 0 22591 0 0 0 0 0 0 0 9407 0 0 0 0 0 0 0 0 0 0 0 0 6726 0 0 0 0 20251 17424 15213 0 0 0 0 18868 0 0 0 0 0 0 0 0 0 0 0 0 0 0 18867 5116 23889 0 0 0 0 0 0 22091 27854 0 0 0 0 2126 0 0 0 0 0 0 0 13633 2307 0 0 13987 0 0 0 0 13559 0 0 0 22414 0 22941 10501 0 0 0 24095 0 0 0 0 0 16315 0 0 0 0 0 0 19018 0 0 20013 0 0 0 0 0 0 4927 0 19770 0 0 21083 18756 0 0 0 16627 0 0 0 25450 0 0 0 0 32214 20761 0 0 0 0 0 15339 0 21939 10770 0 13807 0 0 15391 0 0 0 0 10452 0 0 0 10120 0 0 18625 0 0 12625 0 0 10906 33784 0 0 0 0 0 0 24014 0 0 0 18970 0 0 13929 0 0 0 0 10290 0 0 0 0 0 0 13189 0 0 0 0 0 0 13639 0 0 0 0 0 0 0 8781 0 0 0 0 0 0 0 10243 0 0 0 0 0 0 24863 0 0 0 0 17904 0 0 24791 0 0 2288 0 0 0 0 0 0 25829 0 0 0 24075 11565 0 23070 0 0 0 0 0 0 0 0 0 0 0 0 16678 0 0 13813 0 6434 5658 0 12897 0 0 9105 0 16065 0 0 0 14846 0 21397 0 0 4497 0 0 18399 0 0 0 0 21853 22214 0 0 12779 19612 0 0 18194 11785 0 7781 16379 5069 0 0 2774 0 0 0 0 0 0 0 24812 0 0 0 0 0 0 0 0 0 0 0 0 0 0 15999 0 0 0 7569 0 0 0 0 0 0 23111 0 0 29058 0 0 13472 0 21286 0 0 0 0 0 4021 15388 0 14686 0 0 0 0 0 0 0 0 20671 0 0 0 0 797 0 0 9626 17772 0 16721 0 23046 18868 17194 0 0 4336 0 0 6938 0 0 0 0 0 0 20482 0 0 0 0 564 0 0 0 0 0 20055 0 0 0 0 0 0 0 0 19062 19203 0 0 0 0 0 0 0 0 0 0 0 6516 23261 17462 18232 0 0 0 19973 0 0 0 11169 0 0 0 29152 0 0 0 0 0 16556 0 0 0 0 0 0 899 0 0 0 3241 0 0 0 0 14329 0 0 24311 19982 0 0 0 0 0 0 0 11894 0 0 0 0 16011 15672 23196 0 0 0 10063 16920 0 8249 0 0 0 0 0 0 0 0 0 1759 0 0 0 0 0 0 31338 0 0 23918 0 0 0 0 0 0 0 0 0 0 2047 24138 24290 0 0 24627 6985 0 0 0 14525 0 0 0 0 0 0 30151 10176 0 0 0 0 0 12289 0 6621 0 15641 0 0 0 0 19071 0 0 0 0 0 0 0 0 0 0 0 0 0 21535 8433 0 0 19880 28643 0 0 3783 0 19478 0 0 13105 0 0 17271 0 12757 5380 18363 23011 0 0 0 0 0 0 0 0 0 0 0 0 0 0 0 0 0 0 0 0 0 0 0 0 0 0 11922 0 0 24459 0 23098 0 0 0 12570 17907 0 0 13431 25595 4502 0 0 0 0 0 13608 0 23737 0 0 15733 0 0 0 15909 0 0 19798 0 0 21537 0 19908 0 0 0 0 0 16142 0 3208 29964 15228 0 0 0 0 13302 0 0 0 11510 665 0 0 0 0 10263 17610 0 5378 0 0 0 0 0 14512 0 4143 0 0 0 24613 0 0 0 0 0 24541 0 18243 24226 0 0 0 0 0 0 4353 19560 5981 0 0 0 0 4749 0 0 0 0 0 0 0 0 0 24958 0 0 0 0 0 20472 28033 0 0 0 21206 22896 0 0 24779 0 0 1726 0 0 0 0 14699 0 0 20455 0 0 23533 0 0 0 12938 0 0 0 0 0 0 0 0 0 0 0 0 0 14984 19674 0 0 0 0 0 15723 0 11381 0 26669 0 0 0 20110 11396 15928 0 11762 4598 0 0 0 0 9778 0 0 9253 8149 0 0 0 12906 0 0 0 17812 0 0 0 0 13263 11093 0 0 0 20680 0 297 0 12501 0 0 6099 0 0 0 0 0 23525 0 18949 0 6503 0 0 11647 24348 0 0 0 1700 5861 0 0 0 0 0 0 13664 0 0 0 10789 23520 0 0 21904 0 0 0 0 0 0 0 3427 0 0 22420 0 0 0 0 0 0 0 0 0 0 22309 21658 16089 0 16461 0 0 0 0 0 0 16941 0 0 0 14462 0 0 0 0 0 0 0 0 0 22 0 0 0 22383 0 23581 0 0 0 0 6247 0 0 21358 0 0 0 0 0 0 0 0 0 0 0 0 1422 23156 0 0 0 0 0 0 0 0 0 0 13480 0 0 29785 0 0 0 7811 0 19734 0 0 22884 5795 0 23862 0 0 0 0 5853 0 0 0 0 0 0 0 17475 0 0 13680 0 15722 0 19290 0 0 0 0 13242 0 0 0 22217 0 0 0 0 0 0 0 0 0 0 17551 0 0 0 0 3316 0 0 0 14791 0 10856 15323 0 0 0 0 10212 22604 14090 0 16047 8589 0 18939 0 22330 0 0 0 0 0 0 0 0 0 0 0 21512 0 0 0 0 0 3323 20545 0 0 0 0 0 0 23490 0 5228 0 0 24670 3505 0 6072 0 0 0 0 0 0 0 0 0 0 0 0 0 2989 0 0 0 0 16095 0 15807 0 0 9353 0 0 0 0 6236 0 0 0 22611 14594 0 0 29955 0 0 0 21204 0 1214 0 0 0 17866 0 0 2102 0 0 0 0 0 4630 19200 0 0 0 0 0 0 0 16780 25028 0 0 7827 0 0 0 0 27463 0 0 0 10356 20279 0 0 0 12451 0 0 0 0 0 0 0 0 0 0 0 0 4037 0 0 0 7756 0 0 0 0 0 0 0 0 0 0 13553 0 0 0 0 0 0 0 20604 0 0 0 0 17100 0 0 0 0 0 0 23417 0 0 0 29230 0 25399 0 22692 0 18495 30401 0 6842 0 0 0 0 0 30406 0 0 12299 5437 0 0 10716 25934 0 0 0 0 0 0 14647 1796 14958 0 0 0 0 0 0 0 0 0 0 0 0 0 0 0 0 0 13223 0 0 0 0 0 6024 18910 0 0 0 0 0 21544 0 0 0 13567 0 0 0 0 0 0 0 0 0 0 6000 13459 12147 0 0 0 0 23180 0 0 0 0 24287 0 0 13224 15191 0 0 0 0 22187 0 0 0 0 0 0 0 0 8052 0 9308 0 0 0 0 0 0 0 0 21234 0 0 0 716 0 0 0 0 0 0 0 0 0 0 18830 7350 0 22065 0 0 0 0 0 0 0 0 0 17661 0 0 0 0 0 13209 0 0 26470 0 0 20227 0 0 0 21997 4056 0 0 9436 0 19086 0 0 0 23358 25997 0 0 26330 0 0 0 24068 0 0 19365 0 15499 0 0 0 0 0 20000 0 0 22980 0 0 0 0 0 0 18709 0 0 16115 0 0 0 0 0 0 0 0 0 31602 22693 0 0 22936 0 0 0 0 0 0 0 0 0 0 15618 0 0 0 0 0 0 0 6978 0 0 21847 0 0 0 7928 0 0 8179 0 0 16403 19533 0 0 0 423 0 24498 0 0 0 0 0 0 24480 0 0 23072 0 6228 0 20009 22270 0 10931 0 0 0 0 17322 0 0 0 0 0 0 22165 0 0 0 0 20764 0 0 0 0 17453 0 0 23813 4274 17489 8133 0 4657 0 0 17159 23724 3038 0 0 0 0 0 0 6919 0 0 0 21775 14678 0 0 21449 0 0 0 0 0 17616 0 19579 0 0 0 23790 0 0 0 2909 0 0 0 20926 0 0 0 0 23063 14574 0 0 0 21959 0 0 0 0 2960 0 0 16368 0 0 0 17494 10538 0 0 0 0 0 0 0 0 10125 0 0 0 0 0 0 0 4062 0 0 1556 10856 0 0 0 0 0 0 0 0 13194 0 0 22473 16654 20178 24636 0 11755 0 0 0 0 17590 0 0 0 7655 0 2863 17749 0 14974 0 0 20159 0 0 17929 0 0 0 14911 23119 0 0 0 0 0 0 0 0 0 0 0 18400 22153 16999 0 0 0 11726 0 0 0 0 0 0 16015 0 0 16893 0 0 0 0 0 0 0 0 0 0 0 0 0 18180 15918 0 0 0 0 2357 0 0 0 0 0 0 0 0 0 0 0 0 0 0 0 0 17976 0 0 19917 0 0 8066 0 0 17020 0 0 0 18378 0 14003 0 0 16163 0 0 19020 0 0 0 0 17889 0 14965 19281 0 0 0 0 19175 0 0 0 0 0 0 0 0 0 12277 0 0 26831 24874 787 0 0 0 21344 0 0 0 0 0 0 0 0 0 0 0 0 0 0 0 0 0 0 8700 21054 0 0 21100 24818 0 0 0 23181 0 748 0 0 0 3860 23570 0 0 0 0 24354 0 0 0 0 498 0 0 18328 0 0 18892 17314 16175 0 0 22737 0 0 0 22780 0 0 0 0 0 10864 0 0 23434 0 0 0 0 16579 12110 0 3970 0 0 0 0 0 26477 19943 0 0 0 0 0 0 12406 0 0 0 0 0 0 16091 0 19401 0 0 0 0 0 0 0 11366 22504 0 0 0 0 0 0 0 20611 22763 0 4269 0 0 0 0 0 0 0 0 0 0 0 0 0 16334 0 0 19974 0 0 0 0 0 16395 0 0 0 0 0 0 0 0 17708 0 0 0 0 0 16620 0 0 0 0 0 0 0 0 20073 0 0 0 0 0 0 14938 0 0 20347 0 0 0 0 0 24289 0 0 0 18789 0 0 1036 3546 0 0 0 0 0 0 0 0 0 11549 0 9601 0 0 0 0 0 31906 0 0 17962 0 0 0 3504 0 0 16402 0 0 0 0 2738 0 0 0 0 0 0 0 0 17807 0 0 0 5210 0 0 20344 22761 0 0 0 0 0 0 0 24980 0 0 23223 2681 19281 0 0 0 0 0 0 0 0 0 0 0 0 0 17909 0 0 12730 0 0 0 22676 0 0 0 0 31868 0 18684 0 0 0 19966 0 0 0 11374 0 0 18245 0 22734 0 0 0 0 7865 0 0 21751 23242 0 0 0 0 0 0 7840 0 0 0 18746 20345 0 0 0 0 0 0 4781 0 23085 0 0 0 0 0 0 0 17625 0 0 19673 0 0 21765 0 0 0 0 0 0 0 0 19383 0 0 0 0 0 0 0 680 16243 0 0 17391 0 0 16681 28897 0 10182 0 5345 0 0 0 0 0 0 22057 0 0 13170 17894 0 26544 0 0 0 0 0 9350 0 0 0 0 0 0 0 0 0 15351 18346 0 4013 1496 0 0 0 0 0 20275 7445 0 23344 0 0 13505 0 0 17655 0 15575 0 0 7730 1302 11215 0 21691 0 0 15904 0 0 0 0 0 0 19154 23446 0 4989 0 0 0 0 0 0 0 0 0 0 0 0 0 0 0 0 0 9941 0 0 0 0 0 0 0 0 24698 0 0 0 18166 0 0 0 0 0 0 0 0 0 0 0 0 0 0 16824 8917 0 7507 0 0 0 0 0 0 0 0 0 14690 0 29318 0 0 0 0 0 0 0 0 0 0 19839 0 0 0 3713 55 0 0 14347 0 0 30801 0 0 0 20550 0 0 17640 10213 0 0 20736 0 0 0 17572 0 0 0 0 0 0 333 0 0 17720 0 0 0 0 0 0 0 7406 16745 9215 0 0 0 0 5660 0 0 18679 0 0 0 23092 0 12806 0 0 0 0 0 0 0 0 0 0 0 0 0 0 0 23373 0 0 17096 0 0 0 11361 0 0 0 0 21873 10181 0 7405 0 0 0 21368 0 0 0 0 22626 0 0 0 0 0 0 0 0 10286 0 0 0 5951 0 8744 8518 0 0 0 0 16678 19565 0 0 0 2919 0 0 0 9081 0 0 0 0 0 0 0 0 0 0 0 0 0 12308 0 3880 0 0 0 0 0 11571 20970 0 0 0 6169 0 0 5529 0 0 0 0 0 0 17578 0 0 0 0 0 0 0 0 1394 0 0 0 0 0 0 0 0 0 4421 0 0 4820 0 0 21337 16567 0 0 0 0 0 0 0 0 15533 0 0 17665 0 0 0 0 10500 0 0 0 10603 0 0 11327 0 20227 0 0 0 0 0 0 14934 0 0 21232 0 0 15603 0 0 415 0 0 0 0 0 12338 16221 3640 0 9661 0 0 0 7965 0 0 0 0 0 0 24943 0 0 24274 0 0 0 0 0 0 0 0 0 0 0 0 27635 0 0 13337 0 0 0 0 0 18033 23349 0 0 7353 0 0 0 0 23468 0 0 0 0 8150 0 0 0 0 0 0 38 0 0 0 0 0 0 0 0 10437 0 0 0 0 0 0 21909 0 22631 0 0 0 0 0 0 20131 0 3309 0 7619 0 7382 0 1014 0 0 0 0 0 21108 0 0 0 0 0 0 0 0 18830 24771 0 0 0 0 0 4791 24793 0 18075 0 0 24491 7064 22770 0 14141 0 0 0 10545 0 0 0 2633 0 0 0 0 0 0 0 0 19912 3396 19488 0 5044 0 0 0 0 0 11565 0 1155 0 23739 0 0 20399 0 0 0 0 23961 23224 10339 8606 0 0 0 0 13520 0 0 0 0 0 0 5564 24117 20405 9387 0 0 17644 0 28319 16708 0 0 0 0 0 0 0 0 0 0 0 0 9283 0 0 0 0 0 0 17071 20879 21180 4877 12575 0 0 0 0 0 0 0 12836 0 0 8600 0 0 0 0 0 0 0 0 0 0 0 0 0 1114 0 0 0 23928 0 0 0 10263 0 0 0 0 0 0 21673 0 11984 22648 0 0 0 0 12836 0 12013 0 0 0 0 0 0 0 0 0 0 0 2276 0 0 21368 13512 0 6926 0 0 17734 0 0 0 0 0 0 4799 22058 15941 14459 0 0 0 0 0 0 0 13393 0 0 0 0 8302 0 0 0 0 1803 0 21710 10533 0 0 8864 0 0 0 0 2453 19176 0 0 0 0 4014 23942 0 0 0 0 4588 0 0 20620 0 0 0 0 0 0 9395 0 0 0 0 0 0 0 9318 19873 26434 0 0 0 0 0 0 0 0 0 0 0 0 10253 21608 0 0 0 0 0 16248 0 0 0 1292 14658 0 0 0 6796 86 22024 0 0 24753 25308 0 0 20941 0 22196 24841 3239 0 0 0 0 0 0 6979 0 16638 0 0 0 0 0 0 0 2138 0 0 0 18709 27861 0 0 0 0 19826 0 0 2107 0 0 15593 0 0 0 0 21044 0 0 209 0 0 0 0 0 0 12576 0 9264 0 0 0 1937 0 0 0 0 0 0 0 0 0 0 0 0 0 0 0 20384 5679 12636 0 0 0 28490 14514 12288 0 0 0 0 0 0 12888 21821 0 0 0 0 0 3529 0 0 0 0 0 0 0 0 8668 0 4529 1672 0 0 3938 0 0 16364 0 0 0 0 0 1906 0 0 0 0 0 0 0 0 0 0 10615 0 2091 0 0 0 0 0 0 0 0 0 0 0 0 0 0 24603 0 0 0 22197 0 2849 0 0 19239 0 0 0 0 0 0 0 4271 3745 0 0 0 0 0 0 19196 0 0 0 0 0 0 16105 0 0 0 0 0 0 0 3248 0 0 0 14458 0 0 0 0 17051 0 0 0 0 5891 23445 0 0 0 0 0 24514 0 0 0 0 0 0 0 0 22472 12635 20925 0 0 0 0 8444 0 19380 0 0 0 0 0 0 6712 0 11138 0 0 19558 7985 0 0 0 0 0 0 24531 0 0 0 18265 0 0 19448 0 0 0 0 0 0 0 0 0 0 0 0 0 0 21233 0 0 0 0 0 0 0 14200 0 0 10501 0 0 0 0 0 0 0 0 0 0 0 0 0 15036 0 0 19561 0 0 0 14520 0 0 0 0 0 0 22784 0 0 0 0 0 0 14011 0 0 0 0 0 0 0 0 0 14789 0 0 24106 7092 0 0 0 24529 13035 0 0 0 0 0 0 0 8165 0 2198 0 19736 24399 0 0 0 0 0 22131 0 0 0 0 0 0 0 0 0 0 8857 0 0 0 0 0 0 0 0 22108 0 12043 0 0 0 0 21695 21113 0 13312 0 9025 0 0 0 0 0 0 0 0 0 0 0 0 24394 0 0 0 0 0 3753 0 0 0 0 0 0 24739 0 0 10564 0 0 0 0 0 0 0 0 18019 13317 23979 0 0 21387 0 0 0 0 13889 0 0 0 0 0 13200 0 0 3522 0 0 0 0 0 0 0 17706 0 0 0 0 0 0 12396 0 0 21286 0 0 0 13309 25460 0 0 0 0 4743 13998 0 25788 4840 9728 0 0 0 11606 0 0 26754 4505 0 0 0 0 7077 0 23990 6210 0 20485 0 8545 15381 5118 0 0 0 0 0 19271 9152 6779 0 0 7446 0 0 13337 0 0 0 0 0 24281 17281 0 0 0 21408 0 0 0 0 0 11710 0 0 23475 25755 0 0 0 0 0 0 0 0 0 0 0 0 4430 0 0 0 0 0 0 0 22400 0 0 6058 0 0 0 16560 17690 0 6124 0 0 21515 0 0 0 0 0 17215 0 0 0 0 0 0 0 0 1145 0 0 0 0 20178 0 4803 0 217 0 8613 24583 0 0 0 0 0 0 23068 759 17783 0 0 0 13231 0 0 0 0 0 0 0 0 7578 315 0 0 0 0 0 17513 0 0 220 0 0 0 0 0 0 0 23663 0 0 10220 0 0 22260 0 0 0 0 0 0 0 0 21378 0 0 13808 0 0 0 0 3874 0 0 16533 0 10541 6394 3390 0 0 0 0 0 0 5233 0 0 0 0 0 0 12812 1213 0 0 0 0 0 0 0 0 0 0 3246 0 0 0 0 0 0 8169 21523 0 0 0 0 0 0 0 0 0 0 0 6876 22301 0 0 8793 24351 0 9862 0 21481 0 8510 0 0 0 17861 0 0 0 0 0 0 0 0 0 22824 0 0 0 0 7578 23500 18013 15080 0 0 0 0 16308 0 0 5609 0 0 0 0 0 14752 0 0 0 0 0 0 0 0 0 0 0 0 0 0 0 0 24565 0 0 0 0 0 5622 0 0 0 5193 21496 0 0 0 0 0 0 13264 0 0 0 0 1423 0 0 28803 24615 0 10205 0 0 20094 0 0 17516 0 0 0 5876 0 0 0 0 0 0 10882 0 0 0 0 12077 0 0 25830 6076 0 0 3791 24687 0 0 0 0 2350 0 0 0 23475 0 0 9574 0 0 0 0 0 0 0 0 0 0 0 0 0 0 0 0 5964 0 0 0 0 11752 0 0 0 0 0 0 0 0 13649 0 16836 0 0 0 0 0 0 7213 0 0 0 22418 0 14693 0 0 0 0 959 14976 6743 0 0 24969 0 0 0 0 0 1774 0 0 0 0 0 0 20454 8052 0 0 0 0 8727 0 0 11060 0 0 24034 0 0 0 0 0 0 0 0 0 0 0 0 17828 0 0 0 0 21715 0 0 0 0 24720 0 0 0 0 0 0 25838 7969 0 0 0 23090 0 0 7609 0 0 4991 0 1386 0 0 0 0 0 0 0 0 0 18958 0 0 4106 0 0 0 9087 0 0 0 0 0 0 0 0 13563 18275 0 0 0 0 0 8221 0 6324 0 7829 0 0 0 0 0 0 0 0 0 16898 0 0 0 19143 0 0 0 0 0 21989 0 0 0 0 0 8641 23682 27272 0 0 0 0 15956 0 0 1221 10443 0 0 0 0 0 20854 23651 0 0 0 23712 0 0 0 0 0 0 0 0 0 0 0 9845 0 0 0 23611 26793 12532 0 15883 0 0 0 0 0 0 0 0 0 0 0 22407 0 0 0 378 22741 0 0 0 23174 0 0 0 10361 0 0 0 0 0 0 0 0 0 0 0 0 15041 0 0 0 0 0 0 0 0 10368 0 0 0 0 0 22413 0 0 0 0 0 0 0 0 0 0 0 0 21014 0 24021 13880 0 23848 0 0 0 0 0 0 15548 0 0 0 0 0 23044 0 0 0 10700 23688 0 0 0 0 0 3522 0 0 0 0 0 0 0 0 0 0 0 0 0 0 0 0 4581 10679 5266 23915 0 0 12356 0 0 9382 0 0 0 0 0 0 0 0 0 0 0 0 0 0 0 0 0 0 0 0 0 0 0 0 0 0 0 21579 0 0 18632 0 0 0 0 0 0 0 21064 0 0 0 0 0 0 0 0 0 0 0 0 0 0 0 0 25357 2438 0 0 0 0 0 14686 0 0 0 0 0 0 0 0 0 0 0 0 0 229 0 0 676 0 186 0 2108 0 0 0 0 0 0 0 14683 20511 0 0 0 0 0 0 0 0 14509 0 0 0 0 0 12671 0 0 0 0 0 0 8130 0 0 0 0 0 0 0 0 12962 22064 0 0 0 0 0 0 10794 0 0 0 0 0 23503 0 0 0 0 0 0 0 0 0 0 0 16305 0 0 0 13035 0 0 0 0 0 0 0 0 20569 0 0 0 24181 0 0 0 0 0 12057 20871 0 0 0 0 0 0 0 2409 0 0 20691 0 0 0 23481 0 0 13687 7566 0 0 0 0 0 0 0 0 0 0 0 24138 0 2162 20192 0 0 0 0 0 0 1944 24649 0 0 17165 0 19376 0 24354 0 17651 13679 0 5085 0 0 0 0 0 0 24396 0 0 20844 0 0 0 10894 0 0 22994 0 0 7239 17904 0 0 0 0 0 0 17108 0 0 0 0 0 0 0 0 0 0 0 0 0 0 0 0 0 0 0 0 0 0 0 0 18915 0 23888 0 0 0 0 0 11380 0 0 0 0 0 22540 16288 0 0 0 0 0 0 0 0 0 0 23050 0 24692 0 24711 0 0 0 0 0 0 0 5659 0 0 0 0 0 0 0 0 0 0 10971 5804 0 0 0 0 0 0 0 0 0 0 0 0 0 0 0 24024 0 0 0 0 0 0 0 0 7934 0 0 17536 0 0 0 0 11911 0 0 0 2798 0 20808 0 0 0 0 0 0 0 0 0 0 0 0 0 0 0 4569 0 0 0 0 0 18741 0 0 0 0 0 0 0 0 0 0 0 0 0 0 0 0 0 0 0 0 0 13302 0 0 0 0 0 0 14776 0 0 0 0 0 0 0 0 0 0 0 0 0 0 0 0 0 5677 0 0 0 0 0 0 0 0 0 0 0 0 0 24451 0 0 0 16606 0 0 5097 23762 0 13653 0 0 0 187 0 0 0 0 0 0 694 0 0 3521 0 0 0 0 0 0 23586 0 0 15782 0 0 0 0 0 0 15731 19537 0 0 15862 16770 0 0 0 0 0 0 0 23511 0 15664 0 0 0 0 15224 0 0 0 0 0 0 0 0 0 0 0 14555 0 21148 0 0 23577 6671 0 0 0 22158 0 0 15592 0 0 0 860 0 0 0 0 0 0 0 0 0 0 0 0 0 0 0 8266 0 0 0 0 0 0 0 3012 0 0 0 0 0 0 0 0 18265 0 24529 0 16696 3829 0 0 0 0 15000 0 0 0 0 0 0 0 0 0 0 0 0 0 0 0 19571 0 0 0 0 0 15547 0 0 0 0 0 0 0 0 24652 0 0 0 0 0 0 0 0 0 0 0 0 24012 14166 0 0 0 0 0 0 0 0 0 0 0 0 0 24306 5593 0 0 0 7915 0 15296 0 0 0 0 0 0 0 0 19017 0 7979 0 0 0 0 0 0 15829 0 0 0 0 0 0 0 0 0 0 0 0 0 0 0 0 19449 379 4142 0 0 16538 0 0 0 0 0 19824 0 0 0 0 0 6393 0 0 0 17305 0 0 0 0 0 18084 21311 15393 0 0 0 0 0 4938 0 9332 19996 0 0 0 0 0 0 0 0 0 0 0 0 0 0 0 0 0 0 0 0 0 0 0 0 0 0 0 0 0 0 0 0 0 0 0 0 0 0 0 0 0 9329 0 0 0 0 0 13755 0 16995 0 3455 0 0 0 0 0 0 0 0 7664 23176 0 0 0 0 0 0 12548 0 0 0 0 0 0 0 0 0 0 0 21874 0 0 20877 2174 0 0 9773 0 0 0 0 0 0 0 19414 0 0 0 0 0 0 0 0 11177 0 0 0 15182 1456 0 0 0 0 0 0 0 0 0 0 0 0 0 0 0 4039 4279 0 0 0 0 0 24966 0 0 0 0 0 2542 16520 22940 14128 0 0 0 0 0 0 21382 0 0 0 0 0 0 0 7690 0 0 0 0 0 0 0 0 8190 0 1335 0 0 3491 0 0 19059 9332 0 0 0 0 0 0 0 0 0 0 0 0 0 0 0 0 0 0 18215 0 12756 0 11910 0 21626 0 0 0 0 0 0 16673 2737 10664 0 0 0 0 0 0 4484 0 7206 0 0 9371 0 0 0 24904 0 0 20416 0 0 0 0 0 0 0 0 0 0 0 0 13895 0 0 0 0 0 0 0 0 0 0 0 0 2035 0 0 23538 0 0 0 18457 0 23575 0 24109 0 0 0 0 3876 0 0 0 0 0 0 20794 0 0 23999 0 0 0 0 21785 0 0 0 0 17598 0 0 0 0 0 0 0 0 0 0 0 0 0 0 0 0 0 0 0 0 0 0 0 0 0 0 0 0 0 0 0 0 0 0 0 0 0 0 0 0 0 0 23430 0 0 8664 0 0 0 0 0 0 0 0 0 0 8724 0 0 0 0 0 0 24090 7715 0 0 0 0 20792 0 0 0 0 0 1540 0 0 0 0 15778 0 7173 0 0 11860 0 0 0 0 8811 0 17601 0 0 5095 22031 0 18650 14417 0 0 0 0 14156 0 0 0 0 24179 0 14653 0 0 0 20895 0 0 17119 0 22731 0 8311 0 0 3619 0 19124 0 0 0 0 0 14016 22765 0 0 0 0 0 0 0 0 0 0 18953 18976 0 0 0 0 0 7696 0 0 0 0 15717 12837 0 0 0 0 0 0 0 0 0 0 22423 0 0 0 0 0 0 23020 4996 0 0 0 17859 0 0 0 0 0 0 0 0 0 0 6786 0 0 0 0 0 0 0 0 0 0 0 5303 0 0 0 20678 0 0 8583 0 0 0 0 0 0 0 513 14158 0 23920 0 0 0 0 0 0 0 0 0 0 0 6662 0 0 0 0 0 0 0 0 0 0 0 0 18405 20708 0 940 0 0 1741 0 0 18453 0 0 0 0 0 0 0 0 0 0 0 0 0 0 0 0 0 0 0 0 0 0 0 0 0 0 9604 0 15110 6666 0 0 0 0 7654 0 0 0 0 0 0 0 0 0 0 0 7934 0 0 17969 0 0 0 0 0 0 0 0 0 0 0 0 18658 0 0 0 0 0 20615 0 0 0 0 7014 0 0 0 0 0 0 0 17691 0 0 0 0 3595 0 3031 0 0 12394 0 0 0 0 0 0 0 0 0 14011 3564 0 2677 0 0 0 23418 0 0 0 0 0 0 0 2036 0 4371 0 0 0 13653 0 0 0 0 0 0 0 3548 0 0 0 0 0 0 0 0 0 0 0 0 22273 0 0 0 3630 0 0 0 0 8500 0 15430 0 0 0 0 0 20462 0 0 0 5448 0 0 22341 0 0 0 12694 0 0 0 0 0 0 0 0 0 0 0 0 0 0 17808 0 0 9340 0 19491 0 0 0 2091 0 0 0 11027 0 0 0 0 0 21383 0 0 0 0 8525 1586 12458 0 0 0 17197 0 0 0 0 0 4761 0 0 0 0 0 18150 0 0 0 0 0 0 0 0 0 0 0 0 0 0 0 4608 0 11061 0 0 0 0 18109 0 0 0 0 0 0 0 0 0 0 0 0 0 0 0 19566 0 0 23019 0 0 0 0 0 0 0 0 0 0 0 0 7806 0 0 22620 19019 0 4994 0 10069 0 20103 0 18212 0 0 0 0 0 0 0 0 0 0 2510 0 0 0 0 0 21325 0 0 12863 1390 0 0 0 2857 0 22090 0 0 0 0 0 0 0 0 0 0 0 0 1494 0 0 0 0 0 0 0 0 0 0 4277 13829 0 0 0 0 0 0 0 0 0 0 16396 0 0 0 0 0 0 0 0 1132 0 0 0 0 0 0 19580 0 0 0 0 0 0 4528 0 0 21429 0 0 0 0 0 0 0 0 0 0 0 0 6717 0 0 0 0 18744 0 12129 0 0 0 0 0 0 0 0 0 0 0 0 0 0 0 0 8704 0 0 0 0 0 0 0 0 0 10568 0 0 0 0 0 0 20368 21968 0 0 0 0 0 0 0 3234 0 0 0 18336 0 20998 3743 17119 0 0 0 0 0 22437 0 3857 0 0 0 15682 15206 0 0 0 2871 0 0 0 6586 0 0 0 0 0 0 0 0 0 0 0 0 21707 0 0 3326 0 0 0 0 10245 6679 0 0 0 0 0 0 0 0 0 0 0 0 19009 0 0 0 0 0 0 7609 0 11073 0 0 0 0 14707 3624 0 0 0 0 0 0 21656 0 0 0 0 18674 6569 0 10665 19665 0 3249 0 0 10434 0 0 20887 0 0 0 3048 14651 12147 0 0 0 10276 0 0 0 0 0 0 0 0 0 0 0 967 0 0 0 0 5222 14937 14129 0 0 0 21089 12348 0 752 1590 0 0 0 0 0 0 0 0 0 0 0 0 17495 0 0 0 0 0 0 0 0 0 0 0 0 0 0 13176 0 20152 0 0 11446 0 0 0 14360 0 0 0 0 0 0 0 0 7143 0 9316 0 4862 2905 0 13827 0 7923 0 8508 0 0 0 8653 14593 0 15966 15052 0 0 0 0 0 0 0 0 18075 0 0 0 0 0 0 0 0 0 0 0 0 0 0 0 0 0 0 0 0 0 0 0 0 0 0 0 0 0 4891 0 0 0 0 0 18063 2172 19803 0 0 0 8860 14643 0 0 0 0 0 0 0 0 0 0 0 0 0 3905 0 0 0 0 0 19527 0 0 0 0 0 0 0 0 0 1262 0 0 9802 0 2542 0 21574 0 0 0 0 0 0 0 0 8647 0 0 0 0 21290 0 0 0 0 0 0 0 0 0 0 0 0 0 0 46 11079 0 0 0 0 0 0 0 0 0 12384 17294 0 0 0 20657 0 16427 0 0 0 12105 0 0 6316 0 0 0 0 20707 0 10041 0 0 0 0 0 0 0 0 0 0 0 0 5323 0 0 0 17912 0 0 0 19036 0 0 0 0 0 0 14464 2479 0 0 0 0 20006 19228 0 0 0 0 16184 0 0 0 0 0 0 0 0 0 0 0 0 0 9729 0 0 0 19625 0 0 0 0 0 4870 20582 0 0 0 0 0 0 0 0 0 11900 8417 0 0 20182 0 0 0 0 0 0 0 0 5933 0 12558 0 11149 0 1591 0 11460 0 0 0 0 0 0 0 584 0 8433 0 0 0 0 0 0 0 0 0 11677 0 0 0 10778 0 0 0 0 189 0 0 0 5944 0 0 13033 0 0 0 15991 0 0 0 0 0 14628 0 9510 0 0 0 3561 0 0 0 1002 0 0 0 0 20627 0 0 0 0 0 0 0 0 0 0 0 4332 0 0 0 0 0 0 0 0 0 0 0 0 0 0 0 4894 0 0 0 0 7574 0 8164 0 0 0 0 0 0 0 0 0 0 0 0 0 0 0 0 0 0 0 0 0 0 0 0 0 0 0 0 0 12513 0 0 4402 0 0 0 20813 0 12039 16055 0 0 0 0 4205 0 0 0 0 11078 0 4481 0 17083 7481 0 0 17292 0 0 0 0 0 0 0 0 3010 0 9728 0 9306 0 0 0 0 0 0 0 0 0 0 0 0 0 0 0 0 0 0 0 0 0 0 0 0 7387 0 0 0 94 2106 0 0 0 0 0 0 0 0 3307 0 16987 0 0 0 20493 4485 0 0 0 1272 0 0 0 0 0 0 0 0 0 0 0 0 7327 0 2519 0 0 0 0 0 0 0 0 0 0 0 0 0 0 0 13304 0 0 0 0 0 0 0 0 0 0 0 0 0 642 0 0 0 12296 0 0 18905 0 16050 0 0 0 0 0 0 0 0 0 0 0 1907 0 0 0 0 0 13050 0 0 0 0 6573 0 0 0 0 0 0 0 0 2134 0 0 0 0 0 0 0 0 0 8627 0 14124 12224 0 0 0 0 0 0 0 0 0 0 0 10184 0 0 0 0 0 0 0 0 3742 0 0 0 0 10306 0 0 0 0 0 0 0 0 9167 0 0 14573 0 13988 0 0 0 0 0 0 0 0 0 0 0 0 0 10851 20050 0 0 0 11499 0 0 0 19550 0 10290 0 0 2021 0 0 0 0 0 0 0 0 0 0 0 0 0 0 0 0 0 0 0 0 0 9276 0 0 16356 0 0 0 0 0 0 0 0 13476 0 0 0 0 0 0 4748 0 0 0 6146 0 0 0 0 0 0 0 0 0 0 0 0 0 0 4823 0 0 0 0 0 0 0 11312 8958 15289 0 0 0 0 0 0 5600 12196 0 2015 0 0 0 0 0 0 0 0 0 0 0 19654 0 0 0 5755 0 4087 4767 0 11080 0 0 0 0 0 0 0 0 17561 0 0 0 11531 0 0 0 0 0 0 0 0 0 19010 0 0 0 9792 0 0 0 6118 0 0 0 0 0 5819 0 0 0 16539 0 0 0 0 0 0 3209 0 8980 0 0 0 15827 0 0 0 0 0 0 0 0 0 0 0 0 0 0 0 0 0 0 0 0 0 0 0 0 0 0 0 0 6437 0 0 0 0 0 0 0 0 0 0 0 0 0 0 0 0 2328 0 0 0 0 0 0 0 0 0 0 6436 0 0 0 0 0 14904 0 0 0 0 11423 0 0 0 0 0 1132 0 0 0 0 0 0 0 0 0 0 0 0 0 0 0 0 0 0 2050 0 0 0 0 0 0 0 16731 0 0 0 0 0 0 0 0 0 0 0 0 0 8947 0 0 0 0 0 0 0 0 0 0 0 0 0 0 0 0 0 0 0 0 0 0 0 0 0 0 0 0 0 15400 0 0 0 0 0 5997 0 0 0 0 0 0 0 0 0 0 0 0 0 0 0 0 0 0 0 0 0 0 0 0 0 0 0 8286 0 0 3887 0 11354 0 0 0 0 0 0 0 0 0 0 4895 0 0 13649 0 0 0 10511 0 0 0 0 0 0 0 0 0 0 0 0 0 0 13505 0 0 6104 0 15207 0 0 14745 0 0 0 0 0 0 0 0 0 0 0 0 0 0 18096 0 0 0 0 0 9552 0 0 0 14474 0 0 0 0 0 0 0 0 0 0 0 0 0 0 0 0 0 0 0 0 0 0 15836 0 0 0 13344 0 0 0 0 15266 0 0 0 0 0 0 0 0 0 0 0 11145 0 0 0 0 0 0 5371 0 0 0 0 0 0 0 0 0 0 0 0 0 6412 0 0 0 5081 0 12957 0 0 0 0 0 0 0 13793 0 8906 16907 0 0 0 0 0 0 5870 0 0 0 0 0 0 0 0 0 7010 0 0 0 0 0 0 0 0 0 0 0 0 0 0 0 0 0 0 0 0 0 0 0 0 0 0 0 0 0 0 0 0 0 0 0 0 0 0 16599 0 0 0 1999 0 2039 0 0 0 0 0 0 0 0 0 0 0 0 0 0 0 16832 622 0 1039 0 0 0 0 0 9593 0 0 0 0 0 0 0 0 0 0 0 0 0 17434 0 0 0 0 0 0 0 0 0 0 9119 0 0 0 0 0 0 0 0 0 0 0 0 0 0 0 0 0 0 0 0 0 0 16397 0 0 0 0 0 0 0 0 0 0 0 0 0 0 0 9931 0 0 0 0 0 3773 0 0 17509 0 0 0 0 0 0 0 0 0 0 7030 0 0 0 0 0 0 15989 0 0 0 0 8114 340 0 0 0 0 0 0 0 0 0 0 0 0 0 0 0 0 0 0 0 0 0 0 0 0 0 16729 0 0 0 0 0 0 0 0 0 0 0 0 0 0 0 0 0 3080 0 0 0 0 0 0 14253 0 0 0 0 993 0 0 0 0 0 0 0 0 0 0 3416 0 0 0 0 15313 0 0 0 0 14282 0 0 0 0 0 0 0 0 8745 0 0 9333 8715 0 0 0 10856 0 10142 0 0 0 0 0 0 0 0 0 0 0 0 0 0 0 0 0 0 0 0 0 0 0 0 0 0 2916 0 0 0 0 0 13111 0 0 0 0 0 0 0 0 0 0 0 0 0 0 15572 0 0 0 0 0 0 0 12233 16524 0 0 0 0 0 0 0 0 0 0 0 1184 0 0 0 9731 0 5851 13233 0 0 0 0 11781 0 1821 0 0 0 0 0 0 2967 0 0 0 0 0 0 2718 0 0 0 10293 0 14542 0 0 0 0 0 0 0 12455 0 0 0 0 0 0 1397 0 0 0 0 0 2720 0 0 0 0 0 0 0 0 0 0 0 0 0 0 0 0 16760 0 0 0 0 0 0 0 0 0 0 0 0 0 0 0 0 0 0 0 0 0 0 0 0 323 0 0 0 11495 0 2760 0 0 0 0 0 0 0 10478 0 0 9511 0 0 0 0 0 0 0 0 0 0 0 0 0 0 0 14744 4315 0 0 0 0 0 0 0 0 0 0 0 4189 0 0 11615 0 0 0 0 0 7232 0 11809 0 0 0 4059 0 0 0 0 0 0 0 0 0 0 0 0 0 5833 0 0 0 8695 0 0 0 0 0 0 0 0 0 4480 0 0 0 14767 5590 0 0 0 0 0 0 0 3640 0 0 0 0 0 0 0 10648 0 0 0 0 0 0 0 0 0 0 0 0 3142 0 0 0 0 0 0 0 0 0 10339 0 0 2877 0 0 7430 13335 0 0 0 0 0 0 0 0 0 10039 0 0 0 5328 812 0 0 0 0 0 0 0 0 0 0 0 0 0 0 0 0 0 0 0 0 0 0 8370 0 0 0 0 16345 0 0 0 0 9596 0 0 0 0 0 0 0 0 13809 0 0 0 0 0 0 0 0 0 0 0 0 0 0 0 0 0 0 0 0 8159 0 0 0 0 0 0 0 0 0 0 0 0 0 0 0 0 0 0 0 0 0 0 0 0 0 15986 0 0 2602 7560 0 0 0 0 4533 0 0 6544 0 0 0 0 0 0 0 0 0 0 0 0 0 0 0 0 0 0 0 0 0 0 0 0 3554 0 0 0 0 0 0 0 0 0 0 0 0 0 0 0 0 0 0 0 0 0 0 0 0 1561 0 0 0 0 0 4790 0 0 0 0 0 0 0 0 0 0 0 0 0 0 0 0 0 5132 0 229 0 0 0 0 0 0 0 0 0 0 0 0 0 0 0 0 0 0 0 0 0 0 0 0 0 0 14110 0 0 0 0 0 0 15771 0 3706 2228 0 0 15175 0 0 0 0 0 0 0 0 0 0 3085 0 0 0 973 0 13261 11194 0 0 10227 0 0 11920 0 0 0 0 8284 0 0 0 0 0 0 0 0 0 0 0 0 0 0 0 0 0 0 0 0 8629 0 0 10577 0 0 0 0 0 0 0 0 0 0 0 0 0 0 4144 0 0 9705 0 0 0 0 0 0 0 10436 0 0 0 0 1520 0 2788 0 0 0 0 0 0 0 0 0 0 0 0 0 0 0 0 0 0 0 0 9896 0 0 0 0 0 0 0 0 0 0 10391 6680 0 0 0 0 0 0 0 2942 0 0 0 0 8750 12563 3600 0 0 0 0 0 0 0 0 0 0 0 0 0 0 0 0 8271 0 9335 0 0 0 0 0 0 0 0 0 0 0 0 0 0 0 11095 0 4928 0 0 0 9746 0 0 0 0 0 0 0 0 0 0 13091 0 0 0 0 10937 0 0 0 0 0 0 0 0 0 0 0 0 0 2088 0 0 0 0 0 0 0 0 1852 0 0 0 0 0 10263 0 0 0 2279 0 0 0 0 0 0 0 0 0 0 0 0 0 0 0 0 0 0 0 0 0 0 0 6978 0 0 0 0 0 0 658 0 0 0 0 0 0 0 0 0 0 0 0 0 0 0 0 0 6683 0 8263 0 0 0 0 6082 0 0 0 0 8483 5618 0 5031 0 0 0 0 0 0 0 0 0 0 0 0 0 0 0 0 0 0 0 0 0 0 0 0 0 0 0 0 0 0 0 0 0 0 0 0 4032 844 0 8496 4522 0 0 0 0 0 0 0 0 0 0 0 0 0 0 0 11473 0 0 0 0 0 0 5088 0 0 0 0 0 0 0 0 0 0 13058 0 7702 0 0 0 0 0 0 0 0 5365 0 0 0 0 0 0 0 0 0 0 0 1578 0 419 0 0 0 0 0 0 0 0 4766 0 0 0 0 0 0 0 0 0 0 0 0 0 0 0 0 0 0 0 0 0 0 8623 0 0 0 0 0 0 40 0 0 3346 0 0 967 7962 0 0 0 0 0 0 0 0 0 0 0 0 5022 0 0 0 0 0 0 0 0 0 0 0 0 0 0 0 0 0 0 0 0 0 0 0 0 0 0 0 0 0 0 0 0 0 0 0 0 0 0 0 2426 0 0 0 0 0 0 0 6284 0 0 0 0 0 0 0 0 0 0 0 0 0 0 0 2138 0 0 0 0 0 0 0 0 10846 0 725 0 0 0 0 0 0 0 0 0 0 0 11970 0 4589 0 0 0 0 0 0 1630 0 0 0 0 0 0 0 10704 0 0 0 0 12400 7978 0 0 0 3207 0 0 0 0 0 8936 0 7989 0 0 0 0 0 0 0 0 0 0 0 0 4695 0 0 0 0 0 0 0 1965 0 0 0 6009 0 0 0 0 0 0 0 0 0 0 0 0 0 0 4131 0 0 0 0 0 0 0 0 0 0 0 0 0 6960 8215 0 0 0 0 0 0 0 0 0 0 10445 0 0 0 0 0 0 0 0 7499 0 0 0 0 0 0 0 0 0 0 0 0 0 0 9438 0 0 0 0 0 0 0 0 0 0 0 0 0 0 0 0 0 0 0 0 0 0 0 0 0 0 0 0 0 0 0 0 0 0 2467 0 0 1484 0 0 0 0 0 0 11816 0 0 2986 0 0 0 0 0 0 0 0 0 0 0 0 0 0 0 0 0 0 0 0 0 0 0 0 0 0 0 0 0 0 0 6784 0 0 0 0 0 0 0 0 0 0 0 0 733 0 0 9346 10500 2856 10883 0 0 0 0 0 11114 0 0 0 0 0 8518 0 0 0 0 0 0 2288 0 0 12288 0 11476 0 0 0 0 0 0 0 0 0 0 0 0 0 0 0 0 0 4521 0 0 0 12869 0 10286 0 0 0 0 0 2218 0 0 0 0 0 0 0 0 1206 0 0 479 5896 0 0 0 7546 2304 10307 0 0 0 0 0 0 0 12663 0 0 0 888 0 0 0 0 0 0 0 0 0 0 0 0 2750 0 0 0 0 0 0 0 8358 0 0 0 8293 0 0 0 4945 0 0 0 10325 0 0 0 0 0 3863 0 0 0 0 0 0 10034 0 0 4801 0 0 0 0 0 0 0 0 0 0 0 0 0 0 0 0 0 0 0 0 0 10671 0 0 0 0 12405 0 0 4098 0 6442 0 10711 0 0 0 0 0 0 0 0 0 0 0 0 0 7098 0 0 9882 0 0 0 0 0 0 0 0 4996 0 0 8140 0 0 0 0 0 0 0 0 4876 0 0 0 3673 0 0 0 0 0 0 0 0 6501 0 0 0 1713 0 0 0 0 0 0 0 0 0 0 0 0 0 11439 0 0 0 0 0 0 0 0 10889 0 0 0 0 0 4929 0 3994 0 0 0 0 0 0 0 0 0 0 0 0 0 0 0 0 0 0 0 0 0 0 0 0 0 0 0 0 0 0 0 0 0 0 0 0 0 0 0 5949 0 0 0 0 0 0 0 0 0 0 0 0 0 0 0 0 0 4169 0 3355 12443 0 0 0 0 0 1141 0 0 0 0 6 0 0 0 4131 11352 0 0 0 0 0 0 0 0 0 0 0 0 0 0 0 146 0 0 0 0 0 0 0 0 0 0 0 0 0 0 0 0 0 0 0 0 0 0 0 0 0 0 3407 0 0 11686 0 11016 0 0 0 0 0 0 0 0 0 0 2316 0 0 0 6923 0 0 0 0 0 1241 0 0 0 0 0 0 0 0 0 0 0 0 0 0 0 0 0 0 0 0 0 0 0 0 0 0 0 0 4403 0 0 0 0 0 0 0 0 6962 0 0 0 0 0 0 0 0 9377 0 0 0 0 0 0 0 0 0 0 0 0 11654 4121 0 0 0 0 0 0 0 0 0 0 0 6916 0 0 0 0 0 0 0 0 0 0 0 0 0 0 0 0 0 0 0 0 5481 0 0 0 0 0 0 0 0 0 0 0 0 0 6887 0 0 0 0 0 0 0 0 0 0 0 0 0 0 0 0 0 0 0 0 9902 0 0 0 0 0 0 0 0 0 0 0 5979 0 9680 0 0 0 0 0 0 0 0 0 5322 0 0 0 0 0 0 0 0 0 5848 0 0 0 0 0 0 0 0 0 0 0 0 0 0 0 0 0 0 3304 0 0 0 0 0 0 0 0 0 9205 728 0 0 0 0 0 0 0 0 0 0 0 0 0 0 0 0 0 0 0 0 0 0 0 0 0 10119 0 0 0 0 0 0 0 0 0 0 9898 0 0 0 0 0 0 0 11147 2988 0 0 0 0 0 0 1637 0 0 1224 0 0 0 0 0 0 8680 0 10424 8588 10145 9833 0 0 0 0 0 8243 0 0 0 0 5499 0 0 0 0 0 0 0 0 0 0 0 0 0 0 0 0 0 0 0 0 0 0 0 0 0 0 0 2974 0 0 0 0 0 0 0 0 0 0 0 0 0 0 8212 1399 0 0 0 0 0 0 0 0 0 0 0 10869 10677 0 0 0 0 2769 0 0 0 0 0 0 0 0 0 0 0 0 0 0 0 0 0 0 0 0 0 0 0 0 0 0 0 0 0 0 0 0 0 0 0 0 0 0 0 0 0 0 0 0 0 0 0 0 0 0 0 0 0 0 0 0 0 0 0 0 0 0 0 0 0 0 0 0 0 0 4561 0 0 0 0 0 0 0 0 2948 0 0 0 0 0 0 0 3022 0 0 0 0 0 0 0 0 0 0 0 0 0 0 0 0 0 0 0 5074 0 0 0 0 0 0 3667 0 0 0 0 0 0 0 0 0 0 0 0 0 0 0 0 0 0 0 0 0 0 0 0 0 0 6310 0 0 0 0 0 0 0 0 0 0 0 0 0 0 0 0 0 0 0 0 0 0 0 0 0 0 0 0 8871 0 0 0 0 0 0 0 0 0 0 0 0 0 0 0 0 0 0 0 0 0 0 0 0 0 0 0 0 4378 0 0 0 5602 0 0 0 0 0 0 0 0 3548 0 0 0 0 0 0 0 0 0 4986 0 0 0 0 0 0 0 0 0 0 0 0 0 0 0 0 0 0 0 0 0 0 0 0 0 0 0 0 0 0 0 0 0 0 3410 0 0 3550 0 0 0 0 0 0 0 0 0 0 0 0 0 0 0 0 0 0 0 0 0 0 0 0 0 0 0 0 0 0 0 0 0 0 0 0 0 0 8597 0 0 2224 0 0 0 0 0 0 6993 0 8729 0 0 0 0 0 0 0 0 0 0 0 0 0 0 0 0 0 0 0 0 0 0 2585 0 1769 0 0 0 7206 0 0 0 0 0 0 0 0 0 2242 0 0 0 0 0 0 0 0 0 0 0 0 0 0 0 0 0 0 0 7317 0 0 0 0 0 0 0 0 0 0 0 7759 0 7088 0 0 0 0 0 0 0 0 0 0 0 0 0 0 0 0 0 0 0 0 0 5810 0 0 0 0 0 0 0 0 0 0 0 0 0 0 0 0 0 0 0 0 0 0 0 0 0 0 0 0 0 0 0 5736 0 0 0 0 0 0 0 0 0 1445 0 0 0 0 0 0 0 0 0 0 0 0 0 0 0 0 0 0 0 8127 0 0 0 0 0 0 0 0 0 0 0 0 0 0 0 0 0 0 0 0 0 0 0 0 0 2898 0 6833 0 0 6559 0 0 0 0 0 0 0 0 0 0 0 0 0 0 0 0 0 0 0 0 0 0 0 0 0 0 0 0 0 0 0 0 3008 0 0 0 0 0 0 0 0 0 0 0 0 9007 0 1712 0 0 0 1886 0 0 0 0 0 0 0 0 0 0 0 0 0 0 0 0 0 0 0 0 0 7595 0 0 0 0 0 0 0 0 0 0 0 0 0 0 0 0 0 0 0 0 0 0 0 0 0 0 0 0 0 1117 0 0 0 0 0 0 0 0 0 0 0 0 0 0 0 0 0 0 0 0 0 0 0 0 0 0 0 0 0 0 0 3672 0 0 0 1801 0 0 0 0 0 0 0 0 0 0 3260 8686 0 0 0 0 0 0 0 4665 3241 0 0 0 0 0 0 0 0 0 0 0 0 0 0 0 0 0 0 4883 0 0 0 0 0 0 0 0 0 0 0 0 0 7616 0 0 0 0 0 0 5980 0 0 0 0 3319 5422 0 0 0 0 0 0 0 0 0 0 0 0 0 0 0 0 0 0 0 0 0 0 0 0 0 0 5084 0 0 0 0 0 0 1684 0 0 0 0 0 0 0 0 0 0 0 0 0 0 0 0 0 0 0 0 0 0 0 3367 0 0 0 0 0 0 0 0 0 0 3030 0 0 5807 0 0 0 0 0 0 0 0 0 5548 0 0 0 0 0 0 0 0 0 0 0 0 0 0 0 0 0 0 0 0 0 0 0 0 0 0 0 0 0 0 0 0 0 0 0 0 0 0 0 0 0 0 0 0 0 0 0 0 0 0 0 0 0 0 0 0 0 0 7581 0 0 0 0 0 0 0 0 0 0 0 0 509 0 0 0 0 0 0 0 0 0 0 0 2300 0 0 0 0 0 0 0 0 0 0 0 0 0 0 0 2530 1371 0 1250 0 0 0 0 0 0 0 0 0 0 0 0 0 0 0 0 0 0 0 0 0 0 0 0 0 0 0 0 0 0 0 0 0 0 0 0 0 4956 0 0 0 0 0 0 0 0 0 0 0 4060 0 0 0 0 0 0 0 0 0 0 0 0 0 0 0 5979 0 0 0 0 0 0 0 0 0 0 0 0 0 0 0 5088 2697 0 0 0 3998 0 0 0 0 0 0 0 0 0 0 0 0 832 0 0 0 0 0 0 0 0 4638 0 0 0 0 0 0 0 297 0 0 0 0 4186 0 0 0 0 0 0 0 0 0 0 0 0 0 0 0 0 0 0 6603 0 0 0 0 0 0 0 0 0 565 0 0 0 0 0 0 0 0 0 0 0 0 0 0 0 0 0 0 0 0 0 0 0 0 0 0 0 0 0 0 0 0 0 0 0 0 0 0 0 0 0 0 0 0 0 0 0 0 0 0 0 0 0 0 0 0 0 0 0 0 0 0 0 0 0 0 0 0 0 0 0 0 0 0 0 0 0 0 0 0 0 0 0 2134 0 0 0 0 0 0 0 0 0 0 0 5115 0 0 0 0 0 0 0 0 0 0 0 0 0 0 0 0 0 0 0 0 0 0 0 0 0 0 0 0 0 0 0 0 0 0 0 0 0 0 0 0 0 0 0 0 0 0 0 0 130 0 0 0 0 0 0 0 0 0 0 0 0 0 0 0 0 0 0 0 0 0 0 0 1699 0 3423 0 0 0 0 0 0 0 0 0 0 0 0 0 0 0 0 0 0 0 0 0 0 0 0 0 0 0 0 0 0 0 0 0 0 5260 0 0 0 0 0 0 0 0 0 0 0 0 0 0 0 0 0 0 0 0 0 0 0 0 0 0 0 0 0 0 0 0 0 0 0 0 0 0 0 3134 0 0 0 0 0 0 0 0 0 0 0 671 0 0 0 0 0 0 0 0 0 0 0 4819 0 0 0 0 0 0 0 0 0 0 0 0 0 0 1954 0 0 0 0 0 0 0 0 0 0 0 0 0 0 0 0 0 0 0 0 0 0 0 0 0 0 0 0 0 0 0 0 0 0 0 0 0 0 0 0 0 0 0 0 0 0 0 0 0 0 0 0 616 0 0 0 4637 0 0 0 0 0 0 0 0 0 0 0 0 0 0 0 0 0 0 0 0 0 0 0 0 0 0 0 0 0 0 0 0 0 0 0 0 0 0 0 0 0 0 0 0 0 0 0 0 0 0 0 0 0 0 0 0 0 5110 0 0 0 0 0 0 0 0 0 0 0 0 0 0 0 0 0 0 0 0 0 0 0 0 0 0 0 0 0 0 0 4861 0 0 0 0 0 0 0 0 0 0 0 0 5219 0 0 0 0 0 0 0 0 0 0 0 0 0 0 0 1889 0 0 0 0 0 0 0 0 0 0 0 0 0 0 0 0 0 0 0 0 0 0 0 0 0 0 0 0 0 0 0 0 0 0 0 0 0 0 0 0 0 0 0 0 0 0 0 0 0 0 0 0 0 0 0 0 0 0 0 0 0 0 0 0 4788 0 0 0 0 0 0 3218 0 0 0 0 0 0 0 0 0 0 0 0 0 0 0 0 0 0 0 0 0 0 0 0 0 2389 0 0 0 0 0 0 0 4106 0 0 0 0 0 926 0 0 0 0 0 0 0 0 0 0 0 0 0 0 0 0 0 0 0 0 0 0 0 0 0 0 0 2498 0 0 0 0 0 0 0 0 0 0 0 0 0 0 0 0 0 0 0 0 0 0 0 0 0 0 1395 0 0 0 0 0 0 0 0 0 0 0 0 0 0 0 0 0 0 0 0 0 0 0 0 0 0 0 0 0 0 0 0 0 0 0 0 0 0 0 0 41 0 0 0 0 0 0 0 0 0 0 0 3844 0 0 0 0 0 0 0 1703 0 0 0 0 0 0 0 0 1472 0 0 0 0 0 0 0 0 0 0 0 0 1973 0 0 0 0 0 0 0 0 0 0 0 0 0 0 0 0 0 0 0 0 0 3588 0 0 0 0 0 0 0 0 0 0 0 0 0 0 0 0 0 0 0 0 0 0 0 0 0 0 0 0 0 0 0 0 566 0 0 211 0 0 0 0 0 0 0 0 0 0 0 0 0 0 0 0 0 0 0 0 0 0 0 0 0 0 0 0 0 0 0 0 0 0 0 0 0 0 0 0 0 0 0 0 0 0 0 0 0 0 0 0 0 0 0 0 0 0 0 0 0 0 0 0 0 0 0 0 0 0 0 0 0 0 0 0 0 0 0 0 0 0 0 0 0 0 0 0 0 0 0 0 0 0 0 660 0 0 0 0 0 0 0 0 0 0 0 0 0 439 0 0 0 0 0 0 0 0 0 0 0 0 0 0 0 0 0 0 0 0 0 0 0 0 0 0 0 0 0 0 0 0 0 0 0 0 0 0 0 0 0 0 0 0 0 0 0 0 0 0 0 0 0 0 0 0 0 0 0 0 0 0 0 0 0 0 0 0 0 0 0 0 0 0 0 0 0 0 0 0 0 0 0 0 0 0 0 0 0 1454 0 0 0 0 0 0 0 0 0 0 0 0 0 0 0 0 0 0 0 0 0 0 3762 0 0 0 0 0 0 0 0 0 0 0 0 0 0 0 0 0 0 0 0 3700 1018 0 0 0 0 0 0 0 0 0 0 0 0 0 0 0 0 0 0 0 0 0 0 0 0 0 0 0 0 0 0 0 0 0 0 0 0 0 0 0 0 0 0 0 0 0 0 0 0 0 0 0 0 0 0 0 0 0 0 0 0 0 0 0 0 0 0 0 0 0 0 0 0 0 0 346 2417 0 0 0 0 0 0 0 0 0 0 0 0 0 0 0 0 0 0 0 0 0 0 0 0 0 182 0 0 0 0 0 0 0 0 0 0 0 0 0 0 0 0 0 0 0 0 0 0 0 0 0 0 0 0 0 0 0 0 0 0 0 0 0 0 0 0 0 0 0 0 0 0 0 0 0 0 0 0 0 0 0 0 0 0 0 0 0 0 0 0 0 0 0 0 0 0 0 1436 0 0 0 0 0 0 0 0 0 0 0 0 0 0 1395 0 0 0 0 0 0 0 0 0 0 0 0 0 0 0 0 0 0 0 0 0 0 0 0 0 0 0 0 0 0 0 0 0 0 0 0 0 0 0 0 0 0 0 0 0 0 0 0 0 0 0 0 0 0 0 0 0 0 2130 0 0 0 0 0 0 0 0 0 0 0 0 0 0 0 0 0 0 0 0 0 0 0 0 0 0 0 225 0 0 0 0 0 0 0 0 0 0 0 0 0 0 0 0 0 0 0 0 0 0 0 0 0 0 0 796 0 0 0 0 0 0 0 0 0 0 0 0 0 0 0 0 0 0 0 0 0 0 0 0 0 0 0 0 0 0 0 0 0 0 0 0 0 0 0 1292 0 0 0 0 0 0 0 0 0 0 0 0 0 0 0 0 0 0 0 0 0 0 0 0 0 0 0 0 0 0 0 0 0 0 0 0 0 0 0 0 0 0 0 0 0 0 0 0 0 0 0 0 0 0 0 0 0 0 0 0 0 0 0 0 0 0 0 0 0 0 0 0 0 0 0 0 0 0 0 0 0 0 0 0 0 0 0 0 0 2132 0 0 0 0 0 0 0 0 0 0 0 0 0 0 0 0 0 0 0 0 0 0 0 0 0 0 0 0 0 0 0 0 0 0 0 0 0 0 0 0 0 0 0 0 0 0 0 0 0 0 0 0 0 0 0 0 0 1126 0 0 0 0 0 0 0 0 0 0 0 0 0 0 0 0 0 0 0 0 0 0 0 0 0 0 0 0 0 0 0 0 0 0 0 0 0 0 0 0 0 0 0 0 0 0 0 0 0 0 0 0 0 0 0 0 0 0 0 0 0 0 0 0 0 0 0 0 0 0 0 0 639 0 0 0 0 0 0 0 0 0 0 0 0 0 0 0 0 0 0 0 0 0 0 0 0 0 0 0 0 0 0 0 0 0 0 0 0 0 0 0 0 0 0 0 0 0 0 0 0 0 0 0 0 0 0 0 555 0 0 0 0 0 0 0 0 0 0 0 0 0 0 0 0 0 0 0 0 970 0 0 0 0 0 0 0 0 0 0 0 0 0 0 0 0 0 0 0 0 0 0 0 0 0 0 0 0 0 0 0 0 0 0 0 0 0 0 0 0 0 0 0 0 0 0 0 0 0 0 0 0 0 0 0 0 0 0 0 0 0 0 0 0 0 0 0 0 0 0 0 0 0 0 0 0 0 0 0 0 0 0 0 0 0 0 0 0 0 0 0 0 0 0 0 0 0 0 394 0 0 0 0 0 0 0 0 0 0 0 0 0 0 0 0 0 0 0 0 0 0 0 0 0 0 0 0 0 0 0 0 0 0 0 0 0 0 0 700 0 0 0 0 0 0 0 0 0 0 0 0 0 0 0 0 744 0 0 0 0 0 0 0 0 0 0 0 0 0 0 0 0 0 0 0 0 0 0 0 0 0 0 0 0 0 0 0 0 0 0 0 0 0 0 0 0 0 0 0 0 0 0 0 0 0 0 0 0 0 0 0 0 0 0 0 0 0 0 0 0 0 0 0 0 0 0 0 0 0 0 0 0 0 0 0 0 0 0 0 0 0 0 0 0 0 0 0 0 0 0 0 0 0 0 0 0 0 0 0 347 0 0 0 0 0 0 0 0 0 0 0 0 0 0 0 0 0 0 0 0 0 0 0 0 0 0 0 0 0 0 0 0 0 0 0 0 0 0 0 0 0 0 0 0 0 0 0 0 0 0 0 0 0 0 0 0 0 0 0 0 0 0 0 0 0 0 0 0 0 0 0 0 0 0 0 0 0 0 0 0 0 0 0 0 0 0 0 0 0 0 1 0 0 0 0 0 0 0 0 0 0 0 0 0 0 0 0 0 0 0 0 0 0 0 0 0 0 0 0 0 0 0 0 0 0 0 0 0 0 0 0 
116 0 0 194 0 0 174 117 167 0 37 98 0 0 11 106 0 81 165 0 0 76 0 0 0 0 93 0 0 0 149 0 0 0 0 106 0 0 0 0 0 0 0 0 5 119 0 0 0 0 0 0 0 0 0 0 0 0 0 0 0 0 99 0 0 0 0 0 0 48 0 0 0 0 16 0 133 0 107 0 0 0 0 0 0 0 0 0 0 0 0 0 0 0 0 0 0 0 10 0 12 0 0 0 0 0 0 0 0 0 0 0 0 0 0 0 0 0 0 0 0 0 0 0 
203 35 79 0 66 25 164 51 137 84 130 0 0 58 0 0 159 0 0 0 0 79 101 162 0 133 35 127 189 74 163 0 0 211 0 0 0 193 91 0 82 181 0 0 141 160 35 0 151 0 0 0 11 166 127 0 165 153 28 52 177 114 0 0 0 0 0 44 0 0 112 0 207 0 133 97 20 174 234 0 112 141 92 0 183 129 0 166 0 0 0 172 0 0 33 0 132 59 0 169 0 143 0 0 0 0 131 136 0 0 179 0 21 77 0 68 0 163 0 0 0 77 0 56 122 0 88 125 0 0 0 65 0 129 0 0 0 155 0 0 161 0 92 0 0 0 88 64 0 76 0 0 56 65 0 0 76 0 0 110 93 88 0 0 0 0 0 0 0 0 0 1 0 0 101 0 45 80 0 0 0 0 0 0 0 6 0 60 43 0 23 0 0 20 0 0 0 0 0 21 1 0 0 0 0 0 0 0 0 0 13 0 0 0 0 0 0 0 0 0 0 0 
120 202 0 95 0 0 0 0 0 126 148 88 0 0 0 0 0 0 0 0 112 126 95 0 25 0 0 174 0 160 0 0 54 113 0 0 0 0 0 0 0 0 0 0 0 0 0 0 0 0 0 42 0 0 0 0 0 0 0 144 0 0 0 0 0 85 0 0 0 0 0 47 66 0 0 0 0 0 0 0 0 0 0 0 0 0 0 112 0 116 0 0 0 0 0 0 0 0 0 0 0 0 0 0 0 0 0 44 0 0 0 0 0 0 0 0 0 0 0 0 0 0 0 0 0 0 0 0 0 0 0 0 0 0 
0 10 135 88 0 165 141 0 66 0 64 0 0 0 0 32 181 0 174 113 175 177 0 176 0 0 82 0 48 0 100 194 20 0 62 86 170 0 0 116 199 238 171 176 84 240 0 160 0 90 38 0 108 174 15 0 0 0 105 0 0 0 125 0 0 0 0 0 167 162 46 0 0 95 0 132 161 211 23 0 153 139 33 0 0 0 0 1 0 160 0 0 22 148 0 0 0 122 0 84 221 97 121 123 150 0 130 0 0 0 45 0 138 157 24 97 83 0 0 0 24 145 0 3 0 157 0 0 0 175 102 0 0 0 0 0 0 0 0 0 0 149 26 54 0 167 94 0 0 0 0 0 0 0 0 137 0 130 81 90 0 0 33 0 0 0 47 0 53 0 0 0 22 0 0 11 0 0 0 0 0 0 0 0 0 0 0 0 57 91 0 0 0 0 0 0 0 0 0 62 0 0 27 0 0 0 0 0 0 0 0 0 0 0 0 0 0 0 0 0 0 0 0 0 0 0 
25 0 158 139 176 115 127 0 104 0 129 33 77 68 0 173 49 165 197 0 95 104 0 173 139 0 0 0 35 0 20 0 7 0 28 48 188 118 0 0 159 123 0 0 0 0 0 155 0 0 27 139 0 81 159 0 0 0 99 0 0 89 170 130 0 58 179 0 0 0 0 0 133 0 226 221 72 22 0 85 0 0 85 0 86 0 105 0 0 114 191 152 0 164 142 0 34 0 107 0 0 0 104 0 0 0 143 5 0 141 0 0 19 89 0 0 0 0 44 0 0 129 0 0 109 40 99 168 86 120 0 123 175 0 4 0 87 0 115 90 0 0 0 0 0 0 0 0 0 0 0 121 61 37 0 0 123 0 0 0 0 0 0 102 0 121 110 0 0 91 0 0 0 71 0 0 26 0 0 0 0 0 89 0 0 0 67 0 67 0 0 0 0 0 0 56 0 0 0 3 0 0 0 0 0 27 0 0 0 0 0 0 0 0 0 0 0 0 0 0 0 0 0 0 7 0 0 
108 137 0 44 0 0 0 0 0 0 68 0 135 0 0 0 0 123 138 69 0 0 153 0 0 208 0 0 152 0 0 0 0 99 0 0 199 0 0 140 0 148 111 0 0 54 148 0 0 0 0 92 0 0 0 0 0 0 161 0 0 0 0 0 0 107 0 0 0 0 0 0 0 0 0 97 0 0 76 0 0 0 0 30 0 0 54 0 0 0 0 0 0 0 0 0 0 0 0 0 0 0 0 0 8 0 0 0 0 0 0 0 0 
78 0 0 206 0 77 78 0 0 0 99 0 134 0 144 93 0 0 92 0 102 0 0 0 151 61 0 171 0 48 0 58 0 0 0 62 0 0 28 0 0 0 33 0 0 0 0 118 0 0 0 0 0 135 0 0 0 0 95 0 0 0 0 0 0 65 0 0 0 0 0 0 0 0 52 0 0 0 0 0 0 0 28 0 0 25 0 0 0 0 0 0 0 0 0 0 0 0 0 
124 0 0 0 175 0 139 0 0 0 0 0 0 0 0 0 0 0 0 0 151 0 0 0 0 140 71 121 62 66 0 82 0 0 0 151 0 0 0 0 28 0 79 0 0 0 0 35 51 0 0 0 0 91 0 0 0 0 65 0 89 0 0 0 0 0 0 0 0 0 0 0 0 0 32 0 0 0 0 0 15 0 79 56 2 0 0 0 0 0 0 0 0 0 0 0 0 0 0 0 0 0 0 0 0 0 0 0 0 0 0 0 0 0 44 0 0 16 0 0 0 0 0 0 0 0 0 0 0 0 
119 0 2 0 0 0 46 0 0 0 0 134 0 0 0 37 0 0 0 0 129 216 0 144 0 98 0 0 25 0 0 0 0 0 169 0 33 113 0 121 0 0 128 0 0 0 0 0 0 204 0 0 0 121 0 0 0 47 0 179 0 0 0 0 0 0 62 0 0 0 128 0 0 0 0 0 0 0 0 0 94 0 0 47 80 0 0 0 0 0 0 0 0 0 0 0 0 0 0 0 29 0 0 0 0 0 0 0 0 0 0 0 0 0 0 0 0 0 0 0 0 0 0 0 
125 0 0 0 76 0 0 0 160 21 0 0 0 0 0 0 0 0 0 166 0 75 166 0 0 128 0 0 0 0 13 0 0 0 0 0 0 0 165 62 0 0 13 0 0 0 0 0 0 0 0 134 0 145 0 0 0 0 0 0 0 0 0 116 147 0 174 0 0 0 0 0 0 0 0 119 0 1 0 134 0 0 0 0 0 0 0 0 0 0 105 0 137 59 43 0 0 0 0 0 0 0 0 0 0 0 0 0 0 0 0 0 0 0 0 0 0 0 0 0 0 0 0 0 0 0 0 0 0 0 0 0 0 0 0 
0 0 0 0 128 72 0 142 0 0 0 47 24 150 114 62 137 38 164 128 0 139 124 0 49 146 141 0 132 0 171 0 99 108 0 0 78 148 53 155 0 54 126 0 142 0 133 100 108 0 0 231 0 0 156 138 172 161 11 94 0 132 204 0 0 1 43 169 144 107 122 132 34 93 56 0 0 0 118 237 43 111 202 0 0 147 0 0 0 226 0 0 209 160 0 126 91 107 37 196 15 0 0 0 144 193 0 0 173 132 140 0 142 202 0 0 0 0 0 0 49 0 138 0 0 122 83 58 0 0 101 0 177 0 0 0 0 0 0 147 0 132 61 0 0 0 157 163 0 0 0 0 111 147 100 0 0 0 0 0 0 0 0 0 0 0 0 0 0 96 0 0 0 0 88 0 0 0 0 0 111 0 0 0 0 0 0 32 61 39 0 0 0 2 0 0 0 52 0 0 0 45 0 0 0 0 0 0 0 0 0 0 0 0 0 0 9 0 0 0 18 0 0 0 0 0 0 0 0 0 
112 0 0 76 0 74 0 0 0 143 0 0 0 87 170 0 0 0 0 0 0 0 0 0 106 0 0 0 0 0 0 167 0 210 66 0 0 0 0 0 0 0 0 0 0 0 0 0 0 106 8 148 0 0 0 0 163 0 0 0 0 0 0 0 0 0 0 0 39 0 0 56 2 0 0 0 0 28 0 63 53 0 0 0 0 80 43 0 0 0 0 0 0 0 0 0 0 0 0 0 0 0 0 0 0 0 0 0 0 0 0 0 0 0 0 0 0 0 0 0 0 0 0 0 0 
106 0 0 33 121 13 48 0 0 84 0 0 112 13 0 0 0 0 0 88 0 0 0 160 0 0 105 0 159 9 0 0 0 0 0 0 0 0 0 0 0 0 39 168 0 0 144 7 0 0 0 0 0 0 0 150 169 0 0 72 0 0 0 0 0 0 81 120 0 0 0 0 0 0 0 0 11 0 0 0 0 0 0 12 0 0 0 0 0 42 0 0 0 0 0 0 0 0 0 0 0 0 0 0 0 0 0 0 0 15 0 0 0 0 0 13 0 0 0 0 0 0 
99 112 103 60 0 0 0 0 212 0 0 58 169 0 70 94 90 0 124 0 0 172 0 0 0 0 0 0 0 180 0 132 0 0 4 0 0 0 107 0 164 164 49 0 0 154 0 0 0 0 159 169 0 0 147 0 0 0 0 0 0 0 0 0 0 0 0 0 0 0 0 131 0 60 0 0 0 0 19 0 0 0 0 0 0 0 0 0 0 0 0 0 0 0 0 0 0 19 11 0 0 0 0 0 0 0 0 0 0 0 0 0 
96 134 0 74 235 108 118 79 0 0 76 0 0 90 0 205 157 0 0 133 0 0 0 0 53 141 0 0 90 128 45 0 143 196 0 124 171 203 180 134 60 0 56 0 98 152 193 0 120 169 126 0 176 26 0 0 0 176 0 0 108 190 87 89 169 25 0 28 0 92 0 0 138 123 0 0 0 124 0 72 0 0 81 0 175 0 108 0 33 123 5 0 103 0 78 158 152 0 0 94 31 0 0 63 0 0 133 0 0 177 125 108 165 155 122 0 0 174 195 50 208 42 0 0 178 125 0 0 0 0 112 0 137 84 178 35 191 17 0 0 174 151 0 114 0 3 0 50 140 0 0 0 0 0 0 83 0 85 0 0 7 100 0 0 0 122 0 0 0 0 0 0 9 0 0 0 5 120 73 0 0 7 0 0 0 0 2 0 3 0 0 75 82 0 0 0 0 11 70 0 0 0 0 0 0 0 0 0 0 0 0 0 0 0 0 0 0 0 0 0 0 0 0 0 0 0 0 0 0 0 0 
91 0 0 0 0 0 0 0 0 0 0 0 0 0 0 0 0 0 0 0 0 155 0 0 166 102 0 0 131 117 0 0 127 0 108 0 55 0 0 0 0 0 43 0 0 0 0 0 0 0 0 0 0 0 0 0 0 5 56 0 0 0 0 0 0 0 56 0 73 0 0 0 0 0 0 0 0 0 0 0 0 0 0 0 0 0 0 0 0 0 0 0 0 0 0 0 0 0 0 0 0 0 0 0 0 0 0 0 0 0 0 0 0 0 0 0 0 0 
92 177 0 0 0 139 0 30 0 46 0 128 57 0 84 0 0 0 0 0 0 0 123 0 0 0 192 0 0 0 0 152 0 173 0 0 0 0 175 0 0 0 0 108 169 0 0 17 75 0 0 0 0 0 36 0 0 0 181 48 0 0 0 63 0 0 0 0 0 0 0 0 0 0 0 0 0 0 0 20 0 0 0 0 0 0 0 0 0 0 0 20 0 0 0 0 0 0 0 0 0 0 0 0 0 0 0 0 0 
0 0 96 154 0 128 148 65 0 177 0 45 74 0 137 0 54 0 191 0 70 42 0 0 153 0 157 0 0 110 0 56 172 90 81 0 149 91 0 177 151 0 118 0 180 146 147 114 6 0 182 130 144 0 204 109 0 0 69 131 116 75 0 0 0 114 172 61 101 0 210 59 165 82 0 9 73 0 126 0 94 0 0 92 212 0 0 0 0 163 0 182 247 181 223 0 173 97 114 41 0 85 0 56 0 0 72 0 17 152 0 166 0 0 192 0 0 74 0 0 0 36 0 149 0 0 0 0 0 179 0 0 0 0 0 0 0 175 179 0 0 0 179 0 35 0 0 99 147 0 117 0 108 0 0 0 28 0 0 0 90 0 67 74 0 0 0 141 0 0 40 130 95 43 0 0 40 85 0 47 0 103 0 0 0 0 0 0 0 0 0 0 0 42 0 0 0 0 0 0 0 0 0 0 0 77 0 0 0 0 0 0 0 0 0 0 0 0 0 0 0 0 0 0 0 0 0 0 0 0 7 11 0 0 0 0 0 0 0 0 0 0 
149 136 175 89 0 32 0 0 118 0 74 0 108 174 0 0 0 161 228 0 0 0 102 0 0 0 118 159 0 0 203 156 114 0 181 36 0 131 204 57 179 0 156 0 69 0 129 39 7 130 178 154 0 0 202 48 0 0 0 0 138 0 0 0 0 0 0 176 158 55 0 181 0 0 106 218 120 36 0 28 0 140 0 0 101 0 195 0 174 123 125 0 0 0 0 0 0 0 124 0 202 165 0 28 167 197 155 88 175 0 15 0 106 41 170 0 0 168 183 0 0 134 0 0 0 0 0 0 174 171 0 171 0 0 119 12 0 148 128 0 0 0 0 0 98 131 0 0 0 33 0 0 0 71 0 0 0 0 0 0 0 0 122 0 0 0 0 10 59 0 0 97 80 0 0 64 0 80 72 0 0 0 0 0 108 0 98 70 0 0 0 0 0 42 0 96 65 0 0 0 29 0 19 0 0 0 0 0 0 0 0 0 0 0 0 0 0 0 0 0 2 0 0 0 0 0 0 0 0 0 0 0 0 0 0 0 
22 127 137 0 188 0 0 148 0 94 109 129 102 0 160 0 76 0 119 74 0 0 185 0 0 26 0 0 107 161 185 140 89 50 166 0 0 86 207 0 0 94 109 122 153 0 0 90 0 0 0 81 0 142 39 64 0 0 181 0 0 146 119 179 163 189 0 85 0 0 0 133 125 85 20 124 0 129 0 116 227 178 0 0 139 0 142 0 8 0 208 62 41 119 112 167 0 0 40 0 181 0 130 87 110 0 0 0 144 0 122 150 170 182 0 122 122 0 89 0 0 0 0 168 0 128 0 167 0 0 145 100 0 0 0 10 130 44 179 0 0 0 7 0 0 0 0 0 0 52 0 0 0 0 0 31 0 20 0 62 0 0 71 0 89 0 78 0 0 0 0 78 0 0 118 0 87 0 0 0 68 0 16 0 0 81 0 0 0 0 36 18 0 0 0 0 0 0 72 0 0 10 62 29 64 0 0 0 0 0 0 0 0 0 0 0 0 0 20 0 0 0 0 0 0 0 0 0 0 0 
0 84 65 140 0 0 0 13 26 0 0 0 26 39 29 0 118 36 0 0 139 0 0 0 114 124 0 0 65 69 0 181 141 175 0 0 99 124 0 0 0 62 0 26 176 0 0 0 0 0 137 0 136 0 0 0 182 178 100 155 150 130 215 1 0 178 196 0 146 129 239 0 0 40 0 0 188 250 161 204 131 137 7 0 120 0 100 148 112 0 0 3 0 0 160 114 125 141 0 0 0 0 191 0 111 148 0 179 0 138 130 0 160 0 150 0 3 0 79 180 181 0 29 0 179 0 0 0 117 131 184 0 0 0 0 0 126 0 175 11 0 178 114 0 0 0 0 0 0 31 0 0 0 122 88 0 0 0 0 54 0 0 0 0 32 0 0 0 0 0 0 0 0 0 0 0 0 25 0 55 99 0 0 0 0 0 0 0 0 0 0 0 14 0 0 0 59 0 0 0 0 31 0 0 0 0 9 71 0 0 0 0 11 0 0 25 0 0 0 0 0 16 0 0 0 0 0 0 0 0 0 0 0 0 0 0 0 0 0 0 0 0 0 
115 0 0 0 144 176 41 0 178 0 120 0 0 0 0 97 159 0 154 0 0 0 79 0 0 183 0 158 0 0 35 0 0 0 0 0 0 0 127 0 0 5 0 0 0 153 0 0 143 0 119 0 0 0 0 173 0 0 164 148 0 0 0 0 0 0 0 0 0 0 78 0 0 0 0 0 0 0 0 0 0 0 0 105 0 0 0 0 29 0 0 0 0 92 0 78 0 0 0 0 0 36 0 0 0 0 0 0 0 0 0 0 0 0 0 0 0 0 0 0 0 0 0 0 0 
136 144 0 36 0 0 0 27 0 0 0 92 0 0 0 0 0 0 55 0 0 0 137 104 137 0 11 0 0 152 0 49 181 0 0 37 185 0 0 0 0 0 0 0 0 151 0 0 0 0 134 0 53 0 0 0 156 0 151 18 0 0 0 157 0 0 0 0 0 0 0 0 0 0 0 0 0 20 49 79 0 116 0 0 0 0 0 0 0 0 0 0 0 65 0 0 0 0 0 0 0 0 0 0 0 78 0 0 0 0 0 0 0 0 0 0 0 0 0 0 0 0 0 0 0 0 0 0 0 0 0 0 0 0 0 0 
105 0 0 238 154 0 0 0 0 0 187 0 0 137 0 0 61 0 0 0 0 0 0 48 0 168 0 0 0 0 0 0 0 174 2 0 87 14 156 0 27 0 140 0 0 0 0 0 0 0 0 52 0 0 0 0 0 0 0 19 0 0 0 0 0 0 0 0 0 0 0 0 54 0 0 0 0 0 0 0 39 0 0 27 0 0 0 0 0 0 0 0 0 0 0 0 0 0 0 0 0 0 0 41 16 0 0 0 0 0 0 0 0 0 0 0 0 0 0 0 0 0 0 
87 0 0 0 152 0 0 0 0 0 0 0 0 164 0 0 171 93 0 0 117 0 0 0 181 0 125 0 0 134 0 0 36 0 0 0 0 0 153 0 0 166 0 0 0 89 0 0 0 0 0 0 0 0 0 0 0 186 0 0 0 0 0 0 0 0 0 0 0 0 0 101 0 21 0 0 0 0 0 0 90 0 55 0 0 0 0 0 0 0 0 0 0 0 0 0 0 0 0 0 0 0 27 0 0 0 0 0 0 0 0 0 0 0 
94 0 51 0 0 127 0 0 74 0 0 85 0 0 182 0 0 0 0 0 147 0 0 0 0 0 0 0 0 101 0 0 0 107 0 144 0 0 0 0 0 125 148 0 0 0 0 0 131 0 0 0 0 0 0 0 0 0 0 0 0 10 0 0 0 0 0 0 140 0 0 114 0 0 0 0 0 0 0 0 0 0 0 109 0 0 0 0 0 37 0 78 0 0 0 0 0 0 0 0 0 0 0 0 0 0 0 0 0 0 0 0 0 0 0 0 0 
123 0 0 0 166 0 161 0 0 51 0 0 0 129 97 0 175 195 0 0 0 203 65 0 133 0 0 58 0 131 0 0 0 0 0 186 150 0 0 0 0 70 0 15 0 0 0 65 0 159 169 187 0 0 0 0 91 0 0 0 0 0 0 0 0 0 0 0 0 0 0 0 0 0 121 0 0 0 0 0 0 103 0 127 0 0 0 0 38 0 66 0 0 0 0 0 0 0 96 0 0 0 0 0 0 0 0 0 0 0 0 0 26 0 31 0 0 0 0 0 0 0 0 0 0 0 0 0 0 0 
187 146 96 138 0 0 136 152 117 25 0 74 170 0 0 140 176 110 156 229 0 0 0 0 0 0 196 0 140 23 125 0 222 160 0 0 171 122 0 0 243 92 192 0 79 0 153 0 83 181 70 0 0 0 0 87 0 0 152 0 220 11 155 108 185 44 82 49 0 81 184 159 0 0 0 128 0 0 0 184 69 0 0 0 0 136 0 145 0 190 0 137 0 0 0 0 87 42 90 0 0 0 149 163 133 0 64 0 0 40 0 0 130 179 0 139 45 0 50 108 0 68 0 0 99 0 129 0 0 0 0 101 0 0 79 0 0 17 0 149 1 0 0 130 58 35 43 66 0 0 0 0 99 141 125 0 0 0 55 0 0 59 166 0 90 99 0 45 133 0 0 0 0 0 0 136 0 0 0 132 42 83 63 0 99 0 49 0 105 62 0 121 78 0 0 0 44 85 0 5 0 0 0 0 0 0 0 0 0 0 0 0 10 0 0 0 0 0 0 26 12 0 0 0 0 0 0 0 0 0 0 0 0 0 0 0 0 0 0 0 
0 0 54 0 66 113 0 94 227 0 58 146 85 0 0 0 169 53 0 0 127 19 138 48 25 0 0 170 173 72 164 0 233 172 0 0 0 0 83 0 175 0 0 124 179 0 69 127 0 80 14 0 221 181 118 113 0 208 133 114 99 139 0 0 214 0 63 0 26 156 26 28 102 0 0 135 175 0 0 89 177 0 127 28 172 179 0 0 0 0 0 20 152 0 78 0 0 118 59 172 18 0 188 0 165 0 102 0 0 184 93 0 22 0 0 0 0 180 0 226 0 73 0 42 0 0 153 0 95 64 0 86 0 29 96 109 107 0 0 188 10 41 0 0 0 0 0 0 0 95 98 0 0 0 0 0 0 0 0 0 0 19 136 123 75 10 0 0 0 0 0 0 0 0 0 0 0 0 0 0 0 0 0 0 75 0 0 0 0 58 0 60 0 99 90 3 0 0 0 0 0 0 52 0 0 0 0 0 0 0 0 0 0 0 6 0 0 0 0 0 0 0 0 0 0 0 0 0 0 0 0 0 0 15 0 0 0 0 0 12 0 0 0 0 0 0 0 
99 0 0 0 0 0 0 0 0 132 0 0 0 0 0 0 0 97 0 0 0 0 0 0 0 49 0 48 0 123 0 0 0 0 0 0 0 0 0 0 71 0 0 0 0 0 0 0 0 0 0 193 124 0 0 42 0 0 0 134 0 74 0 0 0 0 126 0 0 0 0 125 0 0 0 0 0 0 0 0 0 0 0 0 0 0 0 0 0 0 0 83 0 0 0 0 0 0 0 35 0 0 0 0 0 0 0 0 0 0 0 0 0 0 0 0 0 0 0 0 0 0 0 0 0 
133 85 0 18 0 82 0 86 115 0 0 0 0 144 108 165 0 218 0 145 0 8 72 96 189 217 52 102 32 49 0 165 199 166 0 0 121 0 0 0 158 188 30 0 0 0 0 0 0 40 186 115 0 119 205 104 0 134 0 0 131 0 0 0 0 0 12 0 0 162 3 166 0 0 0 0 90 184 0 115 0 0 178 0 0 138 0 209 3 0 123 163 201 0 133 70 0 0 0 123 0 0 180 49 140 161 0 15 90 44 109 163 133 139 88 0 0 0 0 0 138 173 0 0 176 179 85 25 0 0 0 0 0 0 0 0 67 0 0 0 172 183 0 94 83 37 171 0 112 0 71 116 0 130 0 120 88 0 29 0 0 0 0 3 0 0 0 0 0 0 125 0 0 0 0 0 15 94 0 43 0 0 105 0 0 0 0 0 62 0 0 20 0 0 47 0 0 0 0 0 0 0 0 81 0 0 54 0 0 0 0 0 0 0 0 0 6 0 0 31 0 0 0 0 0 0 0 0 0 0 0 24 0 0 0 5 0 0 0 0 3 0 0 0 0 0 0 0 0 
0 107 0 101 52 0 182 181 154 209 64 64 50 217 15 0 0 0 170 178 89 0 126 0 0 0 0 0 99 171 0 0 161 111 0 137 197 0 0 0 238 227 0 0 123 0 0 174 0 0 134 52 110 125 0 0 78 122 0 135 0 56 0 148 50 139 128 49 0 9 169 0 118 160 128 0 0 0 0 0 0 170 25 50 127 153 0 0 133 0 72 0 0 0 149 0 0 0 0 147 0 130 47 0 0 118 0 94 71 0 172 77 85 113 3 0 177 0 70 189 0 0 29 0 0 117 0 0 206 0 172 0 0 0 98 188 172 0 0 121 182 0 147 0 3 0 134 0 0 0 0 0 116 0 0 0 0 161 0 108 0 22 140 0 0 0 0 47 37 0 0 0 0 123 0 0 0 0 134 0 0 92 0 37 0 0 0 50 0 0 0 0 0 0 0 0 0 0 0 0 0 0 69 0 0 0 0 0 0 0 0 0 0 0 18 20 0 0 0 0 14 0 0 0 31 30 0 0 0 28 0 40 23 0 0 0 0 0 0 0 0 0 0 0 0 0 0 0 0 0 
104 0 0 0 0 107 172 125 30 180 0 0 0 0 0 0 0 0 178 155 162 0 0 0 0 0 0 180 0 0 0 0 0 0 0 0 0 0 0 0 0 130 0 156 155 0 0 0 0 0 0 0 0 173 0 0 0 34 0 0 0 37 0 0 0 0 0 0 0 65 0 0 0 0 0 97 0 0 0 0 0 0 0 0 0 0 0 0 0 0 0 0 0 0 0 0 0 0 0 0 0 0 0 8 0 0 0 0 0 0 0 0 0 0 0 0 0 0 18 0 0 0 0 0 0 
0 157 183 0 149 0 184 57 78 184 0 0 100 212 193 108 178 0 0 0 34 163 0 40 149 0 182 0 131 0 0 0 114 190 0 178 88 0 0 65 0 0 120 0 161 0 13 158 0 32 151 0 118 189 0 0 92 0 128 29 127 178 67 191 103 0 0 0 0 0 124 0 0 177 0 92 117 199 0 0 0 0 0 203 0 0 110 0 169 0 156 0 73 53 211 0 0 33 0 0 0 46 0 0 215 0 148 0 0 162 157 164 69 93 174 0 137 168 114 158 0 81 0 0 0 100 41 7 190 186 0 0 0 0 0 14 187 0 178 43 107 189 0 24 0 14 20 0 0 0 0 79 130 0 0 0 144 173 0 0 50 0 0 0 37 0 0 0 0 162 126 162 0 95 92 0 0 0 0 0 0 0 0 0 0 89 0 0 0 0 0 0 0 0 0 0 100 0 0 0 0 35 0 0 0 0 0 0 0 0 0 0 0 37 58 0 62 0 0 0 0 0 0 0 0 0 45 0 0 0 0 0 0 15 0 2 0 0 0 0 0 0 0 0 0 0 
34 0 146 0 210 72 207 0 128 19 223 168 0 0 53 0 193 0 0 43 150 141 7 0 104 68 94 148 0 136 0 108 0 99 59 190 0 153 0 58 148 114 109 0 106 141 189 0 0 145 100 10 0 186 135 0 161 109 0 114 0 202 0 68 162 0 188 0 39 162 0 148 175 150 136 62 0 119 0 99 132 0 133 193 90 0 183 0 41 234 0 0 0 0 0 0 180 172 0 0 0 95 0 0 0 224 0 171 11 0 0 182 198 177 105 0 0 182 105 157 71 0 0 0 0 79 0 0 143 149 0 178 17 36 0 170 99 61 77 188 0 33 0 56 91 0 144 59 0 0 0 0 46 0 0 123 0 0 0 0 0 0 0 89 25 0 0 0 0 0 0 0 116 0 0 89 0 81 117 18 0 45 77 0 0 49 107 0 0 0 0 12 0 0 0 0 0 0 39 0 0 0 0 0 0 0 0 0 0 0 0 0 0 0 0 39 16 0 0 0 0 0 0 0 0 0 0 17 0 0 0 0 0 0 0 
102 0 0 0 178 0 0 0 0 0 59 165 84 0 188 123 0 0 86 0 218 130 0 162 178 0 0 4 0 0 0 0 5 0 0 0 40 0 0 0 0 0 0 0 0 65 0 0 92 0 0 0 0 106 0 0 131 170 0 0 0 131 0 0 0 0 0 0 0 0 148 0 0 0 0 73 0 108 0 0 0 0 0 0 0 73 0 0 0 71 0 62 1 0 0 0 0 0 0 0 0 0 0 0 0 0 0 0 0 0 0 0 
0 0 0 0 194 90 0 51 34 0 113 164 0 138 240 0 25 0 49 230 112 172 0 53 0 83 52 0 0 36 72 214 96 0 123 0 191 153 99 0 0 0 196 158 89 112 189 83 165 182 0 0 54 0 107 0 0 0 38 49 0 135 0 149 0 0 38 135 120 171 0 0 0 0 0 258 189 0 117 122 167 0 0 22 0 142 0 40 136 175 246 176 72 0 116 0 179 128 0 77 116 0 0 0 0 0 0 0 0 164 68 73 0 0 71 167 176 0 11 90 0 0 0 52 0 146 0 0 0 78 0 0 167 0 0 186 110 0 0 0 0 0 0 0 174 188 0 0 0 87 83 0 0 0 183 176 163 0 0 182 142 0 0 28 0 99 0 0 0 0 0 53 101 0 0 0 0 105 0 0 0 104 0 0 10 53 86 0 98 0 0 0 0 30 100 0 0 86 0 81 0 0 0 3 0 42 0 0 0 0 0 0 0 0 0 59 0 0 0 8 0 7 0 0 0 0 56 0 0 0 0 0 0 0 0 0 0 0 0 0 0 0 0 0 0 0 0 0 
0 0 0 171 165 38 0 0 64 171 0 0 19 64 175 181 234 94 0 0 0 42 168 0 140 0 0 150 0 0 66 0 157 0 252 0 0 112 0 121 13 169 0 72 0 0 157 0 0 0 0 114 224 0 96 188 0 0 0 218 160 0 96 0 39 138 162 215 0 144 0 0 161 0 42 172 0 92 0 149 26 0 50 0 0 92 0 0 142 191 107 0 0 178 0 0 175 0 0 88 32 144 17 100 0 186 0 0 35 0 0 0 159 6 58 202 203 0 0 0 0 112 130 0 214 70 167 0 0 71 0 0 0 178 0 0 0 132 151 101 86 0 0 0 0 0 183 101 0 0 0 0 36 0 159 0 0 0 14 128 31 0 55 0 151 91 0 0 22 7 147 0 0 74 123 0 108 92 78 0 68 0 0 0 19 109 126 0 0 0 22 0 0 62 0 57 0 0 58 0 0 84 0 0 0 0 0 0 78 0 0 45 0 35 0 0 0 17 0 0 0 0 0 0 0 0 47 0 0 0 0 0 0 28 0 30 0 0 0 0 0 0 0 0 0 0 0 0 0 0 0 
108 0 25 0 173 113 122 0 0 0 0 0 122 175 81 126 0 80 0 144 0 0 0 56 0 176 0 40 0 35 0 99 0 99 0 0 162 0 0 0 0 0 65 0 0 101 185 0 0 0 74 0 0 142 0 0 0 0 0 0 173 0 0 0 0 0 0 0 0 48 0 150 0 0 0 86 0 61 11 0 0 147 0 0 0 0 0 1 0 0 68 0 59 4 0 0 0 0 0 0 0 38 0 0 0 13 0 0 0 0 0 0 0 0 
157 135 157 0 185 229 185 0 192 0 0 0 166 0 0 0 0 158 206 0 190 5 33 0 240 0 127 0 0 0 0 168 0 0 85 163 86 20 0 165 197 0 214 0 79 198 158 0 0 0 0 150 177 143 88 171 189 158 0 131 0 159 0 142 54 0 0 142 0 0 0 93 175 199 0 180 253 0 102 38 149 0 192 0 0 123 0 122 0 139 229 200 0 191 174 176 46 244 0 0 143 129 124 36 44 0 0 0 206 197 0 183 0 184 113 0 238 0 42 0 0 0 161 68 29 65 0 0 0 84 124 0 0 146 13 0 26 0 198 173 0 0 200 0 65 0 42 0 0 0 0 0 34 0 0 0 0 0 0 91 0 0 0 137 26 0 0 0 149 129 135 0 146 0 0 142 0 0 74 0 0 0 84 0 0 100 0 0 0 0 0 0 33 71 21 0 30 0 0 50 0 0 14 0 14 0 0 0 0 0 0 0 0 0 0 0 0 0 0 0 0 0 0 0 0 0 0 0 5 0 0 0 0 0 0 0 0 
112 0 0 76 132 0 0 40 192 169 236 29 0 0 0 0 81 121 68 0 0 0 153 0 0 60 0 0 0 0 0 0 0 0 0 0 6 0 0 0 0 174 0 0 0 189 156 0 0 0 36 0 0 54 0 0 194 0 0 0 0 106 0 0 0 0 0 144 0 75 0 0 0 0 57 115 0 0 13 0 0 0 0 0 0 0 0 0 0 0 0 0 0 0 0 0 0 0 0 0 0 0 39 0 0 0 0 0 0 0 0 0 0 0 0 0 0 0 0 0 0 0 0 0 0 0 0 0 0 
110 180 0 0 92 143 0 0 0 0 0 0 0 0 0 0 0 0 0 0 0 0 51 0 188 0 0 0 0 96 0 0 0 0 0 0 0 32 0 0 76 189 0 0 0 0 0 0 0 0 69 0 0 51 24 0 0 0 0 0 0 0 0 192 0 0 0 0 0 151 94 0 0 0 0 40 0 0 0 114 0 0 0 0 0 0 0 0 0 137 0 0 0 0 0 0 0 0 0 0 0 0 0 0 0 0 0 0 0 0 0 0 0 0 0 0 0 0 0 0 0 28 0 0 0 0 0 0 0 0 0 0 
75 158 0 0 0 0 230 0 210 104 89 60 88 0 16 0 0 145 284 0 223 128 0 0 55 187 0 160 6 0 0 45 0 0 0 91 124 0 0 0 105 0 139 72 106 0 0 0 0 121 158 144 0 0 92 0 0 0 0 0 0 95 131 0 166 252 125 201 0 0 123 0 0 91 0 111 183 173 105 89 178 0 137 0 0 0 0 0 275 214 0 0 231 184 0 108 103 0 245 0 154 46 0 127 117 122 147 31 135 156 0 87 0 184 0 152 2 32 0 65 216 85 0 0 164 91 0 0 153 0 122 184 169 0 0 0 65 0 0 179 2 0 130 166 0 0 0 0 164 179 139 0 0 98 0 0 86 0 150 179 185 0 76 0 0 0 7 33 86 0 0 0 0 0 107 0 0 0 0 0 6 0 0 0 0 0 26 0 45 85 0 80 36 14 0 0 0 0 0 63 0 0 3 0 71 0 0 84 0 0 0 0 0 0 0 0 0 0 0 0 0 25 0 0 0 0 0 0 0 0 0 0 0 0 0 0 0 0 0 0 0 0 7 0 0 0 0 0 
36 0 229 0 0 59 0 163 128 58 29 0 0 0 0 63 0 84 0 49 189 192 0 118 142 0 0 0 176 41 40 251 24 127 0 0 0 26 56 186 0 0 159 169 79 105 18 0 126 149 0 177 0 41 42 53 64 99 0 205 152 0 0 191 24 158 170 128 0 47 0 56 94 193 44 0 175 137 0 185 0 0 180 0 168 180 155 186 0 34 0 232 0 0 155 0 173 0 136 0 0 193 19 116 8 130 0 131 191 121 0 0 164 109 0 50 85 218 85 117 0 92 0 24 1 191 182 172 0 0 33 0 0 0 112 0 0 151 180 0 0 177 146 0 0 0 0 0 0 163 21 85 0 62 48 0 0 33 48 189 0 169 122 0 0 0 94 0 0 0 151 0 0 0 0 10 7 97 0 128 39 0 123 83 0 1 63 0 0 0 0 41 0 0 0 87 0 0 0 0 0 0 0 0 55 0 0 0 0 0 0 0 0 88 0 0 0 5 0 0 0 0 0 0 0 0 0 0 0 0 0 0 0 0 0 0 0 0 0 0 0 0 0 0 0 0 0 0 0 0 0 0 0 0 0 
116 155 0 98 0 0 18 0 233 0 0 185 153 0 0 0 0 0 10 0 193 136 0 95 77 0 191 0 0 23 0 0 0 0 0 139 0 0 0 0 0 94 0 174 0 0 0 189 0 28 0 0 0 0 0 173 0 0 0 0 0 0 0 0 0 0 0 0 158 0 0 0 0 0 0 0 0 0 0 0 0 0 0 52 0 0 0 0 32 0 0 0 0 0 0 0 0 0 0 0 0 81 0 0 0 0 0 0 0 0 29 0 42 0 0 0 0 0 0 0 0 0 0 0 0 0 0 0 0 
0 178 128 160 0 127 0 238 72 0 183 0 177 110 167 244 0 86 0 174 0 64 0 174 0 79 39 149 30 80 150 188 203 0 0 44 0 0 0 0 0 0 0 0 0 38 62 38 148 83 189 0 183 140 113 164 0 0 200 154 98 28 229 154 0 0 248 143 0 142 131 120 0 85 140 0 0 0 0 28 0 0 0 0 191 123 197 0 0 0 78 0 0 0 131 121 0 0 0 0 218 0 0 0 112 0 127 136 158 114 0 117 0 171 16 165 163 0 119 132 55 129 0 0 0 0 0 167 127 105 116 108 0 134 0 0 15 0 60 56 218 0 0 0 136 0 0 38 52 0 0 171 20 12 0 0 149 0 183 0 178 0 0 0 0 0 124 0 0 72 105 165 0 0 0 0 0 0 51 0 0 0 91 0 0 0 10 0 0 42 0 0 0 0 74 12 0 12 0 0 0 26 0 80 0 0 0 0 0 0 0 0 0 14 0 0 0 0 0 0 0 0 0 0 0 0 17 0 22 0 0 0 0 0 0 0 0 0 0 0 0 0 0 0 0 0 0 0 0 
133 0 124 0 0 200 0 0 0 0 50 0 0 0 22 122 120 146 0 0 20 0 0 0 0 0 73 0 0 0 0 0 143 0 0 173 0 0 0 0 0 0 0 0 176 0 0 0 0 79 0 0 0 173 0 0 0 0 190 0 0 0 0 0 0 0 0 168 0 8 0 0 0 0 0 179 0 0 0 0 0 0 0 0 0 0 0 0 0 154 120 0 0 0 11 146 0 0 0 0 24 0 0 0 0 0 0 0 0 0 0 0 0 0 0 0 0 0 0 0 0 0 0 0 0 0 2 0 0 0 0 0 0 0 0 0 0 0 0 0 0 
177 151 231 147 67 0 0 188 0 217 0 76 0 213 75 237 0 29 57 116 0 0 84 231 0 98 83 80 66 0 0 94 9 0 0 0 0 158 104 0 137 124 128 150 3 0 0 179 196 106 0 0 29 136 0 45 0 0 64 248 119 43 0 171 144 113 207 46 0 171 85 0 0 247 0 117 190 0 0 0 0 0 0 0 235 144 0 0 0 102 0 133 0 246 0 0 0 258 0 0 0 191 103 0 0 0 173 171 183 102 136 0 17 98 0 0 209 0 0 0 0 146 0 0 0 110 0 104 0 0 0 0 0 176 190 0 175 0 151 2 176 156 0 105 146 112 150 0 175 0 0 0 150 82 50 0 188 0 44 111 0 0 0 0 0 0 92 0 0 0 0 99 0 127 0 0 139 24 42 0 0 64 0 0 0 0 0 111 0 28 0 22 102 0 0 0 101 0 0 0 106 9 0 0 0 0 50 0 0 0 0 0 0 0 0 0 0 0 0 0 0 0 3 0 0 0 0 0 0 38 0 0 0 0 0 6 0 0 13 0 0 0 0 5 0 0 0 
128 0 0 0 0 4 0 0 0 14 136 0 195 0 0 0 0 111 0 0 0 0 0 0 0 0 0 0 62 0 0 118 23 0 0 0 0 0 0 0 0 194 0 0 0 141 0 124 0 0 0 16 0 127 0 0 0 0 154 0 0 0 0 0 185 0 0 0 0 52 0 0 0 0 0 0 0 138 0 0 140 0 0 0 175 12 0 0 0 0 0 39 0 0 0 0 0 64 0 80 0 0 0 0 0 0 63 0 0 0 81 0 0 0 0 0 0 0 0 0 46 0 0 0 0 0 13 0 0 0 0 0 0 0 0 
133 190 0 24 0 0 70 41 196 92 110 81 0 38 101 0 164 0 38 0 42 0 126 43 113 6 119 118 0 54 188 153 0 0 170 0 0 0 0 116 38 165 52 35 0 191 0 0 131 6 271 0 0 165 84 95 149 0 140 0 0 24 130 0 172 35 0 0 168 0 0 0 192 105 0 0 74 84 157 148 0 181 55 0 49 152 192 0 0 84 217 0 133 168 178 139 139 74 0 200 0 93 20 132 0 164 0 0 0 222 0 10 0 156 176 0 252 0 150 0 0 0 94 197 0 36 190 206 2 96 57 0 163 0 6 208 0 92 0 0 111 16 0 0 99 175 54 0 0 0 172 0 132 0 0 0 0 0 50 0 0 0 0 0 4 0 0 0 0 90 166 0 13 0 0 0 118 0 0 0 99 51 0 0 0 128 55 0 0 0 0 60 0 23 0 0 0 0 87 0 0 34 0 0 0 0 29 0 0 0 0 0 0 0 43 92 0 56 38 0 0 0 0 0 0 0 9 0 0 0 32 0 0 0 0 0 0 0 0 0 0 0 0 0 0 0 0 0 0 0 0 0 
