46
10 25 10 15
10 15 15 15
15 15 15 10
15 10 20 10
20 10 20 15
20 15 25 15
25 15 25 25
20 10 30 10
30 10 30 14
30 14 30 19
30 19 30 25
30 19 35 19
30 25 35 25
30 14 35 14
30 10 40 10
40 10 40 25
40 25 45 25
45 25 45 20
45 20 50 20
50 20 50 15
50 15 45 15
45 15 45 10
45 10 40 10
45 10 55 10
55 10 55 20
55 20 55 25
55 25 65 25
65 25 65 20
65 20 60 20
60 20 55 20
60 20 60 15
60 15 65 15
65 15 65 10
65 10 70 10
70 10 70 20
70 20 70 25
70 20 75 20
70 25 75 25
75 25 75 20
75 20 75 10
75 10 80 10
80 10 80 25
80 25 83 25
83 25 83 12
83 12 85 12
85 12 85 25
42 10
