39
10 10 10 15
10 15 10 20
10 20 15 20
15 20 15 15
15 15 10 15
10 10 20 10
20 10 20 15
20 15 20 20
20 20 25 20
25 20 25 15
25 15 20 15
25 15 25 10
25 10 30 10
30 10 30 12
30 12 30 20
30 12 35 12
30 10 40 10
40 10 40 12
40 12 38 12
38 12 38 15
40 12 43 12
43 12 43 20
40 10 50 10
50 10 50 15
50 15 50 20
50 20 55 20
55 20 55 15
55 15 50 15
55 15 55 10
55 10 60 10
60 10 60 15
60 15 60 20
60 15 63 15
189 255 255 255
300 200 300 300
63 15 63 17
63 15 63 13
63 17 65 17
63 13 65 13
65 13
