2000 2000 12244416 146
777 3878641
1387 11498881
244 753818
1299 9024058
334 1351318
520 10973932
61 10968085
778 9998082
1448 7811186
696 8050643
953 5504792
1450 3029930
934 892729
381 11340303
851 9032214
104 8791277
204 8443320
1744 2035737
560 5024134
107 7532337
871 2435444
466 10376747
1248 11828540
740 8427125
307 6406825
1516 10305491
1376 4550891
1468 8937857
1815 9077424
1025 4362965
1373 3737521
1262 1820811
1608 11778287
1013 4422713
1328 5494645
30 6222606
1578 8795205
1108 11911919
728 7774499
802 6352940
417 7617131
1283 9137674
397 8327738
1237 8189943
1734 4443161
157 1604270
525 4041036
808 10939825
1558 2570779
425 3422061
919 10362322
1208 11284663
1793 9288753
603 5870742
1297 9625096
1700 9578461
690 11926848
1485 7744134
867 11223228
892 2613449
1433 642640
1632 10861906
931 67842
1544 6638497
314 903608
1650 4126588
1762 9033318
1550 7592610
1205 7700597
424 7468008
347 8231427
1167 6795511
1189 1028064
1687 10243524
207 2868400
188 709072
1561 10971036
251 11842242
707 6704439
1763 9356190
776 9733094
203 11351095
359 7094933
1410 1287141
1500 9352581
1193 1604712
762 3695596
936 8109387
836 6157684
117 2108097
1733 8884891
471 282584
1541 8769474
1602 8121703
1829 1136092
433 7153810
998 4395095
689 5205402
348 9574160
682 10926195
260 90133
1534 7093031
1353 1617071
1730 4130922
270 2562263
906 652400
1494 9722228
232 888666
1624 3294407
1524 1751983
1060 903293
1785 3163402
161 11446684
1753 301367
1273 6769390
278 4116118
950 500729
1467 10157870
1246 36660
414 5403045
1465 10854129
1732 5400084
118 3769521
19 11596002
1483 4572960
1240 8714579
1046 8006555
937 7076850
1533 11987567
55 9979546
1364 11367120
49 3419696
952 2873587
1119 4255081
1230 9342432
1685 3241296
350 11822108
1370 2175957
99 6183629
1791 11682476
1778 1746557
1249 6788920
639 4967794
227 8465060
1346 3343154
1591 10911992
216 1442030
1619 3357139
304 10079656
940 7406761
1424 444992
223 8722520
1694 9946532
1072 2421352
276 3930454
141 2668110
1554 7283923
338 7301
1817 1197865
318 8986510
302 5753315
346 662229
1594 8116352
1645 9413129
1839 10844167
94 696183
671 11496467
1438 9772642
918 5962937
518 9370131
505 11615647
1458 10395421
287 10602666
699 9760768
1350 5244045
1223 11020729
1835 6551226
1138 10330832
613 10409516
1442 4298418
1186 8835377
1194 6912119
1278 5543524
123 10600291
162 3742137
1501 3583834
499 4667236
1395 2874166
17 1498196
1204 11509167
687 9693872
1797 7246618
1748 3528289
731 1147287
986 4999286
308 4862325
1122 2102928
546 7646451
31 9132442
744 6725521
1536 301815910
1538 579776224
1537 505502819
1538 419836724
1537 6743538
1539 9129437
1537 16534523
1538 -10788962
1539 -9118330
1540 1411716
1539 5119715
1537 4722370
1542 132212
1540 389834
1536 14867
1541 405150
1541 378788
1539 406453
1536 299038
1538 -42213
1540 1345
1538 3289
1538 -1174
1541 295
1539 455
1541 2611
1540 2572
1540 1977
1539 223
1538 3042
1538 -1072
1541 -2333
1541 -2638
1539 -125
1541 -715
1542 -922
1541 -1278
1537 -2107
1538 2925
1538 -1595
1540 -1307
1537 -973
1541 1514
1537 61
1540 1002
1540 218
1538 2344
1536 -1663
1540 663
1542 834
1536 134
1540 -908
1541 -730
1539 -391
1538 -529
1538 545
1538 -890
1537 1642
1542 -734
1541 -824
1542 -717
1538 -1841
1540 763
1539 1878
1536 638
1539 226
1537 -1179
1537 991
1539 971
1539 454
1540 1678
1536 585
1537 -810
1538 622
1536 848
1541 -758
1538 -2
1542 -1565
1538 -1020
1538 311
1539 953
1538 922
1538 -1417
1541 629
1538 1967
1538 -2079
1539 683
1537 876
1537 -228
1539 -424
1542 -640
1540 -187
1539 -579
1540 -281
1541 -96
1540 -11
1537 -299
1542 21
1540 1539
1541 1295
1540 1107
1538 1260
1537 -1341
1536 1368
1538 -1832
1538 2444
1540 -2825
1541 -3940
1537 -137
1537 -3867
1540 4947
1541 2256
1540 2188
1538 234
1539 4097
1542 443
1541 1871
1539 4245
1538 662
1539 3178
1540 3800
1538 -3458
1540 2780
1541 461
1540 5782
1537 4742
1537 778
1540 -950
1539 -163
1536 -1846
1540 787
1540 1768
1541 2438
1542 2585
1537 1397
1538 -344
1540 216
1538 716
1540 -387
1541 -385
1539 -669
1537 -1356
1540 2113
1541 90
1541 2378
1537 348
1537 1608
1538 -1945
1540 647
1538 1946
1539 -1620
1541 -2381
1538 -985
1537 -984
1540 2251
1538 247
1537 856
1539 -1342
1537 -229
1541 519
1538 583
1538 -899
1539 113
1540 651
1538 1094
1538 -1805
1542 823
1537 240
1541 1964
1536 260
1541 75
1540 1500
1540 1350
1538 410
1538 635
1541 -1793
1539 -238
1539 -296
1540 -1500
1540 -1116
1537 -507
1538 -135
1541 293
1538 108
1539 875
1539 203
1540 1021
1538 40
1540 -792
1540 -919
1540 -510
1540 -632
1540 -1014
1539 -691
1539 -791
1540 -916
1539 -238
1541 -282
1539 -54
1538 -967
1539 606
1540 322
1537 336
1538 -644
1538 2036
1537 -486
1539 -1345
1539 -392
1539 -1329
1536 -155
1538 -577
1540 1106
1541 1200
1539 1061
1540 1426
1542 506
1540 1537
1536 1145
1542 -881
1536 -1410
1539 1107
1537 1801
1538 -2331
1538 1367
1540 -1243
1541 -1132
1538 -58
1540 -1162
1540 -202
1539 -391
1542 -696
1538 -956
1542 1300
1539 1407
1542 -822
1537 657
1542 504
1539 473
1541 555
1538 1040
1540 -2017
1540 -1908
1537 -2147
1539 2331
1539 540
1542 1215
1540 1667
1539 3024
1537 2485
1537 -1104
1539 -553
1538 -10
1537 -419
1536 419
1537 -62
1536 25
1537 -716
1540 214
1536 93
1537 269
1541 1040
1536 105
1538 1452
1539 -1458
1542 -956
1537 -1857
1541 1383
1537 338
1539 1250
1540 1543
1539 713
1542 1023
1537 1561
1538 -1249
1538 -619
1540 1040
1539 406
1541 452
1538 2074
1540 -245
1538 -2837
1537 830
1541 -307
1539 1063
1538 697
1537 -240
1538 700
1537 -850
1541 629
1538 653
1540 -865
1538 -895
1540 1922
1539 1384
1537 988
1538 -1372
1540 317
1536 2379
1537 -3286
1536 1118
1539 138
1540 533
1540 787
1538 1412
1540 -2262
1537 -358
1540 -60
1541 -1221
1539 -327
1537 -1708
1540 294
1540 228
1540 520
1536 1625
1541 -640
1540 -450
1540 -1038
1538 -107
1541 -1256
1541 -165
1538 -1073
1539 12
1539 1654
1537 1923
1541 -1875
1536 -440
1539 -182
1542 -1099
1540 -1350
1538 -827
1541 411
1541 1146
1541 1180
1540 854
1539 1003
1541 185
1540 456
1537 10
1539 279
1537 188
1538 697
1540 -1538
1541 -2208
1537 1747
1538 -2638
1542 452
1537 518
1538 -820
1538 148
1539 438
1536 677
1538 -732
1538 950
1540 -245
1540 -481
1540 -621
1540 -593
1541 -1069
1538 -1799
1542 -962
1541 659
1541 663
1541 2223
1541 222
1542 795
1539 649
1540 853
1542 1778
1539 336
1542 469
1538 -264
1541 2203
1542 3035
1536 351
1537 1118
1540 482
1540 14
1540 237
1541 125
1540 307
1540 507
1539 601
1539 482
1540 548
1541 401
1538 121
1539 -916
1541 -78
1539 -1111
1538 -1023
1539 820
1539 530
1539 879
1542 810
1539 1377
1539 2028
1541 150
1536 730
1537 681
1538 -106
1538 -825
1540 1748
1539 266
1539 1024
1540 1329
1539 728
1540 1500
1538 1177
1540 -2268
1539 2299
1536 -2184
1539 464
1540 2945
1537 3404
1542 -2204
1539 -3145
1539 -3228
1539 -208
1538 -339
1539 -3896
1539 -1860
1541 -3404
1542 -2215
1538 -1069
1542 -1362
1537 -159
1539 -683
1539 -245
1541 -1103
1541 -1413
1542 -1062
1538 -435
1536 1133
1538 -2281
1538 1358
1540 -519
1540 -572
1536 -8
1538 -434
1538 869
1538 -553
1538 637
1540 -1056
1539 -648
1537 -1697
1540 2877
1539 2231
1538 97
1540 2405
1539 2613
1540 2027
1537 1506
1537 -464
1542 -603
1539 -455
1538 -25
1539 -821
1539 -405
1537 -458
1538 1410
1539 -524
1538 -2721
1541 630
1542 4084
1536 3620
1540 -2892
1538 -4060
1538 2986
1540 -2606
1540 -2478
1540 -1215
1537 -476
1537 -943
1540 1607
1540 1182
1539 965
1541 1039
1538 820
1540 -220
1539 -565
1540 -1376
1539 -8
1540 -1357
1541 -1075
1537 -413
1538 1087
1537 -694
1542 -865
1540 -482
1538 -15
1541 -1240
1541 -1261
1537 -751
1537 747
1538 -1322
1540 854
1538 3071
1536 -69
1538 -332
1539 -1119
1538 -1645
1538 876
1541 -463
1536 -2347
1538 1894
1540 -1342
1539 -727
1537 -14
1539 -217
1539 -1257
1540 -662
1542 142
1537 -899
1538 332
1538 995
1540 -630
1542 -939
1538 -390
1538 -558
1542 1273
1541 892
1540 553
1542 656
1540 620
1540 1039
1540 1070
1538 444
1538 -1282
1541 1233
1541 2712
1540 2803
1540 1299
1540 433
1540 2230
1539 77
1541 1554
1540 2619
1536 1567
1539 -177
1537 -1074
1537 376
1541 766
1538 495
1542 -219
1541 -84
1539 -348
1539 -629
1540 -1003
1538 -320
1540 790
1539 590
1541 334
1536 332
1538 -352
1539 404
1541 658
1539 398
1540 410
1538 433
1540 -1507
1536 -1476
1541 112
1538 1515
1540 -1453
1538 -811
1538 -1552
1538 1055
1541 2728
1539 276
1539 1350
1539 2076
1536 333
1537 700
1540 -1295
1538 -398
1541 408
1539 896
1541 1386
1537 -132
1540 1278
1538 1526
1539 -2030
1538 -1435
1541 1271
1540 998
1542 93
1538 827
1539 -1300
1539 -785
1542 -1786
1538 -1286
1540 478
1538 1433
1540 -806
1541 -2083
1540 -513
1540 -1549
1541 -1941
1541 -1730
1540 -1843
1542 -2229
1537 -114
1539 738
1537 -1356
1541 54
1541 1793
1539 2191
1538 -609
1539 1484
1538 3228
1539 -2049
1541 -581
1539 -549
1540 -636
1536 -1054
1541 -46
1536 -290
1542 -536
1539 -29
1542 -748
1540 184
1540 -1838
1541 -17
1538 -1019
1540 184
1540 1474
1536 2022
1539 -3134
1541 -2483
1540 -2947
1539 -164
1542 -3763
1540 -209
1540 -744
1539 -2603
1541 -2829
1541 -3719
1538 3915
1540 -4784
1540 -3428
1538 -2779
1539 -4952
1537 -725
1537 -3640
1540 184
1539 4109
1541 3960
1541 2385
1538 2697
1538 -454
1542 -473
1539 -960
1542 -450
1537 -1267
1539 2173
1540 648
1537 1902
1540 -2379
1536 -1165
1536 958
1541 -983
1537 -2271
1540 709
1537 1003
1538 1373
1536 -3064
1539 4707
1541 118
1538 2434
1539 -534
1538 -493
1536 709
1538 -634
1537 -631
1538 1404
1541 -1828
1540 -1393
1541 -536
1539 -2321
1538 -701
1540 -687
1540 -293
1539 -781
1536 -220
1540 776
1541 1002
1539 521
1542 343
1539 452
1538 156
1541 1026
1538 -686
1538 849
1537 -305
1539 601
1538 1219
1537 -751
1537 -1319
1542 691
1539 715
1540 1804
1536 2619
1541 -2573
1541 -3138
1539 -2599
1540 -3026
1540 -2186
1538 -2757
1537 3138
1540 2906
1539 -4658
1538 -4360
1541 2281
1536 317
1537 1221
1542 2363
1541 740
1539 2269
1538 1333
1539 -1753
1541 -1258
1538 -1044
1537 746
1540 -1215
1538 -180
1540 -986
1539 -390
1537 -517
1540 1902
1538 1082
1542 -1531
1540 -1991
1538 -357
1538 -1273
1540 1637
1538 2854
1537 -1620
1540 1421
1540 -1404
1541 484
1541 -1056
1540 -553
1537 -735
1541 1878
1540 915
1541 1663
1539 766
1540 478
1538 1398
1539 -1149
1540 -1888
1539 -72
1538 -2776
1540 2964
1541 -464
1540 571
1538 3388
1537 2356
1541 -2984
1537 -6466
1540 4914
1540 751
1541 4967
1539 1597
1541 4162
1537 19
1540 1265
1538 -1552
1539 2505
1539 1982
1540 5885
1536 3505
1538 587
1536 1048
1541 -2818
1540 -605
1539 -1470
1540 -2888
1541 -863
1538 -685
1537 -1437
1539 3076
1539 723
1539 23
1538 945
1539 907
1540 832
1541 1203
1539 202
1541 215
1538 944
1538 -1319
1539 1650
1542 1499
1539 1814
1539 981
1537 1103
1538 -1198
1539 981
1538 242
1540 1548
1542 1520
1538 539
1538 -330
1539 158
1542 346
1541 1088
1539 553
1537 217
1541 -1032
1538 -462
1541 743
1540 506
1540 897
1537 362
1539 800
1539 918
1539 473
1542 830
1537 893
1539 -1787
1536 -738
1542 -243
1540 -645
1542 -121
1540 -1055
1536 -960
1538 1374
1537 -1855
1542 698
1540 1331
1539 1303
1540 653
1538 2743
1540 -3621
1539 1142
1538 -682
1540 -2172
1540 -1825
1540 -1878
1538 -1728
1541 739
1541 827
1538 236
1536 1763
1540 -1921
1539 -2157
1539 1375
1542 -2007
1541 -2612
1538 -103
1539 -308
1539 -2470
1539 -423
1542 -1837
1540 -2257
1539 -1720
1540 2549
1541 -2618
1541 -1245
1540 -2676
1540 -155
1540 -1830
1536 -368
1539 -1636
1542 -511
1539 -505
1541 -804
1537 -63
1539 -97
1537 -1030
1538 94
1542 1352
1540 1039
1541 959
1541 419
1540 608
1537 455
1537 905
1540 -1813
1541 -2312
1537 -2126
1540 394
1537 -3496
1538 7240
1541 -1038
1538 -5909
1538 143
1537 7368
1540 -7508
1541 -6208
1539 -3367
1542 -2008
1538 -7235
1538 648
1537 4462
1537 -1561
1540 -1566
1540 -195
1539 -700
1538 -255
1540 -1026
1541 -273
1539 -332
1540 -234
1541 -319
1539 -603
1538 -147
1539 511
1539 557
1539 466
1539 872
1536 475
1537 -169
1537 -1470
1540 1469
1538 2481
1539 -1733
1541 -2391
1536 -1758
1542 950
1539 1663
1539 2
1537 820
1538 -1669
1538 317
1540 2134
1538 348
1541 1821
1537 1336
1538 -1998
1536 2552
1538 488
1537 -1801
1536 817
1536 1647
1541 -5012
1538 -3339
1541 870
1539 1839
1538 836
1538 596
1541 -1035
1536 -1950
1539 895
1542 26
1541 2052
1537 3319
1540 -1420
1538 -3681
1541 3341
1539 1791
1541 148
1537 3704
1540 -3335
1541 -169
1538 -413
1536 -93
1539 2550
1540 -3227
1542 -3100
1541 -1271
1540 -2899
1540 -275
1537 -1786
1538 1131
1539 -1084
1542 -1397
1538 -1520
1540 1960
1537 1288
1540 -760
1542 1819
1540 -264
1536 -849
1542 1512
1538 1068
1540 -414
1541 -299
1538 -2010
1538 1369
1539 -152
1536 -147
1539 1117
1540 649
1539 933
1538 133
1538 -292
1537 1267
1538 -2623
1541 2599
1537 3676
1539 -1487
1541 -4527
1537 -2126
1542 888
1539 790
1540 931
1539 241
1539 693
1541 77
1537 145
1537 -485
1539 612
1539 1482
1538 1493
1539 -1619
1540 -1641
1539 -1644
1536 -1604
1539 1933
1540 876
1541 1506
1539 499
1538 442
1538 157
1540 -728
1539 -229
1537 -682
1542 1119
1540 1129
1541 1213
1537 -1907
1538 4327
1538 -3764
1542 2209
1540 199
1539 2200
1540 3091
1540 3024
1540 1151
1540 1722
1541 1698
1538 1884
1536 925
1539 -2667
1539 -2252
1539 -2413
1541 -1740
1537 -2098
1538 28
1538 1875
1537 -248
1537 -176
1542 -1491
1539 -982
1539 -1382
1540 -905
1539 -257
1538 -1135
1539 2625
1536 596
1542 150
1541 416
1537 414
1542 -683
1537 1180
1541 -538
1538 -1124
1541 -1317
1537 -1285
1537 198
1538 1769
1539 -1674
1541 -2507
1536 -617
1541 -1349
1542 -69
1540 -378
1538 -664
1540 1084
1542 901
1537 989
1540 -1282
1542 -1663
1538 -241
1538 -947
1539 607
1538 1594
1538 -1599
1541 1116
1538 1459
1540 -836
1536 -47
1539 -56
1539 -2220
1537 -2422
1538 890
1541 1441
1539 1604
1539 1448
1537 70
1541 2000
1539 689
1542 1239
1538 1346
1537 -367
1537 -1090
1540 185
1538 1892
1539 -1704
1537 -595
1538 -1733
1537 3182
1538 -2190
1536 876
1540 -129
1541 -488
1537 -343
1540 -1365
1537 -429
1539 339
1538 596
1538 -1002
1539 1025
1541 1133
1541 1577
1537 818
1539 -688
1540 -6
1541 -1552
1541 -119
1540 -1158
1542 -160
1536 -1005
1541 339
1539 2246
1542 22
1540 1380
1542 1720
1540 745
1540 210
1537 1687
1540 -309
1536 -1510
1536 1417
1540 -417
1539 -1163
1537 -429
1538 -37
1540 -326
1539 -472
1538 -51
1538 -1643
1541 1276
1542 2238
1536 3079
1540 -1647
1541 -2713
1538 -199
1540 -4171
1539 -3964
1541 -875
1538 -590
1538 -2630
1536 1162
1537 -1861
1536 1057
1538 2786
1541 -1975
1537 -1438
1539 442
1539 -338
1539 -581
1542 -1203
1540 -1178
1541 -1101
1538 -1123
1538 1383
1540 -1416
1539 -18
1538 -1034
1538 -2146
1537 1604
1541 392
1539 1153
1538 2115
1541 -1136
1538 -2637
1538 3572
1536 -4566
1539 1810
1541 2674
1538 159
1538 1810
1538 2501
1541 -3187
1536 -1186
1538 -1893
1541 2513
1540 499
1537 1708
1540 -942
1539 -1253
1542 -105
1537 -1034
1536 1686
1541 -858
1538 -1019
1540 108
1540 -535
1539 -12
1539 -781
1540 -80
1542 -395
1539 -478
1541 -49
1539 -998
1539 -206
1541 -685
1536 -421
1540 613
1539 1731
1538 251
1539 121
1537 532
1540 -322
1536 -1175
1540 821
1538 1435
1539 -1437
1542 -642
1539 -305
1536 -993
1540 422
1537 1217
1537 -296
1537 -324
1540 -31
1540 -1243
1541 -847
1540 -298
1539 -931
1541 -574
1537 -639
1540 150
1536 1299
1540 -1247
1539 -2586
1540 -904
1541 -2520
1539 -1153
1540 -1773
1539 -2087
1538 -2463
1537 2273
1537 -2264
1538 805
1537 1442
1541 -1769
1537 -835
1538 690
1537 -1419
1536 602
1538 724
1540 -16
1541 -493
1537 -928
1539 934
1539 1115
1541 1620
1539 1685
1539 1628
1538 1181
1537 -2207
1536 1339
1540 133
1540 1217
1540 529
1541 693
1538 1045
1542 -376
1540 -2064
1538 -764
1539 -579
1540 -488
1537 -1044
1537 2479
1539 -3280
1540 -515
1542 -3930
1536 -1285
1539 -357
1538 -285
1540 719
1541 1024
1540 911
1537 814
1541 -1919
1538 -934
1541 70
1539 159
1539 157
1538 827
1540 -2104
1541 -1484
1536 -1554
1538 817
1539 1059
1539 550
1540 1042
1540 881
1540 619
1538 701
1536 -1318
1539 1108
1540 706
1541 1341
1539 1464
1540 896
1542 1607
1542 1339
1538 1117
1537 -1057
1541 1846
1537 933
1540 -902
1539 -212
1539 -27
1540 -1078
1537 -921
1539 582
1538 2098
1542 -2360
1542 -3072
1540 -3731
1538 -2510
1539 1113
1537 1607
1538 -1996
1538 2932
1538 3232
1537 -10497
1538 1260
1540 7484
1538 9685
1541 -10790
1536 -4676
1542 -524
1537 -1214
1540 232
1539 2079
1539 2296
1540 2179
1539 1625
1538 1076
1541 -656
1539 -1454
1539 -1426
1539 -317
1538 -1358
1541 2485
1541 2592
1538 1237
1541 -907
1539 -526
1539 -692
1540 -1253
1540 -269
1541 -1114
1537 -892
1542 2195
1538 620
1537 -367
1537 145
1540 181
1540 941
1542 316
1539 615
1537 375
1538 -1066
1538 408
1540 1873
1541 255
1538 642
1540 -704
1541 506
1539 -681
1537 -1281
1540 3243
1538 -425
1539 66
1539 363
1538 3693
1538 -4429
1536 5537
1537 -2752
1540 -1169
1536 -1845
1540 1005
1536 3672
1540 -4108
1538 -2623
1540 785
1536 487
1541 894
1537 -1327
1538 308
1536 1740
1537 1244
1539 -160
1539 1149
1538 -2310
1540 1170
1538 242
1538 -205
1538 -715
1539 1875
1541 2190
1538 368
1538 515
1540 -450
1539 -475
1540 -739
1537 -188
1539 511
1541 64
1539 1157
1540 1273
1542 -257
1540 842
1538 1023
1539 -2671
1541 -2247
1538 -1243
1538 227
1541 202
1540 357
1538 1087
1538 -2344
1541 2183
1537 3751
1540 -1484
1540 -4313
1538 -5349
1542 3193
1538 4393
1539 -2395
1538 -2844
1538 2588
1538 -167
1539 -1251
1537 -2208
1537 606
1541 741
1542 899
1537 2036
1541 -701
1537 -2068
1538 812
1537 -919
1540 554
1538 1105
1538 -290
1542 -643
1539 -27
1540 -561
1536 -1040
1540 2804
1538 1817
1540 -1775
1540 -1363
1540 -422
1539 -2624
1540 -723
1538 -322
1540 -554
1540 -913
1537 -1689
1538 2357
1541 -1895
1538 -1181
1536 515
1539 -1306
1542 -1266
1539 -1990
1541 -492
1539 -1887
1541 -1500
1541 -1489
1541 -1114
1540 -336
1539 -86
1542 -557
1539 -234
1542 -789
1542 -381
1542 -60
1540 -1361
1537 -1446
1538 290
1540 921
1540 1539
1540 2030
1538 1778
1540 -3036
1536 -393
1538 -1628
1536 1889
1538 -1781
1540 1811
1538 1170
1540 -2
1538 376
1538 -1270
1539 148
1540 806
1538 1841
1540 -3517
1538 -2011
1540 504
1537 437
1538 959
1536 -399
1539 -539
1542 -109
1538 -110
1537 -162
1542 -402
1540 -165
1537 -488
1539 996
1539 45
1538 1754
1539 -3606
1536 -991
1542 -540
1540 -961
1542 -764
1539 -1152
1539 -96
1539 -223
1540 -911
1540 -128
1539 -478
1541 -1326
1541 -619
1540 -819
1542 -177
1537 -1426
1538 1390
1539 -299
1539 -1262
1540 46
1542 -187
1538 -555
1538 1105
1539 -1160
1540 -842
1539 -2088
1539 -1835
1537 -326
1540 -1171
1542 -1806
1540 -884
1538 -755
1540 1429
1538 1265
1541 -2533
1538 -2911
1538 4318
1540 -1689
1537 -4005
1538 2711
1537 -1637
1539 1931
1540 1402
1539 453
1540 161
1540 200
1542 852
1539 1346
1539 512
1541 1236
1538 1663
1541 -2999
1542 -765
1540 -1203
1539 -459
1537 -1
1537 -2883
1538 1595
1536 918
1539 -2211
1540 -1311
1538 -2450
1539 2854
1540 3746
1539 1989
1540 101
1537 1987
1541 208
1540 -1588
1538 -415
1538 1116
1537 -28
1538 -194
1542 -886
1539 -2488
1542 -1013
1538 -649
1537 -1266
1539 842
1537 203
1537 708
1542 1105
1538 114
1541 691
1537 9
1537 1062
1537 -1974
1540 611
1537 2578
1539 -83
1540 -1774
1539 -3704
1537 -726
1540 -1160
1539 -814
1538 -1214
1540 1437
1539 1592
1538 250
1538 165
1541 -123
1538 -833
1536 1313
1541 -464
1541 -246
1542 -1862
1538 -1716
1538 2787
1538 -199
1539 -2361
1537 -470
1537 -798
1539 -1274
1537 -74
1536 -6
1539 456
1538 -163
1539 896
1536 920
1540 -1003
1539 -2221
1539 -2146
1539 -1846
1537 -84
1541 -1944
1538 -2262
1538 3122
1538 -1813
1541 1093
1538 1184
1539 -894
1539 -1297
1540 -2474
1537 -805
1540 -407
1540 -524
1538 -1171
1537 1913
1541 -365
1540 -2764
1536 -444
1542 -1419
1539 -717
1539 -1825
1539 -519
1538 -182
1542 -1107
1542 -388
1539 -114
1539 -1113
1539 -970
1541 -326
1536 -417
1536 742
1538 -1914
1537 1201
1536 1112
1542 -2645
1540 -2650
1539 -22
1542 -1267
1538 -2588
1539 2569
1542 3096
1541 860
1539 2351
1539 3034
1539 -1579
1539 1024
1538 3454
1542 -3182
1541 -4559
1536 1206
1538 -6119
1540 4957
1540 2927
1538 1655
1542 2279
1541 2382
1536 916
1540 1323
1538 911
1541 -1188
1541 -341
1541 -1264
1536 -259
1538 -685
1538 967
1538 -1455
1539 78
1539 2047
1538 2832
1538 -3739
1539 2826
1536 1075
1541 1288
1540 1285
1541 2385
1540 677
1540 2330
1536 464
1539 988
1540 -1526
1536 1063
1537 -1692
1538 -2861
1540 8296
1538 7278
1538 -2394
1538 -778
1538 -802
1539 367
1538 1463
1541 -1464
1541 -2577
1537 -1912
1538 -129
1536 623
1540 1802
1538 1100
1540 -1960
1541 -981
1542 -1708
1538 -2159
1537 325
1541 2680
1539 330
1536 -1624
1542 2614
1538 6710
1540 -1629
1541 -235
1541 -7407
1540 -3521
1537 -6923
1536 3282
1539 -970
1541 -395
1539 -934
1537 -1009
1537 2284
1538 -614
1538 -1765
1538 2321
1539 -604
1542 -2033
1536 -2988
1539 701
1540 2559
1540 3523
1537 1619
1541 -734
1537 -955
1541 1843
1541 422
1536 2374
1542 -2548
1538 -986
1538 -355
1540 -659
1538 -436
1540 1432
1538 943
1537 -1283
1538 949
1537 -1089
1541 2505
1540 2199
1542 1092
1538 95
1539 1165
1536 1880
1539 -3176
1541 -3235
1538 -2514
1542 2440
