1000 2000 1780365 142
336 511131
144 965647
180 1135375
24 526328
392 1080029
580 330738
482 190334
331 839954
801 93043
455 1563439
776 86381
237 695124
431 856323
255 580421
576 1583959
32 1463873
451 1219198
655 1656543
125 1328148
836 329337
823 1715559
219 358354
111 1174324
600 158930
100 1406768
525 1694894
328 1212870
52 700313
581 1665505
184 1391451
307 825983
17 1056905
651 997196
195 112105
753 245213
695 809331
395 11141
829 1722841
8 1639075
819 309007
171 1460315
648 251343
649 106271
659 818188
671 1505472
598 1097050
722 777314
542 88987
427 943213
693 175665
312 1695982
441 1005374
845 1062305
18 748763
386 322337
626 1459574
725 917845
719 168189
518 155289
814 1015525
765 688732
712 68026
309 342339
284 1096732
797 1411553
721 330154
50 1167016
621 890467
380 1556459
554 1006510
615 553174
128 1154165
140 1669717
662 351310
769 164906
391 1341943
574 1335584
706 1592767
305 1203522
424 819651
772 1454612
754 18054
516 1394956
785 563301
557 403926
468 906020
205 111705
606 1056
666 1462603
545 1638980
499 1530341
370 290325
78 1130388
372 821031
319 1562662
739 1619692
577 858508
731 459943
618 424857
747 428295
223 1777998
460 1302792
661 1219912
39 1097833
74 1070093
126 229684
273 268514
20 121848
264 1099314
216 696043
694 901481
345 1455898
37 1141829
266 1215507
585 1339459
496 955836
217 636250
855 1709064
99 1457042
231 1345641
433 1592308
713 1699357
647 310894
784 1704101
364 904842
461 25957
11 1718238
717 1751663
841 1301760
58 1086565
415 1330585
123 326482
476 558692
610 440947
720 302541
761 491102
376 494891
226 1660183
230 1724605
604 698773
165 1496937
768 525371
565 306420
303 1108145
456 1093347
644 235043
79 1066148
191 923911
533 905098
73 997878
448 1129310
591 21760
602 990846
208 1582433
656 1505557
624 31612
675 304549
304 1207038
178 927713
517 1058124
173 267232
535 852143
149 1444237
449 122684
805 69552
71 665269
367 1267368
569 836136
323 431315
767 545005
583 989925
337 1745972
194 368448
628 635679
710 1388277
285 499825
856 1300076
47 195051
447 469888
244 1242010
198 1239033
787 1434643
298 1747227
690 71529
105 941457
795 1323005
444 1251405
330 1402322
341 1497807
550 954760
300 1062304
548 1566239
792 1027884
709 929067
472 499453
507 48740
408 254088
848 322304
696 1653973
681 1345392
226 598976
226 727480
229 83420
230 1514476
231 1030712
231 1757755
231 1573586
230 658489
231 197241
230 103238
230 15745
232 98445
230 520116
232 4799
232 44041
231 3771787
232 126953
230 1597630
232 32881
230 3394036
231 8891169
232 91806
231 16879365
230 9023902
232 259292
231 5699542
231 11801562
231 34616911
232 575453
230 13599654
232 552155
231 67062054
232 692451
231 28056577
231 75883879
230 -17563528
231 -14972313
232 2029264
231 -4965563
231 604617
236 77646
232 -257141
231 139454
230 -19272
232 -5707
231 -62790
234 48610
232 8849
236 34762
236 22020
230 12961
234 10941
234 4089
234 11385
231 5555
234 2169
232 297
234 1195
232 726
234 -243
231 -307
234 -120
232 -337
231 74
231 409
234 -540
232 -330
232 289
234 -1134
236 -545
231 -829
231 660
230 -241
232 1196
234 -849
234 -1216
234 1479
232 -2188
230 1084
234 931
231 1044
231 -914
232 -639
232 46
234 368
235 22378
234 1549
232 322
231 131
232 23
234 383
235 869
235 436
234 27
236 609
234 846
232 583
232 1650
235 -3346
236 -3506
231 -1547
232 -1190
235 1110
234 1958
234 1706
234 1648
234 448
235 1265
232 1336
236 -2288
231 -202
235 -239
230 -1010
232 984
235 -419
230 -1968
235 1337
235 1308
234 3406
235 386
234 -99
232 1018
234 1160
234 858
234 58
234 1355
235 1669
230 1424
232 -2098
232 486
235 1262
236 1246
236 2050
231 1462
235 -2649
235 -250
236 -1153
230 -1748
231 793
232 648
234 -1064
231 -955
235 372
231 1740
232 -2978
234 1466
235 1671
232 315
231 1310
234 919
235 918
232 914
232 -2172
236 1236
230 329
231 831
231 944
232 -1693
236 1171
231 1089
234 -332
231 -1197
232 2658
232 4327
234 -2233
231 -9583
232 8056
231 -1275
234 -291
235 -62
235 -6264
235 -6099
231 -722
234 -2921
236 -1899
234 -886
231 2342
232 -9946
235 8477
230 8690
232 -2041
232 -1970
236 1085
232 503
235 -958
232 -774
232 1352
234 -1342
230 -177
231 -1524
236 2616
235 1061
232 1899
235 -1209
231 -878
235 281
231 224
234 -327
231 -1204
232 1770
235 -13
230 -1242
235 1962
232 455
232 66
235 -1012
232 -157
234 644
234 16
231 321
231 1282
234 -1375
232 -1013
234 -1865
231 -19
232 -1815
235 1694
232 77
234 3146
234 873
232 1846
232 -1783
235 2051
235 901
234 1206
234 1390
234 2627
235 1503
234 1486
235 3424
234 -2996
232 2299
230 -127
230 -1970
235 891
234 2978
234 1080
234 1210
231 2561
232 -116
230 -3652
231 4108
232 -361
234 -49
235 -273
235 -3753
230 -3583
234 2140
234 -405
235 4116
232 1092
231 1353
231 -1325
232 412
234 1743
234 1790
231 1207
231 -486
234 -549
232 -1280
234 2675
234 2407
231 1623
232 -765
236 80
231 739
230 -1723
235 1567
232 3338
231 -4279
232 1363
236 68
234 651
231 2423
234 -3012
232 -1421
235 -21
236 -230
234 -975
232 -279
232 483
234 -1015
235 -1107
231 -1064
231 273
233 6009
233 1092
234 431
235 234
233 -521
232 196
231 1240
231 -2689
231 -1501
233 2376
235 3946
231 7024
233 -296
235 -7515
231 -1064
231 -5087
235 3890
233 1845
232 3211
231 -427
230 -1770
231 2685
233 -107
232 -2039
233 1875
232 2048
235 -3519
235 -3501
234 -1760
232 -3577
233 274
234 123
234 2209
236 3209
233 3571
233 2160
231 3694
235 -1307
235 -2732
231 -3488
235 4520
230 2741
234 -1020
234 -1562
234 -1349
232 -747
231 -303
231 798
234 -603
232 -1135
233 1707
233 133
233 346
234 197
234 1236
234 1066
233 1708
233 815
233 680
233 1630
232 726
234 -1104
235 -582
234 -1278
234 -1153
231 -1133
232 135
232 595
233 1284
231 499
231 -669
235 67
234 983
232 1809
236 -538
234 -630
230 -2114
234 1439
231 30
233 813
232 28
230 2272
235 -812
232 -4056
234 1653
235 3815
233 4176
232 3837
235 -527
230 -460
233 -166
234 -2394
235 -2805
231 -1598
232 968
232 -1357
236 2435
234 1261
232 326
232 445
233 917
231 1339
232 -2949
232 4580
232 -1845
234 -1976
232 -1703
231 587
232 1493
232 -2289
236 1003
231 2196
236 -1957
232 -1352
233 1325
235 276
236 405
234 801
233 1330
235 47
231 858
232 -2076
234 1183
233 2841
232 1077
230 1320
233 -2623
234 -1918
233 -365
233 -1826
235 -2445
234 -1092
231 -241
232 -984
232 686
235 -364
231 -1352
231 2033
234 -3058
231 -72
232 -1745
233 760
232 127
234 675
231 822
234 -1012
233 1256
234 -927
232 -401
232 1308
230 -1183
235 924
231 263
234 -67
234 -779
234 -1157
235 -72
231 -1176
235 2797
235 21
235 327
232 2284
232 -1885
232 460
234 17
233 1171
234 129
232 961
231 -622
231 -1036
234 -11
235 10
235 2012
231 1027
236 -501
234 -62
232 -351
233 978
236 511
230 659
231 -130
234 -1091
231 -433
235 647
231 390
234 -815
232 -1174
232 -1639
235 5106
233 4042
236 5817
232 2823
233 -515
233 -1497
232 -689
231 966
233 -1395
232 -395
230 539
234 -2089
230 -2461
233 3526
233 1339
234 446
235 3768
234 904
233 2396
234 3721
233 1584
235 1789
234 1185
231 1771
234 -982
230 -853
236 2416
232 949
232 -1334
232 1307
233 -78
235 -212
231 -666
232 470
236 8
235 541
234 271
235 644
234 169
232 943
233 -1845
234 -1417
232 -702
236 -1005
235 -1311
235 -277
233 -424
233 -326
233 -1354
232 -470
234 1346
232 1500
233 -195
232 -1259
233 903
232 504
235 -1457
232 -1878
234 -1709
236 79
236 2854
235 3535
233 1566
233 1775
234 2548
234 439
231 2295
236 -2432
234 -2313
233 -340
234 -181
235 -1215
231 -197
232 -155
234 -705
233 -1737
230 -1773
232 430
231 1303
234 -1402
231 -1206
232 1336
233 1184
233 -517
235 -1956
232 -1406
236 2454
232 53
234 1083
233 2044
230 51
234 1206
233 1818
233 2208
234 1904
236 -1870
233 15
236 645
234 279
233 753
231 1546
235 -1241
236 -2315
232 -1241
234 1398
230 501
230 -911
230 1479
231 -1358
234 129
232 1261
235 -2216
232 1313
233 -1260
232 -2631
233 2210
234 1773
235 1784
234 1150
232 681
234 90
234 385
236 930
234 651
236 124
233 843
232 1028
234 -1008
232 -2859
233 3939
236 2622
235 1895
230 4441
231 -198
235 -2476
233 -4673
232 -1024
230 -1921
232 317
235 841
231 1286
231 -2000
233 2202
231 1839
233 -2302
233 -1804
235 -173
234 -1843
230 -2604
234 1215
235 1414
232 256
231 3138
232 -1906
232 32
234 673
236 248
234 180
231 1
234 24
234 851
234 956
232 119
233 829
232 1126
233 -1189
235 -1097
234 -539
230 -1727
235 1416
234 2204
234 1084
233 1108
231 1107
235 -1659
234 -1794
234 -303
232 -1543
232 1477
232 -1227
235 1622
233 2019
230 2605
232 -702
235 1519
233 -1334
233 -2003
234 -1969
234 -2679
232 -325
232 -757
232 565
232 -285
233 -221
230 -984
234 97
232 399
234 1527
230 844
233 -730
230 -148
234 -1097
235 205
231 -747
234 1148
234 1454
236 1488
232 208
233 1235
235 1343
233 785
236 1075
231 571
236 -1468
232 -1564
230 2685
235 1892
230 -1925
232 1234
231 -133
233 -578
231 -2176
236 2795
232 741
231 733
231 119
235 -571
235 582
232 -939
233 -739
234 2013
234 694
231 1750
235 -1382
234 -2795
236 -96
233 -464
234 -2795
232 -746
233 -53
235 -1213
232 -1137
235 727
234 1411
234 1498
232 1414
235 -1026
233 -142
231 -747
233 42
233 228
231 476
231 -253
232 107
233 -272
230 -446
234 83
230 422
234 675
233 907
235 885
232 543
236 -1235
232 -819
230 1412
232 -389
232 -865
231 -1191
234 1074
234 445
231 2060
234 -1629
234 -2321
231 -1543
231 1628
233 1072
233 -521
234 2056
233 -2030
233 1237
232 -2292
230 1126
234 602
233 115
232 29
232 668
232 -1120
230 2301
234 -3017
235 -1656
232 -1902
236 997
231 1076
235 -1802
234 -1804
235 -496
233 -818
231 -54
232 -491
231 -452
231 326
232 -200
231 1292
235 -1700
236 -1273
231 1472
231 -4703
234 1489
231 2484
234 -571
232 -1115
233 937
230 2169
234 -3574
234 -2356
233 -2077
236 -1721
236 -106
231 -3343
232 4314
233 -4190
234 -1316
232 -5553
234 2060
235 443
232 5400
232 -526
235 -2676
233 -1479
233 -3238
234 -2684
231 -3485
233 3739
234 2594
230 2472
232 -2334
234 570
230 1761
232 -29
234 -797
232 -102
233 -670
236 -259
232 57
232 -103
235 1063
230 94
230 -352
235 408
232 612
232 -1538
234 378
234 1366
232 452
230 1175
230 -1646
235 -1371
233 80
233 868
231 930
230 32
235 692
230 1382
234 -2294
232 -1852
234 -1317
232 1979
231 -2402
233 2891
230 2865
236 -3881
234 -4074
232 -3124
232 2208
230 -1230
233 685
234 1420
234 665
232 1351
235 -1517
236 -2576
231 -2337
232 3373
233 -3566
230 -4426
234 4693
234 4911
233 3019
233 3684
234 1296
233 1409
233 312
236 5326
232 3411
234 -2391
232 1525
233 -17
236 -2084
230 -946
232 -1908
233 749
234 1276
231 1389
233 -1097
236 -51
231 -2573
234 3872
231 285
235 1208
232 1742
232 -1431
233 2844
232 435
231 2051
233 1585
234 -3108
230 -1074
232 -952
235 1438
231 1394
234 -2706
231 -1782
233 1164
233 157
231 774
232 340
232 -1077
233 1390
233 1519
230 1755
234 -978
233 -1128
232 1916
230 -1532
234 1413
232 -3088
234 435
233 2568
234 1393
233 738
234 1217
233 2147
233 1522
234 312
233 2970
236 4139
236 1667
236 2160
236 3277
231 2804
234 -2598
234 -2764
235 -2685
233 -277
232 -2196
236 2861
233 3322
232 1163
231 897
236 -825
231 -2486
230 2395
234 -719
232 -639
236 -385
235 -570
233 -876
232 -259
234 458
233 478
233 -232
234 643
231 925
235 -1166
232 -1603
231 129
234 1444
231 758
233 -947
230 -154
232 922
233 -1794
231 -1946
232 2659
235 -3646
234 -2289
232 -2234
233 915
231 2034
231 -2711
233 1877
231 479
233 612
233 2005
231 2160
230 -2960
231 3552
236 -1701
236 -256
236 -1667
234 -1809
232 -3655
234 921
236 2046
230 3887
232 -4401
231 4379
234 -4662
233 -3523
233 2940
234 -3739
236 -1104
233 -1732
233 -379
233 -3030
231 -4002
234 4783
230 798
233 3264
232 859
231 1148
233 -1619
230 -99
235 -1927
231 -1327
230 2095
233 -1921
235 -2347
231 -3842
231 2328
232 284
233 -531
232 -953
233 1113
231 2068
230 -434
234 -811
234 -2613
232 -1252
234 461
233 445
231 1495
232 -2797
235 3945
230 621
235 2767
236 383
234 2680
236 2406
233 55
232 2051
232 -823
231 -1275
233 2591
233 112
232 950
234 1010
232 269
233 -822
232 -368
231 805
234 -1668
235 -2168
231 -1125
234 622
233 849
233 810
233 191
234 1466
233 136
233 789
231 175
232 1094
232 -1984
235 1676
234 1619
233 1732
231 1520
231 -1086
232 509
234 -617
233 -683
235 97
234 1422
235 329
231 740
233 -284
233 -1752
235 -1807
232 -1300
234 771
232 451
233 815
231 940
231 -109
236 -1243
234 -1158
231 -1607
233 2948
233 2027
234 2939
232 2946
233 -681
235 -3824
233 -4420
235 -1774
231 -1747
230 -154
235 249
231 867
233 -2173
231 -1310
231 1495
234 -1855
236 -1198
233 -1958
233 -1750
232 -644
236 -1355
231 -869
234 1036
234 700
230 1732
230 -1446
234 299
231 1271
230 -3006
231 4927
236 -5924
234 5171
235 -4205
235 -2925
233 -6451
230 -1674
234 -2319
232 -2467
234 2997
234 3261
235 459
236 2218
232 2588
233 -2038
232 -2418
233 2241
234 2955
236 4
233 2041
234 573
233 1590
233 1064
233 2405
236 1771
234 1963
232 531
232 1220
232 -1314
233 169
230 1972
231 -1483
235 394
232 757
233 -2007
232 -343
234 -825
233 -1266
230 -365
233 661
234 403
234 689
230 715
234 -1004
233 -983
233 -1525
232 -602
234 -613
231 -463
233 438
233 905
235 1572
233 1635
232 1697
230 -931
232 -1095
234 1383
232 1177
236 -220
232 -382
233 -313
234 -713
233 -692
232 -39
231 -446
235 357
234 1671
236 692
235 396
233 617
231 1347
235 -1834
231 -2647
232 2939
234 -3073
231 -832
232 -122
232 -1122
236 610
236 1341
231 884
232 -785
235 1100
236 495
232 968
230 -663
236 654
236 1093
232 1780
230 -3250
234 -759
231 3166
235 -2820
236 -946
232 -156
232 -255
236 -1493
234 -743
234 -317
234 -2297
231 -223
233 -1966
234 -1182
235 -1038
236 -1080
232 2127
235 -1452
233 -5055
232 -4238
235 1011
235 1853
235 1968
234 1137
232 2905
233 -2156
234 -313
232 -2090
232 300
234 43
236 444
232 10
234 132
234 1714
232 768
236 -997
234 -326
236 -863
233 -1034
232 -1323
232 2102
233 -365
233 -547
233 -2427
235 -517
234 -2309
232 -694
235 -1697
230 -566
231 631
230 -1741
234 1611
232 2183
234 -1705
230 -1340
233 188
236 64
234 364
233 367
232 1383
235 -1636
234 -428
231 280
232 -3110
233 2836
230 2100
233 -996
231 -1200
232 573
232 1615
232 -585
233 -2352
234 -1769
234 -1135
233 -146
231 -1942
234 3428
235 1671
232 2318
234 1617
234 -2649
230 -2163
235 682
232 3171
231 -3545
233 2243
236 351
234 431
235 3816
232 754
235 777
236 1275
234 1185
235 1447
236 1451
236 1436
231 1555
232 -338
232 -1683
233 275
235 3133
231 1749
234 -420
232 -205
230 -1130
232 857
233 -656
235 -114
233 -3
236 -849
231 -437
236 1084
235 714
234 1210
234 197
234 1059
235 180
232 1249
233 -886
233 -609
231 -1342
233 899
233 547
230 232
233 395
232 718
236 -629
234 -331
235 -795
234 -254
234 -749
233 -1456
235 -1763
232 -1482
233 -2637
233 1252
231 1272
232 -1500
232 -839
233 157
232 -1050
230 2204
232 617
231 752
233 -646
232 -496
236 787
233 908
230 264
233 -866
230 -965
232 1128
234 -1503
234 -1234
232 -54
233 -1282
231 -1398
231 -2248
235 2926
235 6965
235 3400
233 1813
230 884
232 5362
231 -6020
233 2229
233 6021
231 3006
232 8
235 936
230 727
234 -2226
230 -2020
232 232
234 2294
235 1844
233 1625
233 342
234 900
236 2444
234 2351
234 2437
230 2257
231 -1674
232 701
230 -608
235 1633
232 1745
230 -2330
230 1885
236 -1543
234 -1947
230 -488
231 -1436
233 248
232 736
236 1364
235 837
232 909
231 -1813
230 194
230 1847
233 -2017
232 -568
231 -1333
235 2157
231 2046
232 -1646
234 821
233 1070
235 464
231 2298
232 -2864
236 3018
235 1215
235 245
230 140
233 2932
232 2470
234 -410
235 -1407
236 -866
233 -2030
232 -481
234 -896
236 -1252
234 -652
232 -2308
231 3015
231 -3523
235 343
232 2437
236 -222
233 -1313
236 -1977
234 -326
232 -301
234 -425
235 -74
233 -1101
231 -819
233 507
235 304
230 351
232 855
232 -203
235 -1628
231 -998
232 799
232 -147
235 -724
231 -108
233 640
233 679
234 1065
231 861
232 -1180
235 1042
236 275
233 1540
236 681
236 1271
234 458
232 736
236 -1578
231 -261
233 -1019
234 -1137
235 -555
234 -639
233 -238
236 -465
234 -796
231 -927
231 873
235 -1063
233 -107
233 -926
234 -459
232 -279
235 328
232 995
233 -458
233 -1278
234 -1905
231 -304
232 -174
233 -825
233 -1043
236 -1080
233 -1248
230 -270
231 -559
235 983
235 178
230 413
233 -1248
234 303
236 267
233 655
231 289
233 -640
230 -967
234 263
233 1021
231 1044
235 -1050
233 -951
231 -505
234 35
233 602
232 169
234 1108
235 1137
234 168
232 536
233 -7
233 -1831
233 -426
231 -1318
234 617
234 2394
233 205
235 2470
233 1587
232 745
234 461
232 840
233 -1651
230 -275
233 -1344
235 -1177
235 -1448
234 -1427
232 -1361
235 239
232 469
233 609
233 271
235 1861
232 1029
235 -1215
236 -962
230 -1328
233 770
236 1854
235 1995
235 -1697
232 2459
230 -856
234 -2295
232 -1858
230 1917
231 -801
234 -999
232 -449
235 1637
230 1572
231 -659
233 -742
236 -1566
235 -2037
232 -1108
234 1971
233 545
233 363
232 977
233 -997
232 -21
235 -623
236 -1637
233 -1536
234 -640
236 251
232 -768
233 579
233 1500
231 1583
232 -1289
236 787
232 373
234 -1363
231 -689
234 1369
233 1607
230 -354
230 598
234 181
232 766
234 -1686
235 -2122
233 -503
233 -1613
236 -1248
236 -1508
231 -1336
230 1741
232 -1731
231 142
234 1423
234 2012
234 1050
233 1303
232 2067
231 -841
231 -1954
232 1073
233 1021
232 283
234 -692
230 -652
232 503
230 355
231 -837
230 64
231 6
232 79
234 1255
234 1455
236 168
235 682
234 84
233 1822
233 1375
233 1688
235 1545
235 1240
233 890
232 388
230 612
235 -1491
232 -77
232 -529
230 843
231 -2121
232 1489
232 -400
235 544
231 221
236 -459
232 -539
233 878
231 579
232 -1088
234 2214
233 495
234 2917
230 1553
234 960
234 -1364
233 -1741
230 -670
233 1301
234 221
232 272
233 -101
234 65
235 -351
232 -606
232 1586
234 -1950
232 -2008
231 1107
234 -1307
232 -767
231 445
232 616
231 -1190
230 2006
233 -449
232 -2992
234 928
235 1976
235 -3432
233 3108
235 1641
230 929
235 1091
230 580
232 654
232 -783
233 722
230 1548
233 -197
233 -187
232 -1912
234 1317
232 1139
233 -1335
232 -1808
231 1705
234 -1220
234 -737
232 -1659
233 2835
231 2813
235 -3915
233 -1404
234 -2369
236 -1459
234 3929
231 -2691
233 1294
234 1024
232 2647
233 3861
232 -3478
232 -3183
232 7203
233 -3936
232 -4608
230 1201
234 3214
236 2876
233 84
233 2767
233 1579
231 3249
236 -823
236 -1458
236 -3377
233 -1271
232 -2279
234 1160
234 1431
230 1580
234 -412
234 -2612
232 -3320
235 2127
234 1644
231 1395
236 1457
235 425
235 1830
232 1398
234 -1588
232 -1206
233 389
231 556
234 256
233 493
231 269
233 -530
233 -76
233 -873
233 -648
235 -626
233 -1103
236 -334
232 -856
230 722
231 -975
230 2014
233 -1940
233 -1985
233 -89
233 -1268
231 -3144
234 4374
234 4268
231 317
236 255
234 1692
235 4170
230 3655
233 -4870
234 -4380
235 -4913
234 -2352
233 -3845
234 -4057
234 -443
230 -2611
234 1034
233 1665
232 1267
231 -617
233 -199
233 -516
232 -452
233 792
231 366
231 904
233 -1020
233 -1046
235 -587
233 -364
233 -2243
236 -2606
231 -1919
235 3106
234 407
232 876
232 917
232 -1378
231 2150
235 -1587
233 -850
233 -1036
234 -1213
233 -3962
232 -1157
231 -1123
232 1116
231 -115
232 -672
235 274
232 756
234 -482
233 -1317
