1000 2000 1780727 216
415 508514
743 1181769
547 109185
371 1499432
254 539013
602 1389585
677 1105550
154 1564745
88 1514698
40 489106
329 210934
739 1274981
544 1512939
188 1242735
35 759762
540 855230
455 1166274
343 1089338
24 683603
232 1582448
373 206832
564 1630999
181 760624
21 426695
403 402202
380 412994
541 81588
276 544577
393 1536737
206 368805
745 686371
635 76433
523 1553418
392 1420489
186 339313
319 619259
666 1675407
372 1612751
124 577607
761 77397
778 885839
243 1721221
503 1381335
479 622209
507 269325
686 439789
275 1287526
509 1339163
228 297696
173 1158109
491 1777367
15 173157
149 496442
717 798272
348 1633361
60 1285
421 670785
53 289999
385 1562806
204 767516
678 483206
514 1068025
527 1464994
729 345765
78 624243
649 134816
759 1059679
463 572637
623 1600544
86 807514
121 1187776
587 834812
444 268876
165 1521191
756 1756290
598 1735880
332 1364807
13 379140
217 558840
136 493311
636 279800
556 1332496
38 1489814
123 589714
273 897163
398 173724
593 702388
370 480901
75 912404
29 1767045
519 361762
117 278804
703 170372
409 579682
234 423380
366 1194182
384 1207687
198 914604
637 436680
77 991445
699 317555
660 1243347
633 469300
94 1202736
754 1481539
719 552790
613 751609
36 1346745
128 1512400
285 265871
490 537681
263 730045
629 1121666
590 1123756
515 337998
658 893048
670 17829
569 572029
259 1691241
537 1042051
62 349827
305 1031795
734 893059
485 1090155
464 1722038
500 220204
176 1563087
416 296800
764 1552632
241 1137418
83 737526
258 1226571
220 768240
563 1078144
265 967751
746 63017
34 894906
429 889744
293 1653921
8 93397
439 1488945
221 914726
705 1413557
67 340741
50 1268439
338 301256
560 607092
103 216868
288 1245285
481 1405591
696 1476550
224 483650
9 797215
207 1635961
284 523353
229 431290
766 591732
733 1346053
404 12520
643 1234675
468 984331
512 970926
340 1569043
37 1267021
180 1677390
7 519821
79 949505
653 1672577
6 160696
354 1405625
64 1659125
722 1133479
621 950130
440 1318103
536 488857
264 1532897
407 1752812
203 1239105
44 792568
322 1494137
654 58921
763 525135
571 504021
548 1376288
684 799784
367 763815
594 1415966
30 108987
96 219642
401 1040598
646 210145
227 580196
496 1114612
389 661752
170 931964
740 1435984
728 1095210
552 27220
445 1342788
95 1448597
491 70291
491 1425262
491 2885317
491 2173992
491 2257465
491 3172731
494 33131
494 31708
494 7534
491 -7490956
491 3743373
494 40004
494 52664
491 4777484
494 4030
494 29245
494 68614
495 69534
494 107166
495 7475
494 274448
495 36280
491 7764858
495 70894
495 123079
495 88078
495 136199
495 26074
491 10411171
494 130630
494 488030
495 309607
494 1124828
495 113255
495 476875
495 456529
495 109179
494 806007
495 1387847
491 29216030
494 2335248
493 12385
493 3739
495 1728875
495 1885393
496 675174
496 567118
494 5038288
500 145944
493 6767
493 12271
491 60634554
495 4893427
491 31768790
493 15362
500 192538
493 46967
494 8027202
496 1528908
496 3144524
494 15224412
494 26958038
493 79915
494 56951237
495 11829345
495 23286143
495 1233287
495 34678994
494 24163887
495 14465274
493 -30589
493 -65067
495 -6828643
495 1405705
494 -190638
494 -135489
494 103578
495 -77318
495 71320
491 -51319
500 9779
494 26013
495 -15872
494 5731
494 1220
494 -1109
493 905
493 -567
496 785
495 -1118
493 117
493 1320
493 -1758
496 797
495 -221
494 1009
494 -797
494 -18
495 -791
495 1618
495 -832
494 -388
496 757
495 -588
494 984
496 -1105
496 527
496 -117
494 -240
496 759
493 -997
495 1201
496 -2501
495 420
500 2872
495 2072
491 -1674
495 2211
496 -2461
493 478
495 1412
495 -298
494 -1426
496 32
500 2316
496 1258
500 -298
495 -596
496 254
496 -360
491 1050
494 -96
495 -872
500 840
493 479
494 -185
493 -765
494 -354
494 180
496 2668
494 -4083
494 5590
494 -2621
495 -758
495 1179
493 -1861
495 740
496 1090
500 -1213
494 -2125
496 774
496 496
493 -1255
494 2978
495 -1623
494 -1535
492 3622
496 -3656
492 158
496 2543
492 -3069
495 2831
492 -6
495 -134
494 -846
494 -438
494 136
494 364
495 -471
496 1244
495 -2642
495 2858
494 -2079
495 690
493 424
494 -1304
496 2033
494 -2903
495 4162
494 -4377
496 339
495 2658
496 -1265
494 55
494 1185
496 -1300
492 651
492 -440
496 1056
494 -1317
496 435
495 -623
496 855
495 -102
494 -677
493 769
495 -923
496 477
495 98
496 513
493 -1551
494 1922
500 -144
494 -504
494 -218
493 504
495 -1807
492 199
494 1269
496 -436
495 1405
493 -64
494 -181
493 -494
498 56632
494 -1726
494 890
498 408
498 226
494 251
494 1160
492 -264
495 -337
498 -159
496 -867
493 1907
496 -1848
493 449
493 1000
495 -34
496 -2518
491 3428
495 -90
496 -1896
496 595
491 -228
493 -945
494 192
493 18
495 460
494 425
493 -1138
491 926
496 -63
496 -7
496 -880
496 2411
494 -3268
494 1697
496 -394
494 757
493 -658
493 366
495 -915
496 911
498 -122
496 -901
493 1356
496 -1361
498 -348
494 1750
493 -1307
498 1302
500 1097
492 449
494 -1004
495 78
493 1385
495 -1559
496 77
493 6
496 2647
496 -3062
492 233
500 1822
495 539
495 889
495 -368
498 729
494 752
492 -249
493 -1986
492 632
498 2673
495 1296
495 -668
495 687
498 -1569
494 -92
496 -227
493 -19
493 -452
496 478
495 -186
493 511
495 -343
495 -1031
496 2460
496 -1959
495 391
494 -629
495 1718
493 -1520
495 -1842
495 851
496 857
496 1291
498 -2076
493 -10
495 -363
494 -913
494 1644
496 -2684
491 2740
494 -2583
496 256
492 1354
492 -1240
495 1365
494 -108
495 -744
495 1886
496 -2915
492 1233
493 1039
495 -1069
495 577
492 -887
495 1861
491 -2620
492 53
494 1460
496 -224
494 115
494 233
494 -241
491 591
494 -1263
495 2415
496 -1362
500 -851
498 -850
496 -1258
494 2064
500 -1099
494 -775
495 -934
496 1766
496 -1070
491 -382
492 1413
492 -2335
500 535
495 314
498 390
493 322
496 86
496 950
493 -519
494 -856
500 2344
496 2198
495 -2951
496 4002
498 -5012
496 -5637
495 3965
495 -2198
495 2474
492 -523
496 -591
496 67
495 210
495 -66
500 -110
498 -317
495 -912
496 2090
496 -654
494 -1889
494 658
500 834
498 554
495 2190
493 -180
496 -500
498 -1623
496 -1885
496 2673
496 -1163
492 -309
494 -127
495 -745
495 1609
492 -662
498 -365
494 -293
496 246
493 -1119
496 1598
498 -2160
491 -146
492 -13
495 953
495 -511
498 -994
494 -692
493 -103
495 -566
496 1573
500 -2181
498 -1343
494 -655
494 -1873
492 83850
493 -13531
492 -52543
495 -23017
495 3473
495 1975
494 1000
495 1145
493 -438
496 -1258
495 2323
494 -1109
495 -1720
493 2492
496 -2704
500 356
500 1593
494 2354
495 -1920
498 1850
495 1661
500 -88
498 -1580
498 -1493
492 -252
498 -1482
498 -453
495 -616
498 1261
496 358
492 -201
496 244
493 -78
493 -595
494 999
495 -1269
494 1684
496 -1453
496 287
495 66
493 189
493 -289
496 1093
493 -1238
495 4
494 827
495 -1488
493 2358
495 -1345
497 24568
497 942
500 -358
495 241
497 -1161
492 -872
495 1774
496 -2605
492 -3990
497 1724
496 10651
495 -7519
496 1684
495 480
494 222
498 -208
496 -100
495 591
496 -1238
494 497
493 142
494 1093
492 -1182
492 285
493 -527
495 442
493 -328
495 251
493 107
498 -462
492 -416
496 948
494 -1989
500 3484
497 1502
492 1190
493 111
493 684
500 -1708
494 -222
495 -987
497 1694
495 691
491 -949
494 449
491 448
491 120
494 -63
495 -113
497 76
491 -921
498 970
495 594
497 110
496 932
496 -398
498 -303
498 -1226
493 -967
495 230
492 233
494 1266
493 -2374
496 2518
497 -1404
496 -2502
496 3302
495 3152
498 -3865
497 -10289
494 -8894
496 6539
494 -1024
500 -1897
492 -1817
492 1230
495 -96
498 -1099
497 -1048
496 -1247
497 492
498 1207
494 397
494 -542
496 15
496 799
492 -1683
498 2428
496 392
496 890
496 991
495 -1566
496 -815
497 1063
494 3782
496 -3239
496 146
495 1581
493 -594
496 -1221
496 123
498 1349
497 2566
494 489
495 770
492 -759
496 1310
492 -879
494 -1157
497 1965
497 900
492 316
493 854
493 -359
495 602
495 -1361
495 -194
492 1945
495 -237
495 -1716
496 3063
500 -1445
496 -3512
496 3459
493 -1698
497 -782
500 -452
497 -709
495 -49
494 -608
494 1498
494 -872
492 -991
493 2660
494 -1469
491 -250
496 -408
495 1761
491 -2189
496 1391
497 -532
496 -985
495 1276
492 -294
496 -378
498 -329
498 -262
496 -454
500 1151
495 473
493 -913
496 1418
498 -1740
495 -1689
496 2335
494 -3372
497 3755
496 3751
496 -2872
500 1075
495 3057
493 -1425
495 -71
495 -347
497 -847
492 -864
500 1433
494 2381
500 -2151
496 -2312
497 158
493 795
498 -343
498 -274
496 -743
498 809
493 271
496 149
492 952
500 -959
498 -1534
497 -725
492 -794
497 464
500 232
498 947
494 269
491 -37
497 -1113
497 1086
496 -145
497 -655
498 -570
496 -3
497 -330
494 -163
500 963
495 1203
494 -2036
495 555
496 1235
495 -362
494 -589
495 568
498 -67
492 -1354
497 1716
495 251
495 -402
491 1167
494 -505
496 970
495 -564
495 876
494 -2279
496 1052
496 1502
494 -2898
497 3624
498 4071
491 3746
493 -1807
493 -514
495 54
492 1207
496 -1192
492 1289
494 -172
500 -1022
496 -1262
497 -9
494 435
498 -660
492 -477
494 1916
495 -2457
492 2014
495 -2923
497 557
497 3253
496 1066
491 2159
496 -2423
495 3077
498 -268
497 -2722
497 -350
497 -1359
498 -3016
498 -4592
495 -2446
495 1932
494 -2183
493 562
493 33
498 615
497 1135
495 632
495 -1247
493 808
493 -589
496 1341
495 -1514
493 2150
497 -2263
498 -467
498 -2670
494 -712
496 -2300
494 1332
497 421
494 672
492 -706
497 938
496 1429
497 -2334
492 -2646
491 3644
498 -92
494 -1243
496 2701
497 -228
493 5235
494 -16784
500 -15244
495 12316
500 -9336
494 -5265
500 1548
494 1842
496 -1203
498 581
496 1313
500 -826
491 -1194
496 835
495 -2323
496 824
494 565
498 351
496 47
497 419
492 113
491 612
497 -401
495 -20
494 -1769
495 859
497 1680
493 1716
495 -3612
493 1101
500 465
495 379
494 1256
492 -60
497 -1171
496 -1572
496 3151
495 -490
494 -2231
500 2045
495 1513
497 -43
496 -90
496 -1368
495 502
497 1064
494 781
495 849
497 -3686
496 -1919
496 1185
494 -221
491 -972
496 1585
494 -2987
496 2289
496 -408
492 -828
492 820
496 64
494 -1086
500 2506
494 292
496 -800
495 1301
496 1359
493 -634
500 -285
494 -971
494 566
496 -913
493 2545
492 -4251
493 4621
494 -2076
497 -867
495 -192
498 92
495 171
491 165
495 -838
494 1608
493 -2607
493 2697
496 -243
496 -1106
494 998
496 -865
494 692
492 -1933
493 3022
498 -3074
495 -226
498 -2014
496 -1115
494 -1388
495 2347
491 -2424
492 2547
493 -2300
496 695
497 672
494 299
495 -957
496 568
493 1497
491 -1165
495 157
498 -289
494 -242
498 -1125
496 395
498 -227
497 -746
498 -449
495 -197
495 -675
496 762
496 -259
496 495
493 -1638
496 1725
491 -1252
497 2444
498 2400
492 555
495 -245
494 401
495 101
496 -1060
494 -1345
495 1454
494 2576
491 -282
496 -1065
496 -1476
500 3262
495 530
495 924
495 -534
498 297
498 912
498 181
497 1391
495 1367
498 -311
497 -3188
492 -2648
493 204
498 280
494 1110
497 562
494 -920
496 477
497 490
498 1158
496 1481
497 -514
497 -1975
494 -1810
495 2521
500 -4014
493 -3728
500 3913
493 2630
493 -216
495 -1059
493 287
493 1300
496 -83
495 -1020
492 1537
494 -3053
497 2568
498 434
494 329
497 3131
493 2105
494 -1841
497 3354
498 2910
496 158
494 2220
495 -3018
496 3728
496 -4052
500 3974
494 3110
496 -1712
495 281
492 255
497 342
496 551
496 -877
494 397
498 826
495 1197
497 -2268
498 -1459
494 -42
496 -2841
495 132
496 1174
495 1333
494 1670
494 -4953
496 4217
497 -1211
500 -1625
497 -2439
500 -111
497 -3681
493 -905
493 -1475
495 238
493 711
498 -567
491 -880
498 862
494 526
495 757
498 -2021
498 -1436
496 -2048
497 2367
494 3282
495 -3179
500 379
496 476
498 2126
494 1433
495 -1604
494 2706
496 -2730
498 415
497 1581
500 1912
495 865
498 18
496 61
497 548
495 633
495 -456
492 -131
491 320
497 -605
496 -1224
497 2398
497 1652
493 -1549
498 340
493 3210
496 -1274
495 617
496 -404
495 180
495 1108
497 -43
497 -1394
492 -1909
493 2889
494 -192
497 -765
495 -4273
495 3721
498 -2317
494 -1530
496 -28
493 1410
497 -375
495 -512
498 -1166
496 -1742
494 2760
497 -3530
494 -3216
495 2308
491 1266
496 -2422
491 2095
494 -3176
493 1713
492 -482
494 30
496 1572
495 -921
498 -750
496 -1019
496 1075
492 -176
496 -386
495 946
495 -1239
493 1137
495 -615
496 -991
495 1194
496 -696
494 1356
498 -1454
492 -2063
494 2546
495 -973
498 -873
494 -1243
495 1012
491 -1015
493 2004
492 -682
495 -1582
498 1362
496 552
494 372
497 90
495 777
496 -179
495 -543
496 752
498 -1782
496 -1409
496 691
494 791
494 -1518
494 2173
497 -3004
500 -1885
495 -2404
496 2642
494 -2023
492 849
495 -1209
495 347
493 1920
494 -2121
500 1985
495 1462
496 -1977
494 1247
494 -461
495 1606
495 -765
497 -435
495 -383
498 -707
497 -16
495 -683
497 887
495 -8
493 1561
496 -245
493 -2079
497 2694
493 1997
495 -2167
498 1614
496 2682
496 -317
496 -1410
497 534
496 608
495 -545
494 1958
497 -2224
497 -3753
496 -1479
497 957
494 181
494 -971
491 2630
493 -3503
496 2325
496 -2031
495 962
493 345
498 457
495 383
497 -77
496 -1254
495 1272
493 -629
493 476
497 -861
493 -895
497 77
496 1212
495 -1097
494 942
497 -391
497 -744
494 -1391
492 2913
496 -720
495 -2711
497 3182
496 283
495 3595
494 -2800
492 948
492 -1585
495 258
494 21
493 1109
495 -61
495 -1127
494 2784
495 -929
495 -1291
497 1355
494 1838
492 -112
494 -350
500 -84
497 -1590
494 -345
495 -1847
494 834
495 -110
494 -739
496 3147
495 -4699
497 3661
496 6055
495 -5274
496 4617
497 -2247
497 -5087
493 -5467
495 2599
493 1303
497 -183
497 -2986
495 -2418
497 3434
495 258
492 107
495 1889
496 -368
496 -1523
498 3030
495 1185
492 -662
495 10
493 702
492 -751
494 886
493 -1680
495 3162
496 -2091
496 356
498 -287
495 -605
497 481
495 138
495 213
491 508
498 -1403
497 -1187
494 -610
497 483
494 1183
497 -1256
497 -1656
495 -571
495 -1016
494 1466
497 -93
496 -2399
492 2926
493 -2192
497 2586
494 2540
498 -1820
495 -2883
496 2674
496 -3103
495 1266
495 1317
497 -2088
493 -203
492 -333
498 -145
496 -1745
495 2346
496 -1121
492 673
500 -859
493 -1847
494 2208
495 -1751
495 1648
498 -369
492 -377
494 -213
498 -728
493 -1299
497 1288
495 917
495 996
494 -1269
495 1063
493 -786
492 624
494 -635
494 637
493 -854
498 707
493 1096
495 -2031
495 2922
494 -3605
493 4611
494 -3863
495 1238
491 77
492 -236
498 1062
496 642
498 -220
495 -1042
497 643
496 60
495 636
495 -750
497 1210
492 1291
497 -1096
500 -1683
494 -1947
497 1077
496 1092
491 519
498 -548
496 -130
496 -1160
493 2109
496 -2162
495 2668
494 -2609
495 1260
497 -1335
495 -823
496 1168
498 -2047
498 -1362
491 -1228
497 737
495 1729
497 -2139
495 -206
495 -91
496 -2088
497 1738
491 526
497 374
497 610
497 -194
500 465
496 1125
494 -1803
498 2083
492 654
498 2050
494 330
496 1778
493 -787
496 -260
498 -649
493 -706
494 1315
494 -537
492 -831
494 60
498 940
496 740
498 -436
492 -305
496 -82
496 513
496 -828
495 560
497 -1406
498 -1168
492 -141
498 -940
493 -260
493 1259
494 -2578
495 2074
497 1051
494 -1793
495 1410
500 -871
496 -1217
496 2568
495 -2180
495 1607
494 -2544
497 2838
496 945
498 2186
492 573
496 799
497 -2029
494 -1656
494 -99
497 -485
495 245
494 212
493 -1185
497 1135
498 2760
497 3226
491 4411
494 -3281
494 1772
494 -2755
497 2191
495 3227
493 -3283
496 2196
498 -630
493 1790
497 -4338
492 -1184
498 -1746
494 -2997
495 801
498 940
496 1519
497 -459
495 -1523
497 1722
495 390
493 1718
491 -1691
497 441
497 2010
496 568
496 833
495 -1799
496 2786
491 -861
494 -677
500 -1277
495 -1027
497 2447
498 385
494 157
500 833
498 642
495 1760
494 -1597
494 87
496 555
497 -994
495 -889
495 1372
496 -1820
500 374
496 195
491 477
493 1903
493 -2234
495 763
497 476
496 791
495 -1393
498 1885
494 1247
493 -210
494 -276
498 -9
500 -935
493 -491
494 1716
497 -1092
496 -1934
498 237
491 128
497 455
498 656
497 1712
496 313
497 -252
494 570
494 -735
493 297
495 86
492 -1039
498 505
498 90
498 2132
500 1782
498 2623
492 2436
498 -198
496 -254
492 -1673
497 1754
494 949
496 -805
498 1561
492 1346
498 -46
493 -2495
495 1901
493 -205
496 -874
494 248
494 1265
492 -1069
495 72
493 875
491 -1927
496 1487
495 -72
493 -372
496 869
496 -554
496 -139
493 -94
495 1145
500 -1378
492 1634
498 -3658
497 -3612
496 -5637
494 5044
494 -3
493 -3640
494 337
494 51
494 954
494 527
498 -948
494 -854
493 837
496 -182
491 -613
495 609
498 -197
494 -273
497 160
493 106
495 745
492 -1089
495 1218
494 1221
498 -1347
496 -717
495 -2757
494 3010
494 -800
500 -1064
498 -2108
498 -189
492 -1085
495 1505
498 -531
493 -1150
496 -769
498 563
495 2364
492 -2103
498 602
493 1282
495 -1691
493 533
493 506
493 -556
492 1502
491 -2893
496 578
494 -3088
492 4022
494 1391
497 -2963
496 -444
494 -611
497 -733
496 -760
494 1972
495 -1015
491 -1139
492 2337
494 -1630
498 515
495 804
495 -1823
497 1381
496 791
493 771
498 -1399
496 -1698
500 -2915
492 1519
495 -1352
497 2877
497 786
496 2105
496 -1849
497 1098
497 1086
496 22
494 1716
493 -2228
496 292
496 1857
492 -1864
494 2534
494 -2727
494 2388
495 -2799
495 602
494 1196
496 -978
496 245
493 1126
496 -1485
492 428
497 1088
495 444
495 235
498 -1033
493 -671
495 1454
497 -1516
496 -1077
500 823
497 436
497 934
496 837
493 -507
498 -518
495 -1012
496 1979
493 -80
493 -1441
493 348
493 72
496 -953
496 1483
494 -1818
496 72
494 325
494 394
493 1645
495 -278
497 -2302
497 -249
495 -1366
493 1262
494 -1696
496 36
496 1000
492 -683
494 201
496 539
496 -948
495 33
492 388
494 33
496 1235
494 2221
497 -2401
496 -5476
493 2479
497 -1197
495 -34
496 -703
498 191
497 953
495 132
495 -402
497 1105
498 1900
494 172
495 1620
495 -1088
494 1159
496 -1182
496 401
496 -896
493 678
495 -119
491 1071
491 -2800
493 1168
493 1881
494 -2006
499 37908
494 2392
495 -41
495 -540
495 -1398
494 -346
495 1087
496 -492
492 25
493 412
495 -302
494 975
495 -645
498 -709
494 -1003
496 1712
493 2245
496 -856
495 -5239
492 2031
495 594
495 758
497 -999
496 -939
496 53
495 717
492 -505
496 92
495 936
494 -1800
495 1257
497 -100
494 -54
495 -768
499 701
492 128
498 435
491 501
494 -1058
499 484
497 2216
495 1848
497 -791
492 -919
498 -1035
496 -388
496 621
494 -1502
500 2712
496 -977
495 4718
498 -1692
494 -645
498 -1548
494 -1593
494 -1041
496 2267
494 -3552
493 489
495 1867
491 922
497 -346
498 -3112
497 -133
498 -1553
496 -1625
497 661
496 1115
493 -2105
499 1762
495 1
497 3387
497 2080
496 725
496 312
492 1035
493 -1270
495 2019
495 -3598
496 76
495 1461
493 1647
493 -1011
497 -680
496 -668
496 2232
493 -2109
493 1358
494 -242
492 -938
497 1583
495 70
494 989
500 -1774
498 -344
492 -1981
493 717
497 836
499 983
496 444
496 232
497 -738
494 -641
492 1854
493 -2762
494 1691
492 -1389
499 492
495 1616
493 -277
500 -184
494 -340
496 942
496 -1870
493 1230
493 -239
499 67
497 1021
496 461
495 -509
498 29
496 674
493 -538
498 -949
493 -498
495 1700
491 -314
493 -2670
492 2757
493 -2336
497 3052
495 2789
494 -2303
491 1051
495 -1068
500 241
496 481
497 1622
496 389
497 -39
496 -112
498 182
498 790
500 721
492 261
497 -299
493 -163
498 388
495 733
496 -2178
499 3808
496 1045
499 1624
497 1510
495 165
496 1361
495 -2392
498 1051
496 3230
497 -1518
497 -2926
497 -1007
496 -3783
496 3343
493 -1586
